Day_(movie_time)	Views	Users	Rigor	Edits
-500	0.00000000e+00	0.00000000e+00	0.00000000e+00	0.00000000e+00
-499	0.00000000e+00	0.00000000e+00	0.00000000e+00	0.00000000e+00
-498	0.00000000e+00	0.00000000e+00	0.00000000e+00	0.00000000e+00
-497	0.00000000e+00	0.00000000e+00	0.00000000e+00	0.00000000e+00
-496	0.00000000e+00	0.00000000e+00	0.00000000e+00	0.00000000e+00
-495	0.00000000e+00	0.00000000e+00	0.00000000e+00	0.00000000e+00
-494	0.00000000e+00	0.00000000e+00	0.00000000e+00	0.00000000e+00
-493	0.00000000e+00	0.00000000e+00	0.00000000e+00	0.00000000e+00
-492	0.00000000e+00	0.00000000e+00	0.00000000e+00	0.00000000e+00
-491	0.00000000e+00	0.00000000e+00	0.00000000e+00	0.00000000e+00
-490	0.00000000e+00	0.00000000e+00	0.00000000e+00	0.00000000e+00
-489	0.00000000e+00	0.00000000e+00	0.00000000e+00	0.00000000e+00
-488	0.00000000e+00	0.00000000e+00	0.00000000e+00	0.00000000e+00
-487	0.00000000e+00	0.00000000e+00	0.00000000e+00	0.00000000e+00
-486	0.00000000e+00	0.00000000e+00	0.00000000e+00	0.00000000e+00
-485	0.00000000e+00	0.00000000e+00	0.00000000e+00	0.00000000e+00
-484	0.00000000e+00	0.00000000e+00	0.00000000e+00	0.00000000e+00
-483	0.00000000e+00	0.00000000e+00	0.00000000e+00	0.00000000e+00
-482	0.00000000e+00	0.00000000e+00	0.00000000e+00	0.00000000e+00
-481	0.00000000e+00	0.00000000e+00	0.00000000e+00	0.00000000e+00
-480	0.00000000e+00	0.00000000e+00	0.00000000e+00	0.00000000e+00
-479	0.00000000e+00	0.00000000e+00	0.00000000e+00	0.00000000e+00
-478	0.00000000e+00	0.00000000e+00	0.00000000e+00	0.00000000e+00
-477	0.00000000e+00	0.00000000e+00	0.00000000e+00	0.00000000e+00
-476	0.00000000e+00	0.00000000e+00	0.00000000e+00	0.00000000e+00
-475	0.00000000e+00	0.00000000e+00	0.00000000e+00	0.00000000e+00
-474	0.00000000e+00	0.00000000e+00	0.00000000e+00	0.00000000e+00
-473	0.00000000e+00	0.00000000e+00	0.00000000e+00	0.00000000e+00
-472	0.00000000e+00	0.00000000e+00	0.00000000e+00	0.00000000e+00
-471	0.00000000e+00	0.00000000e+00	0.00000000e+00	0.00000000e+00
-470	0.00000000e+00	0.00000000e+00	0.00000000e+00	0.00000000e+00
-469	0.00000000e+00	0.00000000e+00	0.00000000e+00	0.00000000e+00
-468	0.00000000e+00	0.00000000e+00	0.00000000e+00	0.00000000e+00
-467	0.00000000e+00	0.00000000e+00	0.00000000e+00	0.00000000e+00
-466	0.00000000e+00	0.00000000e+00	0.00000000e+00	0.00000000e+00
-465	0.00000000e+00	0.00000000e+00	0.00000000e+00	0.00000000e+00
-464	0.00000000e+00	0.00000000e+00	0.00000000e+00	0.00000000e+00
-463	0.00000000e+00	0.00000000e+00	0.00000000e+00	0.00000000e+00
-462	0.00000000e+00	0.00000000e+00	0.00000000e+00	0.00000000e+00
-461	0.00000000e+00	0.00000000e+00	0.00000000e+00	0.00000000e+00
-460	0.00000000e+00	0.00000000e+00	0.00000000e+00	0.00000000e+00
-459	0.00000000e+00	0.00000000e+00	0.00000000e+00	0.00000000e+00
-458	0.00000000e+00	0.00000000e+00	0.00000000e+00	0.00000000e+00
-457	0.00000000e+00	0.00000000e+00	0.00000000e+00	0.00000000e+00
-456	0.00000000e+00	0.00000000e+00	0.00000000e+00	0.00000000e+00
-455	0.00000000e+00	0.00000000e+00	0.00000000e+00	0.00000000e+00
-454	0.00000000e+00	0.00000000e+00	0.00000000e+00	0.00000000e+00
-453	0.00000000e+00	0.00000000e+00	0.00000000e+00	0.00000000e+00
-452	0.00000000e+00	0.00000000e+00	0.00000000e+00	0.00000000e+00
-451	0.00000000e+00	0.00000000e+00	0.00000000e+00	0.00000000e+00
-450	0.00000000e+00	0.00000000e+00	0.00000000e+00	0.00000000e+00
-449	0.00000000e+00	0.00000000e+00	0.00000000e+00	0.00000000e+00
-448	0.00000000e+00	0.00000000e+00	0.00000000e+00	0.00000000e+00
-447	0.00000000e+00	0.00000000e+00	0.00000000e+00	0.00000000e+00
-446	0.00000000e+00	0.00000000e+00	0.00000000e+00	0.00000000e+00
-445	0.00000000e+00	0.00000000e+00	0.00000000e+00	0.00000000e+00
-444	0.00000000e+00	0.00000000e+00	0.00000000e+00	0.00000000e+00
-443	0.00000000e+00	0.00000000e+00	0.00000000e+00	0.00000000e+00
-442	0.00000000e+00	0.00000000e+00	0.00000000e+00	0.00000000e+00
-441	0.00000000e+00	0.00000000e+00	0.00000000e+00	0.00000000e+00
-440	0.00000000e+00	0.00000000e+00	0.00000000e+00	0.00000000e+00
-439	0.00000000e+00	0.00000000e+00	0.00000000e+00	0.00000000e+00
-438	0.00000000e+00	0.00000000e+00	0.00000000e+00	0.00000000e+00
-437	0.00000000e+00	0.00000000e+00	0.00000000e+00	0.00000000e+00
-436	0.00000000e+00	0.00000000e+00	0.00000000e+00	0.00000000e+00
-435	0.00000000e+00	0.00000000e+00	0.00000000e+00	0.00000000e+00
-434	0.00000000e+00	0.00000000e+00	0.00000000e+00	0.00000000e+00
-433	0.00000000e+00	0.00000000e+00	0.00000000e+00	0.00000000e+00
-432	0.00000000e+00	0.00000000e+00	0.00000000e+00	0.00000000e+00
-431	0.00000000e+00	0.00000000e+00	0.00000000e+00	0.00000000e+00
-430	0.00000000e+00	0.00000000e+00	0.00000000e+00	0.00000000e+00
-429	0.00000000e+00	0.00000000e+00	0.00000000e+00	0.00000000e+00
-428	0.00000000e+00	0.00000000e+00	0.00000000e+00	0.00000000e+00
-427	0.00000000e+00	0.00000000e+00	0.00000000e+00	0.00000000e+00
-426	0.00000000e+00	0.00000000e+00	0.00000000e+00	0.00000000e+00
-425	0.00000000e+00	0.00000000e+00	0.00000000e+00	0.00000000e+00
-424	0.00000000e+00	0.00000000e+00	0.00000000e+00	0.00000000e+00
-423	0.00000000e+00	0.00000000e+00	0.00000000e+00	0.00000000e+00
-422	0.00000000e+00	0.00000000e+00	0.00000000e+00	0.00000000e+00
-421	0.00000000e+00	0.00000000e+00	0.00000000e+00	0.00000000e+00
-420	0.00000000e+00	0.00000000e+00	0.00000000e+00	0.00000000e+00
-419	0.00000000e+00	0.00000000e+00	0.00000000e+00	0.00000000e+00
-418	0.00000000e+00	0.00000000e+00	0.00000000e+00	0.00000000e+00
-417	0.00000000e+00	0.00000000e+00	0.00000000e+00	0.00000000e+00
-416	0.00000000e+00	0.00000000e+00	0.00000000e+00	0.00000000e+00
-415	0.00000000e+00	0.00000000e+00	0.00000000e+00	0.00000000e+00
-414	0.00000000e+00	0.00000000e+00	0.00000000e+00	0.00000000e+00
-413	0.00000000e+00	0.00000000e+00	0.00000000e+00	0.00000000e+00
-412	0.00000000e+00	0.00000000e+00	0.00000000e+00	0.00000000e+00
-411	0.00000000e+00	0.00000000e+00	0.00000000e+00	0.00000000e+00
-410	0.00000000e+00	0.00000000e+00	0.00000000e+00	0.00000000e+00
-409	0.00000000e+00	0.00000000e+00	0.00000000e+00	0.00000000e+00
-408	0.00000000e+00	0.00000000e+00	0.00000000e+00	0.00000000e+00
-407	0.00000000e+00	0.00000000e+00	0.00000000e+00	0.00000000e+00
-406	0.00000000e+00	0.00000000e+00	0.00000000e+00	0.00000000e+00
-405	0.00000000e+00	0.00000000e+00	0.00000000e+00	0.00000000e+00
-404	0.00000000e+00	0.00000000e+00	0.00000000e+00	0.00000000e+00
-403	0.00000000e+00	0.00000000e+00	0.00000000e+00	0.00000000e+00
-402	0.00000000e+00	0.00000000e+00	0.00000000e+00	0.00000000e+00
-401	0.00000000e+00	0.00000000e+00	0.00000000e+00	0.00000000e+00
-400	0.00000000e+00	0.00000000e+00	0.00000000e+00	0.00000000e+00
-399	0.00000000e+00	0.00000000e+00	0.00000000e+00	0.00000000e+00
-398	0.00000000e+00	0.00000000e+00	0.00000000e+00	0.00000000e+00
-397	0.00000000e+00	0.00000000e+00	0.00000000e+00	0.00000000e+00
-396	0.00000000e+00	0.00000000e+00	0.00000000e+00	0.00000000e+00
-395	0.00000000e+00	0.00000000e+00	0.00000000e+00	0.00000000e+00
-394	0.00000000e+00	0.00000000e+00	0.00000000e+00	0.00000000e+00
-393	0.00000000e+00	0.00000000e+00	0.00000000e+00	0.00000000e+00
-392	0.00000000e+00	0.00000000e+00	0.00000000e+00	0.00000000e+00
-391	0.00000000e+00	0.00000000e+00	0.00000000e+00	0.00000000e+00
-390	0.00000000e+00	0.00000000e+00	0.00000000e+00	0.00000000e+00
-389	0.00000000e+00	0.00000000e+00	0.00000000e+00	0.00000000e+00
-388	0.00000000e+00	0.00000000e+00	0.00000000e+00	0.00000000e+00
-387	0.00000000e+00	0.00000000e+00	0.00000000e+00	0.00000000e+00
-386	0.00000000e+00	0.00000000e+00	0.00000000e+00	0.00000000e+00
-385	0.00000000e+00	0.00000000e+00	0.00000000e+00	0.00000000e+00
-384	0.00000000e+00	0.00000000e+00	0.00000000e+00	0.00000000e+00
-383	0.00000000e+00	0.00000000e+00	0.00000000e+00	0.00000000e+00
-382	0.00000000e+00	0.00000000e+00	0.00000000e+00	0.00000000e+00
-381	0.00000000e+00	0.00000000e+00	0.00000000e+00	0.00000000e+00
-380	0.00000000e+00	0.00000000e+00	0.00000000e+00	0.00000000e+00
-379	0.00000000e+00	0.00000000e+00	0.00000000e+00	0.00000000e+00
-378	0.00000000e+00	0.00000000e+00	0.00000000e+00	0.00000000e+00
-377	0.00000000e+00	0.00000000e+00	0.00000000e+00	0.00000000e+00
-376	0.00000000e+00	0.00000000e+00	0.00000000e+00	0.00000000e+00
-375	0.00000000e+00	0.00000000e+00	0.00000000e+00	0.00000000e+00
-374	0.00000000e+00	0.00000000e+00	0.00000000e+00	0.00000000e+00
-373	0.00000000e+00	0.00000000e+00	0.00000000e+00	0.00000000e+00
-372	0.00000000e+00	0.00000000e+00	0.00000000e+00	0.00000000e+00
-371	0.00000000e+00	0.00000000e+00	0.00000000e+00	0.00000000e+00
-370	0.00000000e+00	0.00000000e+00	0.00000000e+00	0.00000000e+00
-369	0.00000000e+00	0.00000000e+00	0.00000000e+00	0.00000000e+00
-368	0.00000000e+00	0.00000000e+00	0.00000000e+00	0.00000000e+00
-367	0.00000000e+00	0.00000000e+00	0.00000000e+00	0.00000000e+00
-366	0.00000000e+00	0.00000000e+00	0.00000000e+00	0.00000000e+00
-365	0.00000000e+00	0.00000000e+00	0.00000000e+00	0.00000000e+00
-364	0.00000000e+00	0.00000000e+00	0.00000000e+00	0.00000000e+00
-363	0.00000000e+00	0.00000000e+00	0.00000000e+00	0.00000000e+00
-362	0.00000000e+00	0.00000000e+00	0.00000000e+00	0.00000000e+00
-361	0.00000000e+00	0.00000000e+00	0.00000000e+00	0.00000000e+00
-360	0.00000000e+00	0.00000000e+00	0.00000000e+00	0.00000000e+00
-359	0.00000000e+00	0.00000000e+00	0.00000000e+00	0.00000000e+00
-358	0.00000000e+00	0.00000000e+00	0.00000000e+00	0.00000000e+00
-357	0.00000000e+00	0.00000000e+00	0.00000000e+00	0.00000000e+00
-356	0.00000000e+00	0.00000000e+00	0.00000000e+00	0.00000000e+00
-355	0.00000000e+00	0.00000000e+00	0.00000000e+00	0.00000000e+00
-354	0.00000000e+00	0.00000000e+00	0.00000000e+00	0.00000000e+00
-353	0.00000000e+00	0.00000000e+00	0.00000000e+00	0.00000000e+00
-352	0.00000000e+00	0.00000000e+00	0.00000000e+00	0.00000000e+00
-351	0.00000000e+00	0.00000000e+00	0.00000000e+00	0.00000000e+00
-350	0.00000000e+00	0.00000000e+00	0.00000000e+00	0.00000000e+00
-349	0.00000000e+00	0.00000000e+00	0.00000000e+00	0.00000000e+00
-348	0.00000000e+00	0.00000000e+00	0.00000000e+00	0.00000000e+00
-347	0.00000000e+00	0.00000000e+00	0.00000000e+00	0.00000000e+00
-346	0.00000000e+00	0.00000000e+00	0.00000000e+00	0.00000000e+00
-345	0.00000000e+00	0.00000000e+00	0.00000000e+00	0.00000000e+00
-344	0.00000000e+00	0.00000000e+00	0.00000000e+00	0.00000000e+00
-343	0.00000000e+00	0.00000000e+00	0.00000000e+00	0.00000000e+00
-342	0.00000000e+00	0.00000000e+00	0.00000000e+00	0.00000000e+00
-341	0.00000000e+00	0.00000000e+00	0.00000000e+00	0.00000000e+00
-340	0.00000000e+00	0.00000000e+00	0.00000000e+00	0.00000000e+00
-339	0.00000000e+00	0.00000000e+00	0.00000000e+00	0.00000000e+00
-338	0.00000000e+00	0.00000000e+00	0.00000000e+00	0.00000000e+00
-337	0.00000000e+00	0.00000000e+00	0.00000000e+00	0.00000000e+00
-336	0.00000000e+00	0.00000000e+00	0.00000000e+00	0.00000000e+00
-335	0.00000000e+00	0.00000000e+00	0.00000000e+00	0.00000000e+00
-334	0.00000000e+00	0.00000000e+00	0.00000000e+00	0.00000000e+00
-333	0.00000000e+00	0.00000000e+00	0.00000000e+00	0.00000000e+00
-332	0.00000000e+00	0.00000000e+00	0.00000000e+00	0.00000000e+00
-331	0.00000000e+00	0.00000000e+00	0.00000000e+00	0.00000000e+00
-330	0.00000000e+00	0.00000000e+00	0.00000000e+00	0.00000000e+00
-329	0.00000000e+00	0.00000000e+00	0.00000000e+00	0.00000000e+00
-328	0.00000000e+00	0.00000000e+00	0.00000000e+00	0.00000000e+00
-327	0.00000000e+00	0.00000000e+00	0.00000000e+00	0.00000000e+00
-326	0.00000000e+00	0.00000000e+00	0.00000000e+00	0.00000000e+00
-325	0.00000000e+00	0.00000000e+00	0.00000000e+00	0.00000000e+00
-324	0.00000000e+00	0.00000000e+00	0.00000000e+00	0.00000000e+00
-323	0.00000000e+00	0.00000000e+00	0.00000000e+00	0.00000000e+00
-322	0.00000000e+00	0.00000000e+00	0.00000000e+00	0.00000000e+00
-321	0.00000000e+00	0.00000000e+00	0.00000000e+00	0.00000000e+00
-320	0.00000000e+00	0.00000000e+00	0.00000000e+00	0.00000000e+00
-319	0.00000000e+00	0.00000000e+00	0.00000000e+00	0.00000000e+00
-318	0.00000000e+00	0.00000000e+00	0.00000000e+00	0.00000000e+00
-317	0.00000000e+00	0.00000000e+00	0.00000000e+00	0.00000000e+00
-316	0.00000000e+00	0.00000000e+00	0.00000000e+00	0.00000000e+00
-315	0.00000000e+00	0.00000000e+00	0.00000000e+00	0.00000000e+00
-314	0.00000000e+00	0.00000000e+00	0.00000000e+00	0.00000000e+00
-313	0.00000000e+00	0.00000000e+00	0.00000000e+00	0.00000000e+00
-312	0.00000000e+00	0.00000000e+00	0.00000000e+00	0.00000000e+00
-311	0.00000000e+00	0.00000000e+00	0.00000000e+00	0.00000000e+00
-310	0.00000000e+00	0.00000000e+00	0.00000000e+00	0.00000000e+00
-309	0.00000000e+00	0.00000000e+00	0.00000000e+00	0.00000000e+00
-308	0.00000000e+00	0.00000000e+00	0.00000000e+00	0.00000000e+00
-307	0.00000000e+00	0.00000000e+00	0.00000000e+00	0.00000000e+00
-306	0.00000000e+00	0.00000000e+00	0.00000000e+00	0.00000000e+00
-305	0.00000000e+00	0.00000000e+00	0.00000000e+00	0.00000000e+00
-304	0.00000000e+00	0.00000000e+00	0.00000000e+00	0.00000000e+00
-303	0.00000000e+00	0.00000000e+00	0.00000000e+00	0.00000000e+00
-302	0.00000000e+00	0.00000000e+00	0.00000000e+00	0.00000000e+00
-301	0.00000000e+00	0.00000000e+00	0.00000000e+00	0.00000000e+00
-300	0.00000000e+00	0.00000000e+00	0.00000000e+00	0.00000000e+00
-299	0.00000000e+00	0.00000000e+00	0.00000000e+00	0.00000000e+00
-298	0.00000000e+00	0.00000000e+00	0.00000000e+00	0.00000000e+00
-297	0.00000000e+00	0.00000000e+00	0.00000000e+00	0.00000000e+00
-296	0.00000000e+00	0.00000000e+00	0.00000000e+00	0.00000000e+00
-295	0.00000000e+00	0.00000000e+00	0.00000000e+00	0.00000000e+00
-294	0.00000000e+00	0.00000000e+00	0.00000000e+00	0.00000000e+00
-293	0.00000000e+00	0.00000000e+00	0.00000000e+00	0.00000000e+00
-292	0.00000000e+00	0.00000000e+00	0.00000000e+00	0.00000000e+00
-291	0.00000000e+00	0.00000000e+00	0.00000000e+00	0.00000000e+00
-290	0.00000000e+00	0.00000000e+00	0.00000000e+00	0.00000000e+00
-289	0.00000000e+00	0.00000000e+00	0.00000000e+00	0.00000000e+00
-288	0.00000000e+00	0.00000000e+00	0.00000000e+00	0.00000000e+00
-287	0.00000000e+00	0.00000000e+00	0.00000000e+00	0.00000000e+00
-286	0.00000000e+00	0.00000000e+00	0.00000000e+00	0.00000000e+00
-285	0.00000000e+00	0.00000000e+00	0.00000000e+00	0.00000000e+00
-284	0.00000000e+00	0.00000000e+00	0.00000000e+00	0.00000000e+00
-283	0.00000000e+00	0.00000000e+00	0.00000000e+00	0.00000000e+00
-282	0.00000000e+00	0.00000000e+00	0.00000000e+00	0.00000000e+00
-281	0.00000000e+00	0.00000000e+00	0.00000000e+00	0.00000000e+00
-280	0.00000000e+00	0.00000000e+00	0.00000000e+00	0.00000000e+00
-279	0.00000000e+00	0.00000000e+00	0.00000000e+00	0.00000000e+00
-278	0.00000000e+00	0.00000000e+00	0.00000000e+00	0.00000000e+00
-277	0.00000000e+00	0.00000000e+00	0.00000000e+00	0.00000000e+00
-276	0.00000000e+00	0.00000000e+00	0.00000000e+00	0.00000000e+00
-275	0.00000000e+00	0.00000000e+00	0.00000000e+00	0.00000000e+00
-274	0.00000000e+00	0.00000000e+00	0.00000000e+00	0.00000000e+00
-273	0.00000000e+00	0.00000000e+00	0.00000000e+00	0.00000000e+00
-272	0.00000000e+00	0.00000000e+00	0.00000000e+00	0.00000000e+00
-271	0.00000000e+00	0.00000000e+00	0.00000000e+00	0.00000000e+00
-270	0.00000000e+00	0.00000000e+00	0.00000000e+00	0.00000000e+00
-269	0.00000000e+00	0.00000000e+00	0.00000000e+00	0.00000000e+00
-268	0.00000000e+00	0.00000000e+00	0.00000000e+00	0.00000000e+00
-267	0.00000000e+00	0.00000000e+00	0.00000000e+00	0.00000000e+00
-266	0.00000000e+00	0.00000000e+00	0.00000000e+00	0.00000000e+00
-265	0.00000000e+00	0.00000000e+00	0.00000000e+00	0.00000000e+00
-264	0.00000000e+00	0.00000000e+00	0.00000000e+00	0.00000000e+00
-263	0.00000000e+00	0.00000000e+00	0.00000000e+00	0.00000000e+00
-262	0.00000000e+00	0.00000000e+00	0.00000000e+00	0.00000000e+00
-261	0.00000000e+00	0.00000000e+00	0.00000000e+00	0.00000000e+00
-260	0.00000000e+00	0.00000000e+00	0.00000000e+00	0.00000000e+00
-259	0.00000000e+00	0.00000000e+00	0.00000000e+00	0.00000000e+00
-258	0.00000000e+00	0.00000000e+00	0.00000000e+00	0.00000000e+00
-257	0.00000000e+00	0.00000000e+00	0.00000000e+00	0.00000000e+00
-256	0.00000000e+00	0.00000000e+00	0.00000000e+00	0.00000000e+00
-255	0.00000000e+00	0.00000000e+00	0.00000000e+00	0.00000000e+00
-254	0.00000000e+00	0.00000000e+00	0.00000000e+00	0.00000000e+00
-253	0.00000000e+00	0.00000000e+00	0.00000000e+00	0.00000000e+00
-252	0.00000000e+00	0.00000000e+00	0.00000000e+00	0.00000000e+00
-251	0.00000000e+00	0.00000000e+00	0.00000000e+00	0.00000000e+00
-250	0.00000000e+00	0.00000000e+00	0.00000000e+00	0.00000000e+00
-249	0.00000000e+00	0.00000000e+00	0.00000000e+00	0.00000000e+00
-248	0.00000000e+00	0.00000000e+00	0.00000000e+00	0.00000000e+00
-247	0.00000000e+00	0.00000000e+00	0.00000000e+00	0.00000000e+00
-246	0.00000000e+00	0.00000000e+00	0.00000000e+00	0.00000000e+00
-245	0.00000000e+00	0.00000000e+00	0.00000000e+00	0.00000000e+00
-244	0.00000000e+00	0.00000000e+00	0.00000000e+00	0.00000000e+00
-243	0.00000000e+00	0.00000000e+00	0.00000000e+00	0.00000000e+00
-242	0.00000000e+00	0.00000000e+00	0.00000000e+00	0.00000000e+00
-241	0.00000000e+00	0.00000000e+00	0.00000000e+00	0.00000000e+00
-240	0.00000000e+00	0.00000000e+00	0.00000000e+00	0.00000000e+00
-239	0.00000000e+00	0.00000000e+00	0.00000000e+00	0.00000000e+00
-238	0.00000000e+00	0.00000000e+00	0.00000000e+00	0.00000000e+00
-237	0.00000000e+00	0.00000000e+00	0.00000000e+00	0.00000000e+00
-236	0.00000000e+00	0.00000000e+00	0.00000000e+00	0.00000000e+00
-235	0.00000000e+00	0.00000000e+00	0.00000000e+00	0.00000000e+00
-234	0.00000000e+00	0.00000000e+00	0.00000000e+00	0.00000000e+00
-233	0.00000000e+00	0.00000000e+00	0.00000000e+00	0.00000000e+00
-232	0.00000000e+00	0.00000000e+00	0.00000000e+00	0.00000000e+00
-231	0.00000000e+00	0.00000000e+00	0.00000000e+00	0.00000000e+00
-230	0.00000000e+00	0.00000000e+00	0.00000000e+00	0.00000000e+00
-229	0.00000000e+00	0.00000000e+00	0.00000000e+00	0.00000000e+00
-228	0.00000000e+00	0.00000000e+00	0.00000000e+00	0.00000000e+00
-227	0.00000000e+00	0.00000000e+00	0.00000000e+00	0.00000000e+00
-226	0.00000000e+00	0.00000000e+00	0.00000000e+00	0.00000000e+00
-225	0.00000000e+00	0.00000000e+00	0.00000000e+00	0.00000000e+00
-224	0.00000000e+00	0.00000000e+00	0.00000000e+00	0.00000000e+00
-223	0.00000000e+00	0.00000000e+00	0.00000000e+00	0.00000000e+00
-222	0.00000000e+00	0.00000000e+00	0.00000000e+00	0.00000000e+00
-221	0.00000000e+00	0.00000000e+00	0.00000000e+00	0.00000000e+00
-220	0.00000000e+00	0.00000000e+00	0.00000000e+00	0.00000000e+00
-219	0.00000000e+00	0.00000000e+00	0.00000000e+00	0.00000000e+00
-218	0.00000000e+00	0.00000000e+00	0.00000000e+00	0.00000000e+00
-217	0.00000000e+00	0.00000000e+00	0.00000000e+00	0.00000000e+00
-216	0.00000000e+00	0.00000000e+00	0.00000000e+00	0.00000000e+00
-215	0.00000000e+00	0.00000000e+00	0.00000000e+00	0.00000000e+00
-214	0.00000000e+00	0.00000000e+00	0.00000000e+00	0.00000000e+00
-213	0.00000000e+00	0.00000000e+00	0.00000000e+00	0.00000000e+00
-212	0.00000000e+00	0.00000000e+00	0.00000000e+00	0.00000000e+00
-211	0.00000000e+00	0.00000000e+00	0.00000000e+00	0.00000000e+00
-210	0.00000000e+00	0.00000000e+00	0.00000000e+00	0.00000000e+00
-209	0.00000000e+00	0.00000000e+00	0.00000000e+00	0.00000000e+00
-208	0.00000000e+00	0.00000000e+00	0.00000000e+00	0.00000000e+00
-207	0.00000000e+00	0.00000000e+00	0.00000000e+00	0.00000000e+00
-206	0.00000000e+00	0.00000000e+00	0.00000000e+00	0.00000000e+00
-205	0.00000000e+00	0.00000000e+00	0.00000000e+00	0.00000000e+00
-204	0.00000000e+00	0.00000000e+00	0.00000000e+00	0.00000000e+00
-203	0.00000000e+00	0.00000000e+00	0.00000000e+00	0.00000000e+00
-202	0.00000000e+00	0.00000000e+00	0.00000000e+00	0.00000000e+00
-201	0.00000000e+00	0.00000000e+00	0.00000000e+00	0.00000000e+00
-200	0.00000000e+00	0.00000000e+00	0.00000000e+00	0.00000000e+00
-199	0.00000000e+00	0.00000000e+00	0.00000000e+00	0.00000000e+00
-198	0.00000000e+00	0.00000000e+00	0.00000000e+00	0.00000000e+00
-197	0.00000000e+00	0.00000000e+00	0.00000000e+00	0.00000000e+00
-196	0.00000000e+00	0.00000000e+00	0.00000000e+00	0.00000000e+00
-195	0.00000000e+00	0.00000000e+00	0.00000000e+00	0.00000000e+00
-194	0.00000000e+00	0.00000000e+00	0.00000000e+00	0.00000000e+00
-193	0.00000000e+00	0.00000000e+00	0.00000000e+00	0.00000000e+00
-192	0.00000000e+00	0.00000000e+00	0.00000000e+00	0.00000000e+00
-191	0.00000000e+00	0.00000000e+00	0.00000000e+00	0.00000000e+00
-190	0.00000000e+00	0.00000000e+00	0.00000000e+00	0.00000000e+00
-189	0.00000000e+00	0.00000000e+00	0.00000000e+00	0.00000000e+00
-188	0.00000000e+00	0.00000000e+00	0.00000000e+00	0.00000000e+00
-187	0.00000000e+00	0.00000000e+00	0.00000000e+00	0.00000000e+00
-186	0.00000000e+00	0.00000000e+00	0.00000000e+00	0.00000000e+00
-185	0.00000000e+00	0.00000000e+00	0.00000000e+00	0.00000000e+00
-184	0.00000000e+00	0.00000000e+00	0.00000000e+00	0.00000000e+00
-183	0.00000000e+00	0.00000000e+00	0.00000000e+00	0.00000000e+00
-182	0.00000000e+00	0.00000000e+00	0.00000000e+00	0.00000000e+00
-181	0.00000000e+00	0.00000000e+00	0.00000000e+00	0.00000000e+00
-180	0.00000000e+00	0.00000000e+00	0.00000000e+00	0.00000000e+00
-179	0.00000000e+00	0.00000000e+00	0.00000000e+00	0.00000000e+00
-178	0.00000000e+00	0.00000000e+00	0.00000000e+00	0.00000000e+00
-177	0.00000000e+00	0.00000000e+00	0.00000000e+00	0.00000000e+00
-176	0.00000000e+00	0.00000000e+00	0.00000000e+00	0.00000000e+00
-175	0.00000000e+00	0.00000000e+00	0.00000000e+00	0.00000000e+00
-174	0.00000000e+00	0.00000000e+00	0.00000000e+00	0.00000000e+00
-173	0.00000000e+00	0.00000000e+00	0.00000000e+00	0.00000000e+00
-172	0.00000000e+00	0.00000000e+00	0.00000000e+00	0.00000000e+00
-171	0.00000000e+00	0.00000000e+00	0.00000000e+00	0.00000000e+00
-170	0.00000000e+00	0.00000000e+00	0.00000000e+00	0.00000000e+00
-169	0.00000000e+00	0.00000000e+00	0.00000000e+00	0.00000000e+00
-168	0.00000000e+00	0.00000000e+00	0.00000000e+00	0.00000000e+00
-167	0.00000000e+00	0.00000000e+00	0.00000000e+00	0.00000000e+00
-166	0.00000000e+00	0.00000000e+00	0.00000000e+00	0.00000000e+00
-165	0.00000000e+00	0.00000000e+00	0.00000000e+00	0.00000000e+00
-164	0.00000000e+00	0.00000000e+00	0.00000000e+00	0.00000000e+00
-163	0.00000000e+00	0.00000000e+00	0.00000000e+00	0.00000000e+00
-162	0.00000000e+00	0.00000000e+00	0.00000000e+00	0.00000000e+00
-161	0.00000000e+00	0.00000000e+00	0.00000000e+00	0.00000000e+00
-160	0.00000000e+00	0.00000000e+00	0.00000000e+00	0.00000000e+00
-159	0.00000000e+00	0.00000000e+00	0.00000000e+00	0.00000000e+00
-158	0.00000000e+00	0.00000000e+00	0.00000000e+00	0.00000000e+00
-157	0.00000000e+00	0.00000000e+00	0.00000000e+00	0.00000000e+00
-156	0.00000000e+00	0.00000000e+00	0.00000000e+00	0.00000000e+00
-155	0.00000000e+00	0.00000000e+00	0.00000000e+00	0.00000000e+00
-154	0.00000000e+00	0.00000000e+00	0.00000000e+00	0.00000000e+00
-153	0.00000000e+00	0.00000000e+00	0.00000000e+00	0.00000000e+00
-152	0.00000000e+00	0.00000000e+00	0.00000000e+00	0.00000000e+00
-151	0.00000000e+00	0.00000000e+00	0.00000000e+00	0.00000000e+00
-150	0.00000000e+00	0.00000000e+00	0.00000000e+00	0.00000000e+00
-149	0.00000000e+00	0.00000000e+00	0.00000000e+00	0.00000000e+00
-148	0.00000000e+00	0.00000000e+00	0.00000000e+00	0.00000000e+00
-147	0.00000000e+00	0.00000000e+00	0.00000000e+00	0.00000000e+00
-146	0.00000000e+00	0.00000000e+00	0.00000000e+00	0.00000000e+00
-145	0.00000000e+00	0.00000000e+00	0.00000000e+00	0.00000000e+00
-144	0.00000000e+00	0.00000000e+00	0.00000000e+00	0.00000000e+00
-143	0.00000000e+00	0.00000000e+00	0.00000000e+00	0.00000000e+00
-142	0.00000000e+00	0.00000000e+00	0.00000000e+00	0.00000000e+00
-141	1.00000000e+00	0.00000000e+00	0.00000000e+00	0.00000000e+00
-140	1.00000000e+00	0.00000000e+00	0.00000000e+00	0.00000000e+00
-139	1.00000000e+00	0.00000000e+00	0.00000000e+00	0.00000000e+00
-138	1.00000000e+00	0.00000000e+00	0.00000000e+00	0.00000000e+00
-137	1.00000000e+00	0.00000000e+00	0.00000000e+00	0.00000000e+00
-136	1.00000000e+00	0.00000000e+00	0.00000000e+00	0.00000000e+00
-135	1.00000000e+00	0.00000000e+00	0.00000000e+00	0.00000000e+00
-134	1.00000000e+00	0.00000000e+00	0.00000000e+00	0.00000000e+00
-133	1.00000000e+00	0.00000000e+00	0.00000000e+00	0.00000000e+00
-132	1.00000000e+00	0.00000000e+00	0.00000000e+00	0.00000000e+00
-131	1.00000000e+00	0.00000000e+00	0.00000000e+00	0.00000000e+00
-130	1.00000000e+00	0.00000000e+00	0.00000000e+00	0.00000000e+00
-129	1.00000000e+00	0.00000000e+00	0.00000000e+00	0.00000000e+00
-128	1.00000000e+00	0.00000000e+00	0.00000000e+00	3.80000000e+01
-127	1.00000000e+00	0.00000000e+00	0.00000000e+00	0.00000000e+00
-126	1.00000000e+00	0.00000000e+00	0.00000000e+00	0.00000000e+00
-125	1.00000000e+00	0.00000000e+00	0.00000000e+00	0.00000000e+00
-124	1.00000000e+00	0.00000000e+00	0.00000000e+00	0.00000000e+00
-123	1.00000000e+00	0.00000000e+00	0.00000000e+00	0.00000000e+00
-122	1.00000000e+00	0.00000000e+00	0.00000000e+00	0.00000000e+00
-121	1.00000000e+00	0.00000000e+00	0.00000000e+00	0.00000000e+00
-120	1.00000000e+00	0.00000000e+00	0.00000000e+00	0.00000000e+00
-119	1.00000000e+00	0.00000000e+00	0.00000000e+00	0.00000000e+00
-118	1.00000000e+00	0.00000000e+00	0.00000000e+00	0.00000000e+00
-117	1.00000000e+00	0.00000000e+00	0.00000000e+00	0.00000000e+00
-116	1.00000000e+00	0.00000000e+00	0.00000000e+00	0.00000000e+00
-115	1.00000000e+00	0.00000000e+00	0.00000000e+00	0.00000000e+00
-114	1.00000000e+00	0.00000000e+00	0.00000000e+00	0.00000000e+00
-113	1.00000000e+00	0.00000000e+00	0.00000000e+00	0.00000000e+00
-112	1.00000000e+00	0.00000000e+00	0.00000000e+00	0.00000000e+00
-111	1.00000000e+00	0.00000000e+00	0.00000000e+00	0.00000000e+00
-110	1.00000000e+00	0.00000000e+00	0.00000000e+00	0.00000000e+00
-109	1.00000000e+00	0.00000000e+00	0.00000000e+00	0.00000000e+00
-108	1.00000000e+00	0.00000000e+00	0.00000000e+00	0.00000000e+00
-107	1.00000000e+00	0.00000000e+00	0.00000000e+00	0.00000000e+00
-106	1.00000000e+00	0.00000000e+00	0.00000000e+00	0.00000000e+00
-105	1.00000000e+00	0.00000000e+00	0.00000000e+00	0.00000000e+00
-104	1.00000000e+00	0.00000000e+00	0.00000000e+00	0.00000000e+00
-103	1.00000000e+00	0.00000000e+00	0.00000000e+00	0.00000000e+00
-102	1.00000000e+00	0.00000000e+00	0.00000000e+00	0.00000000e+00
-101	1.00000000e+00	0.00000000e+00	0.00000000e+00	0.00000000e+00
-100	1.00000000e+00	0.00000000e+00	0.00000000e+00	0.00000000e+00
-99	1.00000000e+00	0.00000000e+00	0.00000000e+00	0.00000000e+00
-98	1.00000000e+00	0.00000000e+00	0.00000000e+00	0.00000000e+00
-97	1.00000000e+00	0.00000000e+00	0.00000000e+00	0.00000000e+00
-96	1.00000000e+00	0.00000000e+00	0.00000000e+00	0.00000000e+00
-95	1.00000000e+00	0.00000000e+00	0.00000000e+00	0.00000000e+00
-94	1.00000000e+00	0.00000000e+00	0.00000000e+00	0.00000000e+00
-93	1.00000000e+00	0.00000000e+00	0.00000000e+00	0.00000000e+00
-92	1.00000000e+00	0.00000000e+00	0.00000000e+00	0.00000000e+00
-91	1.00000000e+00	0.00000000e+00	0.00000000e+00	0.00000000e+00
-90	1.00000000e+00	0.00000000e+00	0.00000000e+00	0.00000000e+00
-89	1.00000000e+00	0.00000000e+00	0.00000000e+00	0.00000000e+00
-88	1.00000000e+00	0.00000000e+00	0.00000000e+00	0.00000000e+00
-87	1.00000000e+00	0.00000000e+00	0.00000000e+00	0.00000000e+00
-86	1.00000000e+00	0.00000000e+00	0.00000000e+00	0.00000000e+00
-85	1.00000000e+00	0.00000000e+00	0.00000000e+00	0.00000000e+00
-84	1.00000000e+00	0.00000000e+00	0.00000000e+00	0.00000000e+00
-83	1.00000000e+00	0.00000000e+00	0.00000000e+00	0.00000000e+00
-82	1.00000000e+00	0.00000000e+00	0.00000000e+00	0.00000000e+00
-81	1.00000000e+00	0.00000000e+00	0.00000000e+00	0.00000000e+00
-80	1.00000000e+00	0.00000000e+00	0.00000000e+00	0.00000000e+00
-79	1.00000000e+00	0.00000000e+00	0.00000000e+00	0.00000000e+00
-78	1.00000000e+00	0.00000000e+00	0.00000000e+00	0.00000000e+00
-77	1.00000000e+00	0.00000000e+00	0.00000000e+00	0.00000000e+00
-76	1.00000000e+00	0.00000000e+00	0.00000000e+00	0.00000000e+00
-75	1.00000000e+00	0.00000000e+00	0.00000000e+00	0.00000000e+00
-74	1.00000000e+00	0.00000000e+00	0.00000000e+00	0.00000000e+00
-73	1.00000000e+00	0.00000000e+00	0.00000000e+00	0.00000000e+00
-72	1.00000000e+00	0.00000000e+00	0.00000000e+00	0.00000000e+00
-71	1.00000000e+00	0.00000000e+00	0.00000000e+00	0.00000000e+00
-70	1.00000000e+00	0.00000000e+00	0.00000000e+00	0.00000000e+00
-69	1.00000000e+00	0.00000000e+00	0.00000000e+00	0.00000000e+00
-68	1.00000000e+00	0.00000000e+00	0.00000000e+00	0.00000000e+00
-67	1.00000000e+00	0.00000000e+00	0.00000000e+00	0.00000000e+00
-66	1.00000000e+00	0.00000000e+00	0.00000000e+00	0.00000000e+00
-65	1.00000000e+00	0.00000000e+00	0.00000000e+00	0.00000000e+00
-64	1.00000000e+00	0.00000000e+00	0.00000000e+00	0.00000000e+00
-63	1.00000000e+00	0.00000000e+00	0.00000000e+00	0.00000000e+00
-62	1.00000000e+00	0.00000000e+00	0.00000000e+00	0.00000000e+00
-61	1.00000000e+00	0.00000000e+00	0.00000000e+00	0.00000000e+00
-60	1.00000000e+00	0.00000000e+00	0.00000000e+00	0.00000000e+00
-59	1.00000000e+00	0.00000000e+00	0.00000000e+00	0.00000000e+00
-58	1.00000000e+00	0.00000000e+00	0.00000000e+00	0.00000000e+00
-57	1.00000000e+00	0.00000000e+00	0.00000000e+00	0.00000000e+00
-56	1.00000000e+00	0.00000000e+00	0.00000000e+00	0.00000000e+00
-55	1.00000000e+00	0.00000000e+00	0.00000000e+00	0.00000000e+00
-54	1.00000000e+00	0.00000000e+00	0.00000000e+00	0.00000000e+00
-53	1.00000000e+00	0.00000000e+00	0.00000000e+00	0.00000000e+00
-52	1.00000000e+00	0.00000000e+00	0.00000000e+00	0.00000000e+00
-51	1.00000000e+00	0.00000000e+00	0.00000000e+00	0.00000000e+00
-50	1.00000000e+00	0.00000000e+00	0.00000000e+00	0.00000000e+00
-49	1.00000000e+00	0.00000000e+00	0.00000000e+00	0.00000000e+00
-48	1.00000000e+00	0.00000000e+00	0.00000000e+00	0.00000000e+00
-47	1.00000000e+00	0.00000000e+00	0.00000000e+00	0.00000000e+00
-46	1.00000000e+00	0.00000000e+00	0.00000000e+00	0.00000000e+00
-45	1.00000000e+00	0.00000000e+00	0.00000000e+00	0.00000000e+00
-44	1.00000000e+00	0.00000000e+00	0.00000000e+00	0.00000000e+00
-43	1.00000000e+00	0.00000000e+00	0.00000000e+00	0.00000000e+00
-42	1.00000000e+00	0.00000000e+00	0.00000000e+00	0.00000000e+00
-41	1.00000000e+00	0.00000000e+00	0.00000000e+00	0.00000000e+00
-40	1.00000000e+00	0.00000000e+00	0.00000000e+00	0.00000000e+00
-39	1.00000000e+00	0.00000000e+00	0.00000000e+00	0.00000000e+00
-38	1.00000000e+00	0.00000000e+00	0.00000000e+00	0.00000000e+00
-37	1.00000000e+00	0.00000000e+00	0.00000000e+00	0.00000000e+00
-36	1.00000000e+00	0.00000000e+00	0.00000000e+00	0.00000000e+00
-35	1.00000000e+00	0.00000000e+00	0.00000000e+00	0.00000000e+00
-34	1.00000000e+00	0.00000000e+00	0.00000000e+00	0.00000000e+00
-33	1.00000000e+00	0.00000000e+00	0.00000000e+00	0.00000000e+00
-32	1.00000000e+00	0.00000000e+00	0.00000000e+00	0.00000000e+00
-31	1.00000000e+00	0.00000000e+00	0.00000000e+00	0.00000000e+00
-30	1.00000000e+00	0.00000000e+00	0.00000000e+00	0.00000000e+00
-29	1.00000000e+00	0.00000000e+00	0.00000000e+00	0.00000000e+00
-28	1.00000000e+00	0.00000000e+00	0.00000000e+00	0.00000000e+00
-27	1.00000000e+00	0.00000000e+00	0.00000000e+00	0.00000000e+00
-26	1.00000000e+00	0.00000000e+00	0.00000000e+00	0.00000000e+00
-25	1.00000000e+00	0.00000000e+00	0.00000000e+00	0.00000000e+00
-24	1.00000000e+00	0.00000000e+00	0.00000000e+00	0.00000000e+00
-23	1.00000000e+00	0.00000000e+00	0.00000000e+00	0.00000000e+00
-22	1.00000000e+00	0.00000000e+00	0.00000000e+00	0.00000000e+00
-21	1.00000000e+00	0.00000000e+00	0.00000000e+00	0.00000000e+00
-20	1.00000000e+00	0.00000000e+00	0.00000000e+00	0.00000000e+00
-19	1.00000000e+00	0.00000000e+00	0.00000000e+00	0.00000000e+00
-18	1.00000000e+00	0.00000000e+00	0.00000000e+00	0.00000000e+00
-17	1.00000000e+00	0.00000000e+00	0.00000000e+00	0.00000000e+00
-16	1.00000000e+00	0.00000000e+00	0.00000000e+00	0.00000000e+00
-15	1.00000000e+00	0.00000000e+00	0.00000000e+00	0.00000000e+00
-14	1.00000000e+00	0.00000000e+00	0.00000000e+00	0.00000000e+00
-13	1.00000000e+00	0.00000000e+00	0.00000000e+00	0.00000000e+00
-12	1.00000000e+00	0.00000000e+00	0.00000000e+00	0.00000000e+00
-11	1.00000000e+00	0.00000000e+00	0.00000000e+00	0.00000000e+00
-10	1.00000000e+00	0.00000000e+00	0.00000000e+00	0.00000000e+00
-9	1.00000000e+00	0.00000000e+00	0.00000000e+00	0.00000000e+00
-8	1.00000000e+00	0.00000000e+00	0.00000000e+00	0.00000000e+00
-7	1.00000000e+00	0.00000000e+00	0.00000000e+00	0.00000000e+00
-6	1.00000000e+00	0.00000000e+00	0.00000000e+00	0.00000000e+00
-5	1.00000000e+00	0.00000000e+00	0.00000000e+00	0.00000000e+00
-4	1.00000000e+00	0.00000000e+00	0.00000000e+00	0.00000000e+00
-3	1.00000000e+00	0.00000000e+00	0.00000000e+00	0.00000000e+00
-2	1.00000000e+00	0.00000000e+00	0.00000000e+00	0.00000000e+00
-1	1.00000000e+00	0.00000000e+00	0.00000000e+00	0.00000000e+00
0	1.00000000e+00	0.00000000e+00	0.00000000e+00	0.00000000e+00
1	1.00000000e+00	0.00000000e+00	0.00000000e+00	0.00000000e+00
2	1.00000000e+00	0.00000000e+00	0.00000000e+00	0.00000000e+00
3	1.00000000e+00	0.00000000e+00	0.00000000e+00	0.00000000e+00
4	1.00000000e+00	0.00000000e+00	0.00000000e+00	0.00000000e+00
5	6.90000000e+01	1.00000000e+00	1.00000000e+00	1.00000000e+00
6	1.63000000e+02	1.00000000e+00	1.00000000e+00	1.00000000e+00
7	2.40000000e+02	1.00000000e+00	1.00000000e+00	1.00000000e+00
8	4.04000000e+02	1.00000000e+00	1.00000000e+00	1.00000000e+00
9	5.13000000e+02	1.00000000e+00	1.00000000e+00	1.00000000e+00
10	5.94000000e+02	1.00000000e+00	1.00000000e+00	1.00000000e+00
11	6.75000000e+02	2.00000000e+00	2.00000000e+00	2.00000000e+00
12	7.28000000e+02	2.00000000e+00	2.00000000e+00	2.00000000e+00
13	8.26000000e+02	2.00000000e+00	2.00000000e+00	2.00000000e+00
14	8.96000000e+02	2.00000000e+00	2.00000000e+00	2.00000000e+00
15	1.01300000e+03	2.00000000e+00	2.00000000e+00	2.00000000e+00
16	1.07100000e+03	2.00000000e+00	2.00000000e+00	2.00000000e+00
17	1.14300000e+03	2.00000000e+00	2.00000000e+00	2.00000000e+00
18	1.18600000e+03	2.00000000e+00	2.00000000e+00	2.00000000e+00
19	1.24900000e+03	2.00000000e+00	2.00000000e+00	2.00000000e+00
20	1.32000000e+03	2.00000000e+00	2.00000000e+00	2.00000000e+00
21	1.38100000e+03	2.00000000e+00	2.00000000e+00	2.00000000e+00
22	1.43700000e+03	2.00000000e+00	2.00000000e+00	2.00000000e+00
23	1.49300000e+03	2.00000000e+00	2.00000000e+00	2.00000000e+00
24	1.56100000e+03	2.00000000e+00	2.00000000e+00	2.00000000e+00
25	1.59600000e+03	2.00000000e+00	2.00000000e+00	2.00000000e+00
26	1.66500000e+03	2.00000000e+00	2.00000000e+00	2.00000000e+00
27	1.71200000e+03	2.00000000e+00	2.00000000e+00	2.00000000e+00
28	1.80500000e+03	2.00000000e+00	2.00000000e+00	2.00000000e+00
29	1.88000000e+03	2.00000000e+00	2.00000000e+00	2.00000000e+00
30	1.92800000e+03	2.00000000e+00	2.00000000e+00	2.00000000e+00
31	1.99400000e+03	2.00000000e+00	2.00000000e+00	2.00000000e+00
32	2.07100000e+03	2.00000000e+00	2.00000000e+00	2.00000000e+00
33	2.15200000e+03	2.00000000e+00	2.00000000e+00	2.00000000e+00
34	2.22500000e+03	2.00000000e+00	2.00000000e+00	2.00000000e+00
35	2.31600000e+03	2.00000000e+00	2.00000000e+00	2.00000000e+00
36	2.39600000e+03	2.00000000e+00	2.00000000e+00	2.00000000e+00
37	2.50900000e+03	2.00000000e+00	2.00000000e+00	2.00000000e+00
38	2.56800000e+03	2.00000000e+00	2.00000000e+00	2.00000000e+00
39	2.63600000e+03	3.00000000e+00	3.00000000e+00	3.00000000e+00
40	2.71000000e+03	4.00000000e+00	4.00000000e+00	4.00000000e+00
41	2.77900000e+03	4.00000000e+00	4.00000000e+00	4.00000000e+00
42	2.85500000e+03	4.00000000e+00	4.00000000e+00	4.00000000e+00
43	2.91800000e+03	4.00000000e+00	4.00000000e+00	4.00000000e+00
44	2.98300000e+03	5.00000000e+00	5.00000000e+00	5.00000000e+00
45	3.04500000e+03	5.00000000e+00	5.00000000e+00	5.00000000e+00
46	3.07900000e+03	5.00000000e+00	5.00000000e+00	5.00000000e+00
47	3.13500000e+03	5.00000000e+00	5.00000000e+00	5.00000000e+00
48	3.18300000e+03	5.00000000e+00	5.00000000e+00	5.00000000e+00
49	3.25100000e+03	5.00000000e+00	5.00000000e+00	5.00000000e+00
50	3.30100000e+03	5.00000000e+00	5.00000000e+00	5.00000000e+00
51	3.35000000e+03	5.00000000e+00	5.00000000e+00	5.00000000e+00
52	3.41400000e+03	5.00000000e+00	5.00000000e+00	5.00000000e+00
53	3.47500000e+03	5.00000000e+00	5.00000000e+00	5.00000000e+00
54	3.51500000e+03	5.00000000e+00	5.00000000e+00	5.00000000e+00
55	3.55600000e+03	5.00000000e+00	5.00000000e+00	5.00000000e+00
56	3.60000000e+03	5.00000000e+00	5.00000000e+00	5.00000000e+00
57	3.61900000e+03	5.00000000e+00	5.00000000e+00	5.00000000e+00
58	3.66400000e+03	5.00000000e+00	5.00000000e+00	5.00000000e+00
59	3.72300000e+03	5.00000000e+00	5.00000000e+00	5.00000000e+00
60	3.79800000e+03	5.00000000e+00	5.00000000e+00	5.00000000e+00
61	3.83700000e+03	5.00000000e+00	5.00000000e+00	5.00000000e+00
62	3.89100000e+03	5.00000000e+00	5.00000000e+00	5.00000000e+00
63	3.94500000e+03	5.00000000e+00	5.00000000e+00	5.00000000e+00
64	3.99700000e+03	5.00000000e+00	5.00000000e+00	5.00000000e+00
65	4.05400000e+03	5.00000000e+00	5.00000000e+00	5.00000000e+00
66	4.13600000e+03	5.00000000e+00	5.00000000e+00	5.00000000e+00
67	4.17800000e+03	5.00000000e+00	5.00000000e+00	5.00000000e+00
68	4.22400000e+03	5.00000000e+00	5.00000000e+00	5.00000000e+00
69	4.28700000e+03	5.00000000e+00	5.00000000e+00	5.00000000e+00
70	4.33000000e+03	5.00000000e+00	5.00000000e+00	5.00000000e+00
71	4.37100000e+03	5.00000000e+00	5.00000000e+00	5.00000000e+00
72	4.41200000e+03	5.00000000e+00	5.00000000e+00	5.00000000e+00
73	4.46200000e+03	5.00000000e+00	5.00000000e+00	5.00000000e+00
74	4.49600000e+03	5.00000000e+00	5.00000000e+00	5.00000000e+00
75	4.54900000e+03	5.00000000e+00	5.00000000e+00	5.00000000e+00
76	4.59600000e+03	5.00000000e+00	5.00000000e+00	5.00000000e+00
77	4.65400000e+03	5.00000000e+00	5.00000000e+00	5.00000000e+00
78	4.69300000e+03	5.00000000e+00	5.00000000e+00	5.00000000e+00
79	4.74900000e+03	5.00000000e+00	5.00000000e+00	5.00000000e+00
80	4.78900000e+03	5.00000000e+00	5.00000000e+00	5.00000000e+00
81	4.81500000e+03	5.00000000e+00	5.00000000e+00	5.00000000e+00
82	4.87200000e+03	5.00000000e+00	5.00000000e+00	5.00000000e+00
83	4.93900000e+03	5.00000000e+00	5.00000000e+00	5.00000000e+00
84	4.98700000e+03	5.00000000e+00	5.00000000e+00	5.00000000e+00
85	5.04500000e+03	5.00000000e+00	2.50000000e+01	5.00000000e+00
86	5.11800000e+03	5.00000000e+00	5.00000000e+00	5.00000000e+00
87	5.19300000e+03	5.00000000e+00	5.00000000e+00	5.00000000e+00
88	5.23900000e+03	5.00000000e+00	5.00000000e+00	5.00000000e+00
89	5.29600000e+03	5.00000000e+00	5.00000000e+00	5.00000000e+00
90	5.36800000e+03	5.00000000e+00	5.00000000e+00	5.00000000e+00
91	5.42500000e+03	5.00000000e+00	5.00000000e+00	5.00000000e+00
92	5.49900000e+03	5.00000000e+00	5.00000000e+00	5.00000000e+00
93	5.54500000e+03	5.00000000e+00	5.00000000e+00	5.00000000e+00
94	5.59400000e+03	5.00000000e+00	5.00000000e+00	5.00000000e+00
95	5.63200000e+03	5.00000000e+00	5.00000000e+00	5.00000000e+00
96	5.67400000e+03	5.00000000e+00	5.00000000e+00	5.00000000e+00
97	5.73600000e+03	5.00000000e+00	5.00000000e+00	5.00000000e+00
98	5.80000000e+03	5.00000000e+00	6.00000000e+00	6.00000000e+00
99	5.84300000e+03	5.00000000e+00	6.00000000e+00	6.00000000e+00
100	5.88800000e+03	5.00000000e+00	6.00000000e+00	6.00000000e+00
