Day_(movie_time)	Views	Users	Rigor	Edits
-500	0.00000000e+00	0.00000000e+00	0.00000000e+00	0.00000000e+00
-499	0.00000000e+00	0.00000000e+00	0.00000000e+00	0.00000000e+00
-498	0.00000000e+00	0.00000000e+00	0.00000000e+00	0.00000000e+00
-497	0.00000000e+00	0.00000000e+00	0.00000000e+00	0.00000000e+00
-496	0.00000000e+00	0.00000000e+00	0.00000000e+00	0.00000000e+00
-495	0.00000000e+00	0.00000000e+00	0.00000000e+00	0.00000000e+00
-494	0.00000000e+00	0.00000000e+00	0.00000000e+00	0.00000000e+00
-493	0.00000000e+00	0.00000000e+00	0.00000000e+00	0.00000000e+00
-492	0.00000000e+00	0.00000000e+00	0.00000000e+00	0.00000000e+00
-491	0.00000000e+00	0.00000000e+00	0.00000000e+00	0.00000000e+00
-490	0.00000000e+00	0.00000000e+00	0.00000000e+00	0.00000000e+00
-489	0.00000000e+00	0.00000000e+00	0.00000000e+00	0.00000000e+00
-488	0.00000000e+00	0.00000000e+00	0.00000000e+00	0.00000000e+00
-487	0.00000000e+00	0.00000000e+00	0.00000000e+00	0.00000000e+00
-486	0.00000000e+00	0.00000000e+00	0.00000000e+00	0.00000000e+00
-485	0.00000000e+00	0.00000000e+00	0.00000000e+00	0.00000000e+00
-484	0.00000000e+00	0.00000000e+00	0.00000000e+00	0.00000000e+00
-483	0.00000000e+00	0.00000000e+00	0.00000000e+00	0.00000000e+00
-482	0.00000000e+00	0.00000000e+00	0.00000000e+00	0.00000000e+00
-481	0.00000000e+00	0.00000000e+00	0.00000000e+00	0.00000000e+00
-480	0.00000000e+00	0.00000000e+00	0.00000000e+00	0.00000000e+00
-479	0.00000000e+00	0.00000000e+00	0.00000000e+00	0.00000000e+00
-478	0.00000000e+00	0.00000000e+00	0.00000000e+00	0.00000000e+00
-477	0.00000000e+00	0.00000000e+00	0.00000000e+00	0.00000000e+00
-476	0.00000000e+00	0.00000000e+00	0.00000000e+00	0.00000000e+00
-475	0.00000000e+00	0.00000000e+00	0.00000000e+00	0.00000000e+00
-474	0.00000000e+00	0.00000000e+00	0.00000000e+00	0.00000000e+00
-473	0.00000000e+00	0.00000000e+00	0.00000000e+00	0.00000000e+00
-472	0.00000000e+00	0.00000000e+00	0.00000000e+00	0.00000000e+00
-471	0.00000000e+00	0.00000000e+00	0.00000000e+00	0.00000000e+00
-470	0.00000000e+00	0.00000000e+00	0.00000000e+00	0.00000000e+00
-469	0.00000000e+00	0.00000000e+00	0.00000000e+00	0.00000000e+00
-468	0.00000000e+00	0.00000000e+00	0.00000000e+00	0.00000000e+00
-467	0.00000000e+00	0.00000000e+00	0.00000000e+00	0.00000000e+00
-466	1.00000000e+00	0.00000000e+00	0.00000000e+00	0.00000000e+00
-465	1.00000000e+00	0.00000000e+00	0.00000000e+00	0.00000000e+00
-464	1.00000000e+00	0.00000000e+00	0.00000000e+00	0.00000000e+00
-463	1.00000000e+00	0.00000000e+00	0.00000000e+00	0.00000000e+00
-462	1.00000000e+00	0.00000000e+00	0.00000000e+00	0.00000000e+00
-461	2.00000000e+00	0.00000000e+00	0.00000000e+00	0.00000000e+00
-460	2.00000000e+00	0.00000000e+00	0.00000000e+00	0.00000000e+00
-459	2.00000000e+00	0.00000000e+00	0.00000000e+00	0.00000000e+00
-458	2.00000000e+00	0.00000000e+00	0.00000000e+00	0.00000000e+00
-457	2.00000000e+00	0.00000000e+00	0.00000000e+00	0.00000000e+00
-456	2.00000000e+00	0.00000000e+00	0.00000000e+00	0.00000000e+00
-455	2.00000000e+00	0.00000000e+00	0.00000000e+00	0.00000000e+00
-454	2.00000000e+00	0.00000000e+00	0.00000000e+00	0.00000000e+00
-453	2.00000000e+00	0.00000000e+00	0.00000000e+00	0.00000000e+00
-452	2.00000000e+00	0.00000000e+00	0.00000000e+00	0.00000000e+00
-451	2.00000000e+00	0.00000000e+00	0.00000000e+00	0.00000000e+00
-450	2.00000000e+00	0.00000000e+00	0.00000000e+00	0.00000000e+00
-449	2.00000000e+00	0.00000000e+00	0.00000000e+00	0.00000000e+00
-448	2.00000000e+00	0.00000000e+00	0.00000000e+00	0.00000000e+00
-447	2.00000000e+00	0.00000000e+00	0.00000000e+00	0.00000000e+00
-446	2.00000000e+00	0.00000000e+00	0.00000000e+00	0.00000000e+00
-445	2.00000000e+00	0.00000000e+00	0.00000000e+00	0.00000000e+00
-444	2.00000000e+00	0.00000000e+00	0.00000000e+00	0.00000000e+00
-443	7.70000000e+01	2.00000000e+00	2.00000000e+00	3.00000000e+00
-442	5.45000000e+02	3.00000000e+00	3.00000000e+00	5.00000000e+00
-441	1.26300000e+03	3.00000000e+00	3.00000000e+00	5.00000000e+00
-440	2.03400000e+03	4.00000000e+00	4.00000000e+00	6.00000000e+00
-439	2.83500000e+03	5.00000000e+00	5.00000000e+00	7.00000000e+00
-438	3.59600000e+03	6.00000000e+00	6.00000000e+00	8.00000000e+00
-437	4.43500000e+03	7.00000000e+00	7.00000000e+00	9.00000000e+00
-436	5.14700000e+03	7.00000000e+00	7.00000000e+00	9.00000000e+00
-435	5.85700000e+03	7.00000000e+00	7.00000000e+00	9.00000000e+00
-434	6.56200000e+03	7.00000000e+00	7.00000000e+00	9.00000000e+00
-433	7.22500000e+03	7.00000000e+00	7.00000000e+00	9.00000000e+00
-432	7.98400000e+03	7.00000000e+00	7.00000000e+00	9.00000000e+00
-431	8.96000000e+03	7.00000000e+00	7.00000000e+00	9.00000000e+00
-430	9.81500000e+03	7.00000000e+00	7.00000000e+00	9.00000000e+00
-429	1.05910000e+04	8.00000000e+00	8.00000000e+00	1.00000000e+01
-428	1.13600000e+04	8.00000000e+00	8.00000000e+00	1.00000000e+01
-427	1.20070000e+04	9.00000000e+00	9.00000000e+00	1.10000000e+01
-426	1.26680000e+04	9.00000000e+00	9.00000000e+00	1.10000000e+01
-425	1.33690000e+04	9.00000000e+00	9.00000000e+00	1.10000000e+01
-424	1.41850000e+04	9.00000000e+00	9.00000000e+00	1.10000000e+01
-423	1.51610000e+04	9.00000000e+00	9.00000000e+00	1.10000000e+01
-422	1.59970000e+04	9.00000000e+00	9.00000000e+00	1.10000000e+01
-421	1.67630000e+04	9.00000000e+00	9.00000000e+00	1.10000000e+01
-420	1.74830000e+04	1.00000000e+01	1.00000000e+01	1.20000000e+01
-419	1.81700000e+04	1.00000000e+01	1.00000000e+01	1.20000000e+01
-418	1.89190000e+04	1.00000000e+01	1.00000000e+01	1.20000000e+01
-417	1.98630000e+04	1.10000000e+01	1.10000000e+01	1.30000000e+01
-416	2.09440000e+04	1.20000000e+01	1.20000000e+01	1.40000000e+01
-415	2.17340000e+04	1.20000000e+01	1.20000000e+01	1.40000000e+01
-414	2.25770000e+04	1.20000000e+01	1.20000000e+01	1.40000000e+01
-413	2.33550000e+04	1.20000000e+01	1.20000000e+01	1.40000000e+01
-412	2.41190000e+04	1.20000000e+01	1.20000000e+01	1.40000000e+01
-411	2.49400000e+04	1.20000000e+01	1.20000000e+01	1.40000000e+01
-410	2.60200000e+04	1.30000000e+01	1.40000000e+01	1.60000000e+01
-409	2.70370000e+04	1.30000000e+01	1.40000000e+01	1.60000000e+01
-408	2.78580000e+04	1.30000000e+01	1.40000000e+01	1.60000000e+01
-407	2.86640000e+04	1.60000000e+01	1.70000000e+01	2.10000000e+01
-406	2.94620000e+04	1.60000000e+01	1.70000000e+01	2.10000000e+01
-405	3.03510000e+04	1.80000000e+01	1.80000000e+01	2.20000000e+01
-404	3.13910000e+04	1.80000000e+01	1.80000000e+01	2.20000000e+01
-403	3.25710000e+04	1.80000000e+01	1.80000000e+01	2.20000000e+01
-402	3.36330000e+04	1.80000000e+01	1.80000000e+01	2.20000000e+01
-401	3.46860000e+04	1.80000000e+01	1.90000000e+01	2.30000000e+01
-400	3.58350000e+04	1.80000000e+01	1.90000000e+01	2.30000000e+01
-399	3.73730000e+04	2.00000000e+01	2.00000000e+01	2.40000000e+01
-398	3.84860000e+04	2.00000000e+01	2.00000000e+01	2.40000000e+01
-397	3.96350000e+04	2.00000000e+01	2.00000000e+01	2.40000000e+01
-396	4.09350000e+04	2.00000000e+01	2.10000000e+01	2.50000000e+01
-395	4.21260000e+04	2.00000000e+01	2.10000000e+01	2.50000000e+01
-394	4.32280000e+04	2.00000000e+01	2.10000000e+01	2.50000000e+01
-393	4.43520000e+04	2.00000000e+01	2.10000000e+01	2.50000000e+01
-392	4.57440000e+04	2.00000000e+01	2.10000000e+01	2.50000000e+01
-391	4.71350000e+04	2.00000000e+01	2.20000000e+01	2.60000000e+01
-390	4.85170000e+04	2.00000000e+01	2.20000000e+01	2.60000000e+01
-389	5.01970000e+04	2.00000000e+01	2.20000000e+01	2.60000000e+01
-388	5.18500000e+04	2.00000000e+01	2.20000000e+01	2.60000000e+01
-387	5.31160000e+04	2.00000000e+01	2.20000000e+01	2.60000000e+01
-386	5.48110000e+04	2.00000000e+01	2.20000000e+01	2.60000000e+01
-385	5.59990000e+04	2.00000000e+01	2.20000000e+01	2.60000000e+01
-384	5.70490000e+04	2.20000000e+01	2.30000000e+01	2.80000000e+01
-383	5.81880000e+04	2.20000000e+01	2.30000000e+01	2.80000000e+01
-382	5.94870000e+04	2.20000000e+01	2.30000000e+01	2.80000000e+01
-381	6.07270000e+04	2.20000000e+01	2.30000000e+01	2.80000000e+01
-380	6.17120000e+04	2.20000000e+01	2.30000000e+01	2.80000000e+01
-379	6.26200000e+04	2.20000000e+01	2.30000000e+01	2.80000000e+01
-378	6.34220000e+04	2.20000000e+01	2.30000000e+01	2.80000000e+01
-377	6.43800000e+04	2.20000000e+01	2.30000000e+01	2.80000000e+01
-376	6.53410000e+04	2.20000000e+01	2.30000000e+01	2.80000000e+01
-375	6.64690000e+04	2.30000000e+01	2.40000000e+01	2.90000000e+01
-374	6.75650000e+04	2.40000000e+01	2.50000000e+01	3.00000000e+01
-373	6.87880000e+04	2.40000000e+01	2.50000000e+01	3.00000000e+01
-372	6.97850000e+04	2.40000000e+01	2.50000000e+01	3.00000000e+01
-371	7.07880000e+04	2.40000000e+01	2.50000000e+01	3.00000000e+01
-370	7.18540000e+04	2.40000000e+01	2.50000000e+01	3.00000000e+01
-369	7.29330000e+04	2.40000000e+01	2.50000000e+01	3.00000000e+01
-368	7.40340000e+04	2.40000000e+01	2.50000000e+01	3.00000000e+01
-367	7.52170000e+04	2.40000000e+01	2.50000000e+01	3.00000000e+01
-366	7.61770000e+04	2.40000000e+01	2.50000000e+01	3.00000000e+01
-365	7.71490000e+04	2.40000000e+01	2.50000000e+01	3.00000000e+01
-364	7.80290000e+04	2.40000000e+01	2.50000000e+01	3.00000000e+01
-363	7.88020000e+04	2.40000000e+01	2.50000000e+01	3.00000000e+01
-362	7.96950000e+04	2.40000000e+01	2.50000000e+01	3.00000000e+01
-361	8.07710000e+04	2.40000000e+01	2.50000000e+01	3.00000000e+01
-360	8.17190000e+04	2.40000000e+01	2.50000000e+01	3.00000000e+01
-359	8.26750000e+04	2.40000000e+01	2.50000000e+01	3.00000000e+01
-358	8.37190000e+04	2.40000000e+01	2.50000000e+01	3.00000000e+01
-357	8.48710000e+04	2.40000000e+01	2.50000000e+01	3.00000000e+01
-356	8.59810000e+04	2.40000000e+01	2.50000000e+01	3.00000000e+01
-355	8.69430000e+04	2.40000000e+01	2.50000000e+01	3.00000000e+01
-354	8.81100000e+04	2.40000000e+01	2.50000000e+01	3.00000000e+01
-353	8.92540000e+04	2.40000000e+01	2.50000000e+01	3.00000000e+01
-352	9.01180000e+04	2.40000000e+01	2.50000000e+01	3.00000000e+01
-351	9.10640000e+04	2.40000000e+01	2.50000000e+01	3.00000000e+01
-350	9.19200000e+04	2.40000000e+01	2.50000000e+01	3.00000000e+01
-349	9.28510000e+04	2.40000000e+01	2.50000000e+01	3.00000000e+01
-348	9.38250000e+04	2.40000000e+01	2.50000000e+01	3.00000000e+01
-347	9.50020000e+04	2.40000000e+01	2.50000000e+01	3.00000000e+01
-346	9.62340000e+04	2.40000000e+01	2.50000000e+01	3.00000000e+01
-345	9.76250000e+04	2.40000000e+01	2.50000000e+01	3.00000000e+01
-344	9.86330000e+04	2.40000000e+01	2.50000000e+01	3.00000000e+01
-343	9.95200000e+04	2.40000000e+01	2.50000000e+01	3.00000000e+01
-342	1.00333000e+05	2.40000000e+01	2.50000000e+01	3.00000000e+01
-341	1.01239000e+05	2.40000000e+01	2.50000000e+01	3.00000000e+01
-340	1.02188000e+05	2.40000000e+01	2.50000000e+01	3.00000000e+01
-339	1.03008000e+05	2.40000000e+01	2.50000000e+01	3.00000000e+01
-338	1.03835000e+05	2.40000000e+01	2.50000000e+01	3.00000000e+01
-337	1.04627000e+05	2.40000000e+01	2.50000000e+01	3.00000000e+01
-336	1.05464000e+05	2.40000000e+01	2.50000000e+01	3.00000000e+01
-335	1.06234000e+05	2.40000000e+01	2.50000000e+01	3.00000000e+01
-334	1.07029000e+05	2.40000000e+01	2.50000000e+01	3.00000000e+01
-333	1.08044000e+05	2.40000000e+01	2.50000000e+01	3.00000000e+01
-332	1.09075000e+05	2.40000000e+01	2.50000000e+01	3.00000000e+01
-331	1.10000000e+05	2.40000000e+01	2.50000000e+01	3.00000000e+01
-330	1.10856000e+05	2.60000000e+01	2.60000000e+01	3.30000000e+01
-329	1.11743000e+05	2.60000000e+01	2.60000000e+01	3.30000000e+01
-328	1.12522000e+05	2.60000000e+01	2.60000000e+01	3.30000000e+01
-327	1.13292000e+05	2.60000000e+01	2.60000000e+01	3.30000000e+01
-326	1.14236000e+05	2.60000000e+01	2.60000000e+01	3.30000000e+01
-325	1.15209000e+05	2.60000000e+01	2.60000000e+01	3.30000000e+01
-324	1.16213000e+05	2.60000000e+01	2.60000000e+01	3.30000000e+01
-323	1.17057000e+05	2.60000000e+01	2.60000000e+01	3.30000000e+01
-322	1.18029000e+05	2.60000000e+01	2.60000000e+01	3.30000000e+01
-321	1.18881000e+05	2.60000000e+01	2.60000000e+01	3.30000000e+01
-320	1.19679000e+05	2.60000000e+01	2.60000000e+01	3.30000000e+01
-319	1.20548000e+05	2.60000000e+01	2.60000000e+01	3.30000000e+01
-318	1.21564000e+05	2.60000000e+01	2.70000000e+01	3.40000000e+01
-317	1.22392000e+05	2.60000000e+01	2.70000000e+01	3.40000000e+01
-316	1.23291000e+05	2.60000000e+01	2.70000000e+01	3.40000000e+01
-315	1.24250000e+05	2.60000000e+01	2.70000000e+01	3.40000000e+01
-314	1.25107000e+05	2.60000000e+01	2.70000000e+01	3.40000000e+01
-313	1.25918000e+05	2.60000000e+01	2.70000000e+01	3.40000000e+01
-312	1.27042000e+05	2.90000000e+01	2.90000000e+01	3.60000000e+01
-311	1.28230000e+05	2.90000000e+01	2.90000000e+01	3.60000000e+01
-310	1.29391000e+05	2.90000000e+01	2.90000000e+01	3.60000000e+01
-309	1.30688000e+05	2.90000000e+01	2.90000000e+01	3.60000000e+01
-308	1.31910000e+05	2.90000000e+01	2.90000000e+01	3.60000000e+01
-307	1.33052000e+05	2.90000000e+01	2.90000000e+01	3.60000000e+01
-306	1.33944000e+05	2.90000000e+01	2.90000000e+01	3.60000000e+01
-305	1.35151000e+05	2.90000000e+01	2.90000000e+01	3.60000000e+01
-304	1.36550000e+05	2.90000000e+01	2.90000000e+01	3.60000000e+01
-303	1.37776000e+05	2.90000000e+01	2.90000000e+01	3.60000000e+01
-302	1.39025000e+05	2.80000000e+01	3.00000000e+01	3.80000000e+01
-301	1.40154000e+05	2.80000000e+01	3.00000000e+01	3.80000000e+01
-300	1.42240000e+05	2.80000000e+01	3.00000000e+01	3.80000000e+01
-299	1.43939000e+05	2.80000000e+01	3.00000000e+01	3.80000000e+01
-298	1.45433000e+05	2.80000000e+01	3.00000000e+01	3.80000000e+01
-297	1.47033000e+05	2.80000000e+01	3.00000000e+01	3.80000000e+01
-296	1.48165000e+05	2.80000000e+01	3.00000000e+01	3.80000000e+01
-295	1.49374000e+05	2.80000000e+01	3.00000000e+01	3.80000000e+01
-294	1.50437000e+05	2.80000000e+01	3.00000000e+01	3.80000000e+01
-293	1.51311000e+05	2.80000000e+01	3.00000000e+01	3.80000000e+01
-292	1.52162000e+05	2.80000000e+01	3.00000000e+01	3.80000000e+01
-291	1.53282000e+05	2.80000000e+01	3.00000000e+01	3.80000000e+01
-290	1.54476000e+05	2.90000000e+01	3.00000000e+01	3.90000000e+01
-289	1.55504000e+05	2.90000000e+01	3.00000000e+01	3.90000000e+01
-288	1.56556000e+05	2.90000000e+01	3.00000000e+01	3.90000000e+01
-287	1.57682000e+05	2.90000000e+01	3.00000000e+01	3.90000000e+01
-286	1.58790000e+05	2.90000000e+01	3.10000000e+01	4.00000000e+01
-285	1.59748000e+05	2.90000000e+01	3.10000000e+01	4.00000000e+01
-284	1.60658000e+05	2.90000000e+01	3.10000000e+01	4.00000000e+01
-283	1.61831000e+05	2.90000000e+01	3.10000000e+01	4.00000000e+01
-282	1.63026000e+05	2.90000000e+01	3.10000000e+01	4.00000000e+01
-281	1.64391000e+05	2.80000000e+01	3.20000000e+01	4.10000000e+01
-280	1.65569000e+05	2.80000000e+01	3.20000000e+01	4.10000000e+01
-279	1.66684000e+05	3.30000000e+01	3.30000000e+01	4.20000000e+01
-278	1.67743000e+05	3.30000000e+01	3.30000000e+01	4.20000000e+01
-277	1.68940000e+05	3.30000000e+01	3.30000000e+01	4.20000000e+01
-276	1.70522000e+05	3.40000000e+01	3.40000000e+01	4.30000000e+01
-275	1.71915000e+05	3.40000000e+01	3.40000000e+01	4.30000000e+01
-274	1.73336000e+05	3.40000000e+01	3.40000000e+01	4.30000000e+01
-273	1.74610000e+05	3.40000000e+01	3.40000000e+01	4.30000000e+01
-272	1.76130000e+05	3.40000000e+01	3.40000000e+01	4.30000000e+01
-271	1.77556000e+05	3.40000000e+01	3.40000000e+01	4.30000000e+01
-270	1.79069000e+05	3.20000000e+01	3.50000000e+01	4.40000000e+01
-269	1.80619000e+05	3.20000000e+01	3.50000000e+01	4.40000000e+01
-268	1.82086000e+05	3.20000000e+01	3.50000000e+01	4.40000000e+01
-267	1.83461000e+05	3.20000000e+01	3.50000000e+01	4.40000000e+01
-266	1.84781000e+05	3.30000000e+01	3.60000000e+01	4.50000000e+01
-265	1.87046000e+05	3.30000000e+01	3.60000000e+01	4.50000000e+01
-264	1.88928000e+05	3.30000000e+01	3.60000000e+01	4.50000000e+01
-263	1.90704000e+05	3.30000000e+01	3.60000000e+01	4.50000000e+01
-262	1.92631000e+05	3.70000000e+01	3.70000000e+01	4.80000000e+01
-261	1.94320000e+05	3.70000000e+01	3.70000000e+01	4.80000000e+01
-260	1.95890000e+05	3.70000000e+01	3.70000000e+01	4.80000000e+01
-259	1.97285000e+05	3.70000000e+01	3.70000000e+01	4.80000000e+01
-258	1.98522000e+05	3.70000000e+01	3.70000000e+01	4.80000000e+01
-257	1.99598000e+05	3.70000000e+01	3.70000000e+01	4.80000000e+01
-256	2.01031000e+05	3.70000000e+01	3.70000000e+01	4.80000000e+01
-255	2.02994000e+05	3.70000000e+01	3.70000000e+01	4.80000000e+01
-254	2.05116000e+05	3.70000000e+01	3.70000000e+01	4.80000000e+01
-253	2.06759000e+05	3.70000000e+01	3.70000000e+01	4.80000000e+01
-252	2.08248000e+05	3.70000000e+01	3.70000000e+01	4.80000000e+01
-251	2.09610000e+05	3.70000000e+01	3.70000000e+01	4.80000000e+01
-250	2.11020000e+05	3.70000000e+01	3.80000000e+01	4.90000000e+01
-249	2.12726000e+05	3.70000000e+01	3.80000000e+01	4.90000000e+01
-248	2.14657000e+05	3.70000000e+01	3.80000000e+01	4.90000000e+01
-247	2.17149000e+05	3.70000000e+01	3.80000000e+01	4.90000000e+01
-246	2.19910000e+05	3.80000000e+01	4.00000000e+01	5.20000000e+01
-245	2.21805000e+05	3.80000000e+01	4.00000000e+01	5.20000000e+01
-244	2.23193000e+05	3.80000000e+01	4.00000000e+01	5.20000000e+01
-243	2.24396000e+05	3.90000000e+01	4.10000000e+01	5.30000000e+01
-242	2.25670000e+05	3.90000000e+01	4.10000000e+01	5.30000000e+01
-241	2.27471000e+05	4.00000000e+01	4.30000000e+01	5.50000000e+01
-240	2.29100000e+05	4.40000000e+01	4.40000000e+01	5.60000000e+01
-239	2.30456000e+05	4.90000000e+01	4.60000000e+01	5.90000000e+01
-238	2.31655000e+05	4.90000000e+01	4.60000000e+01	5.90000000e+01
-237	2.32719000e+05	4.90000000e+01	4.60000000e+01	5.90000000e+01
-236	2.33840000e+05	4.90000000e+01	4.60000000e+01	5.90000000e+01
-235	2.34963000e+05	4.90000000e+01	4.60000000e+01	5.90000000e+01
-234	2.36125000e+05	4.90000000e+01	4.60000000e+01	5.90000000e+01
-233	2.37068000e+05	4.90000000e+01	4.60000000e+01	5.90000000e+01
-232	2.37827000e+05	4.90000000e+01	4.60000000e+01	5.90000000e+01
-231	2.38614000e+05	4.90000000e+01	4.60000000e+01	5.90000000e+01
-230	2.39389000e+05	4.90000000e+01	4.60000000e+01	5.90000000e+01
-229	2.40270000e+05	4.90000000e+01	4.60000000e+01	5.90000000e+01
-228	2.41354000e+05	4.90000000e+01	4.60000000e+01	5.90000000e+01
-227	2.42523000e+05	4.70000000e+01	4.70000000e+01	6.00000000e+01
-226	2.43682000e+05	4.70000000e+01	4.70000000e+01	6.00000000e+01
-225	2.45688000e+05	5.00000000e+01	4.90000000e+01	6.20000000e+01
-224	2.47593000e+05	5.00000000e+01	4.90000000e+01	6.20000000e+01
-223	2.49203000e+05	5.10000000e+01	5.00000000e+01	6.30000000e+01
-222	2.50760000e+05	5.10000000e+01	5.00000000e+01	6.30000000e+01
-221	2.52200000e+05	5.10000000e+01	5.00000000e+01	6.30000000e+01
-220	2.53794000e+05	5.10000000e+01	5.00000000e+01	6.30000000e+01
-219	2.55206000e+05	5.20000000e+01	5.20000000e+01	6.80000000e+01
-218	2.56380000e+05	5.20000000e+01	5.20000000e+01	6.80000000e+01
-217	2.57496000e+05	5.20000000e+01	5.20000000e+01	6.80000000e+01
-216	2.58682000e+05	5.20000000e+01	5.20000000e+01	6.80000000e+01
-215	2.60138000e+05	5.20000000e+01	5.20000000e+01	6.80000000e+01
-214	2.61815000e+05	5.20000000e+01	5.20000000e+01	6.80000000e+01
-213	2.63214000e+05	5.20000000e+01	5.20000000e+01	6.80000000e+01
-212	2.64526000e+05	5.20000000e+01	5.20000000e+01	6.80000000e+01
-211	2.65806000e+05	5.20000000e+01	5.20000000e+01	6.80000000e+01
-210	2.67234000e+05	5.20000000e+01	5.30000000e+01	6.90000000e+01
-209	2.68487000e+05	5.20000000e+01	5.30000000e+01	6.90000000e+01
-208	2.69843000e+05	5.20000000e+01	5.30000000e+01	6.90000000e+01
-207	2.71196000e+05	5.20000000e+01	5.30000000e+01	6.90000000e+01
-206	2.72415000e+05	5.20000000e+01	5.30000000e+01	6.90000000e+01
-205	2.73532000e+05	5.20000000e+01	5.30000000e+01	6.90000000e+01
-204	2.73532000e+05	5.20000000e+01	5.30000000e+01	6.90000000e+01
-203	2.74710000e+05	5.20000000e+01	5.30000000e+01	6.90000000e+01
-202	2.74710000e+05	5.20000000e+01	5.30000000e+01	6.90000000e+01
-201	2.74710000e+05	5.20000000e+01	5.30000000e+01	6.90000000e+01
-200	2.74710000e+05	5.20000000e+01	5.30000000e+01	6.90000000e+01
-199	2.75926000e+05	5.20000000e+01	5.30000000e+01	6.90000000e+01
-198	2.77017000e+05	5.20000000e+01	5.30000000e+01	6.90000000e+01
-197	2.78051000e+05	5.20000000e+01	5.30000000e+01	6.90000000e+01
-196	2.79021000e+05	5.20000000e+01	5.30000000e+01	6.90000000e+01
-195	2.80209000e+05	5.20000000e+01	5.30000000e+01	6.90000000e+01
-194	2.81505000e+05	5.20000000e+01	5.30000000e+01	6.90000000e+01
-193	2.82998000e+05	5.20000000e+01	5.30000000e+01	6.90000000e+01
-192	2.84228000e+05	5.10000000e+01	5.30000000e+01	7.00000000e+01
-191	2.85437000e+05	5.10000000e+01	5.30000000e+01	7.00000000e+01
-190	2.86614000e+05	5.10000000e+01	5.30000000e+01	7.00000000e+01
-189	2.87842000e+05	5.10000000e+01	5.30000000e+01	7.00000000e+01
-188	2.89009000e+05	5.10000000e+01	5.30000000e+01	7.00000000e+01
-187	2.90311000e+05	5.10000000e+01	5.30000000e+01	7.00000000e+01
-186	2.91639000e+05	5.10000000e+01	5.30000000e+01	7.00000000e+01
-185	2.92888000e+05	5.10000000e+01	5.40000000e+01	7.10000000e+01
-184	2.94182000e+05	5.10000000e+01	5.40000000e+01	7.10000000e+01
-183	2.94182000e+05	5.10000000e+01	5.40000000e+01	7.10000000e+01
-182	2.94182000e+05	5.10000000e+01	5.40000000e+01	7.10000000e+01
-181	2.94182000e+05	5.10000000e+01	5.40000000e+01	7.10000000e+01
-180	2.95466000e+05	5.10000000e+01	5.40000000e+01	7.10000000e+01
-179	2.96653000e+05	5.30000000e+01	5.50000000e+01	7.40000000e+01
-178	2.97787000e+05	5.30000000e+01	5.50000000e+01	7.40000000e+01
-177	2.98957000e+05	5.30000000e+01	5.50000000e+01	7.40000000e+01
-176	3.00183000e+05	5.30000000e+01	5.50000000e+01	7.40000000e+01
-175	3.01260000e+05	5.30000000e+01	5.50000000e+01	7.40000000e+01
-174	3.02462000e+05	5.30000000e+01	5.50000000e+01	7.40000000e+01
-173	3.03641000e+05	5.30000000e+01	5.50000000e+01	7.40000000e+01
-172	3.04937000e+05	5.30000000e+01	5.50000000e+01	7.40000000e+01
-171	3.06395000e+05	5.60000000e+01	5.60000000e+01	7.60000000e+01
-170	3.07860000e+05	5.60000000e+01	5.70000000e+01	7.70000000e+01
-169	3.09195000e+05	5.60000000e+01	5.70000000e+01	7.70000000e+01
-168	3.10510000e+05	5.60000000e+01	5.70000000e+01	7.70000000e+01
-167	3.11919000e+05	5.60000000e+01	5.70000000e+01	7.70000000e+01
-166	3.13247000e+05	5.60000000e+01	5.70000000e+01	7.70000000e+01
-165	3.14678000e+05	5.60000000e+01	5.70000000e+01	7.70000000e+01
-164	3.16287000e+05	5.60000000e+01	5.70000000e+01	7.70000000e+01
-163	3.18113000e+05	5.60000000e+01	5.70000000e+01	7.70000000e+01
-162	3.19924000e+05	5.60000000e+01	5.70000000e+01	7.70000000e+01
-161	3.22249000e+05	5.60000000e+01	5.70000000e+01	7.70000000e+01
-160	3.27664000e+05	5.60000000e+01	6.00000000e+01	8.00000000e+01
-159	3.31544000e+05	5.60000000e+01	6.00000000e+01	8.00000000e+01
-158	3.34953000e+05	5.80000000e+01	6.20000000e+01	8.20000000e+01
-157	3.37835000e+05	5.80000000e+01	6.20000000e+01	8.20000000e+01
-156	3.42249000e+05	6.10000000e+01	6.30000000e+01	8.30000000e+01
-155	3.50465000e+05	6.10000000e+01	6.30000000e+01	8.30000000e+01
-154	3.58518000e+05	6.30000000e+01	6.50000000e+01	8.60000000e+01
-153	3.65794000e+05	6.30000000e+01	6.60000000e+01	8.70000000e+01
-152	3.72732000e+05	6.40000000e+01	6.70000000e+01	8.80000000e+01
-151	3.72732000e+05	6.50000000e+01	6.80000000e+01	8.90000000e+01
-150	3.76703000e+05	6.50000000e+01	6.80000000e+01	8.90000000e+01
-149	3.79406000e+05	6.50000000e+01	6.80000000e+01	8.90000000e+01
-148	3.81935000e+05	6.70000000e+01	6.90000000e+01	9.00000000e+01
-147	3.84013000e+05	6.70000000e+01	7.00000000e+01	9.10000000e+01
-146	3.86868000e+05	6.90000000e+01	7.10000000e+01	9.20000000e+01
-145	3.89192000e+05	6.90000000e+01	7.20000000e+01	9.30000000e+01
-144	3.89192000e+05	6.90000000e+01	7.20000000e+01	9.30000000e+01
-143	3.91492000e+05	6.90000000e+01	7.30000000e+01	9.40000000e+01
-142	3.93430000e+05	7.20000000e+01	7.50000000e+01	9.70000000e+01
-141	3.95454000e+05	7.20000000e+01	7.50000000e+01	9.70000000e+01
-140	3.97257000e+05	7.20000000e+01	7.50000000e+01	9.70000000e+01
-139	3.99410000e+05	6.90000000e+01	7.60000000e+01	9.80000000e+01
-138	4.01588000e+05	7.20000000e+01	7.70000000e+01	9.90000000e+01
-137	4.03871000e+05	7.20000000e+01	7.70000000e+01	9.90000000e+01
-136	4.06120000e+05	7.10000000e+01	7.80000000e+01	1.00000000e+02
-135	4.09383000e+05	7.80000000e+01	8.00000000e+01	1.02000000e+02
-134	4.12109000e+05	7.80000000e+01	8.00000000e+01	1.02000000e+02
-133	4.14485000e+05	7.80000000e+01	8.00000000e+01	1.02000000e+02
-132	4.17306000e+05	7.80000000e+01	8.00000000e+01	1.02000000e+02
-131	4.20207000e+05	7.80000000e+01	8.00000000e+01	1.02000000e+02
-130	4.22911000e+05	7.80000000e+01	8.00000000e+01	1.02000000e+02
-129	4.25864000e+05	7.60000000e+01	8.20000000e+01	1.04000000e+02
-128	4.27946000e+05	7.60000000e+01	8.30000000e+01	1.05000000e+02
-127	4.30603000e+05	7.60000000e+01	8.30000000e+01	1.05000000e+02
-126	4.32820000e+05	7.60000000e+01	8.30000000e+01	1.05000000e+02
-125	4.34872000e+05	7.70000000e+01	8.40000000e+01	1.06000000e+02
-124	4.37148000e+05	7.70000000e+01	8.50000000e+01	1.07000000e+02
-123	4.39458000e+05	7.70000000e+01	8.60000000e+01	1.08000000e+02
-122	4.42336000e+05	8.20000000e+01	8.70000000e+01	1.11000000e+02
-121	4.47245000e+05	7.80000000e+01	8.90000000e+01	1.14000000e+02
-120	4.50542000e+05	7.80000000e+01	8.90000000e+01	1.14000000e+02
-119	4.54493000e+05	8.40000000e+01	9.20000000e+01	1.17000000e+02
-118	4.59295000e+05	8.60000000e+01	9.30000000e+01	1.19000000e+02
-117	4.63207000e+05	8.60000000e+01	9.30000000e+01	1.19000000e+02
-116	4.67058000e+05	8.90000000e+01	9.40000000e+01	1.20000000e+02
-115	4.71221000e+05	8.70000000e+01	9.50000000e+01	1.21000000e+02
-114	4.81620000e+05	9.10000000e+01	9.70000000e+01	1.23000000e+02
-113	4.92405000e+05	9.50000000e+01	1.01000000e+02	1.27000000e+02
-112	5.00106000e+05	9.50000000e+01	1.02000000e+02	1.28000000e+02
-111	5.04160000e+05	9.50000000e+01	1.02000000e+02	1.28000000e+02
-110	5.08911000e+05	9.50000000e+01	1.02000000e+02	1.28000000e+02
-109	5.14083000e+05	9.50000000e+01	1.02000000e+02	1.28000000e+02
-108	5.19448000e+05	9.50000000e+01	1.02000000e+02	1.28000000e+02
-107	5.24445000e+05	9.50000000e+01	1.04000000e+02	1.30000000e+02
-106	5.29053000e+05	9.60000000e+01	1.05000000e+02	1.31000000e+02
-105	5.33509000e+05	9.60000000e+01	1.05000000e+02	1.31000000e+02
-104	5.37292000e+05	9.50000000e+01	1.06000000e+02	1.32000000e+02
-103	5.42906000e+05	9.50000000e+01	1.06000000e+02	1.32000000e+02
-102	5.47762000e+05	9.90000000e+01	1.08000000e+02	1.34000000e+02
-101	5.52220000e+05	1.00000000e+02	1.09000000e+02	1.35000000e+02
-100	5.56314000e+05	1.00000000e+02	1.09000000e+02	1.35000000e+02
-99	5.61431000e+05	9.70000000e+01	1.10000000e+02	1.36000000e+02
-98	5.67074000e+05	9.70000000e+01	1.10000000e+02	1.36000000e+02
-97	5.72739000e+05	9.70000000e+01	1.10000000e+02	1.36000000e+02
-96	5.81386000e+05	9.80000000e+01	1.11000000e+02	1.37000000e+02
-95	5.88628000e+05	9.90000000e+01	1.12000000e+02	1.38000000e+02
-94	5.95348000e+05	9.90000000e+01	1.12000000e+02	1.38000000e+02
-93	6.01830000e+05	9.90000000e+01	1.12000000e+02	1.38000000e+02
-92	6.07622000e+05	1.03000000e+02	1.15000000e+02	1.42000000e+02
-91	6.13358000e+05	1.04000000e+02	1.16000000e+02	1.43000000e+02
-90	6.18702000e+05	1.05000000e+02	1.17000000e+02	1.44000000e+02
-89	6.24312000e+05	1.11000000e+02	1.21000000e+02	1.49000000e+02
-88	6.29465000e+05	1.12000000e+02	1.22000000e+02	1.50000000e+02
-87	6.36116000e+05	1.10000000e+02	1.23000000e+02	1.51000000e+02
-86	6.41679000e+05	1.10000000e+02	1.23000000e+02	1.51000000e+02
-85	6.46972000e+05	1.05000000e+02	1.24000000e+02	1.52000000e+02
-84	6.51095000e+05	1.12000000e+02	1.25000000e+02	1.53000000e+02
-83	6.55781000e+05	1.12000000e+02	1.25000000e+02	1.53000000e+02
-82	6.55781000e+05	1.11000000e+02	1.26000000e+02	1.54000000e+02
-81	6.55781000e+05	1.11000000e+02	1.26000000e+02	1.54000000e+02
-80	6.60771000e+05	1.13000000e+02	1.26000000e+02	1.55000000e+02
-79	6.64788000e+05	1.13000000e+02	1.27000000e+02	1.56000000e+02
-78	6.68457000e+05	1.13000000e+02	1.27000000e+02	1.56000000e+02
-77	6.72538000e+05	1.10000000e+02	1.28000000e+02	1.59000000e+02
-76	6.76508000e+05	1.10000000e+02	1.28000000e+02	1.59000000e+02
-75	6.80585000e+05	1.13000000e+02	1.30000000e+02	1.62000000e+02
-74	6.85158000e+05	1.38000000e+02	1.55000000e+02	1.96000000e+02
-73	6.89178000e+05	1.35000000e+02	1.59000000e+02	2.00000000e+02
-72	6.92996000e+05	1.37000000e+02	1.61000000e+02	2.02000000e+02
-71	6.97619000e+05	1.39000000e+02	1.63000000e+02	2.04000000e+02
-70	7.01850000e+05	1.39000000e+02	1.63000000e+02	2.04000000e+02
-69	7.05419000e+05	1.39000000e+02	1.63000000e+02	2.04000000e+02
-68	7.09820000e+05	1.42000000e+02	1.65000000e+02	2.07000000e+02
-67	7.14311000e+05	1.42000000e+02	1.65000000e+02	2.07000000e+02
-66	7.14311000e+05	1.42000000e+02	1.65000000e+02	2.07000000e+02
-65	7.17583000e+05	1.45000000e+02	1.66000000e+02	2.08000000e+02
-64	7.21073000e+05	1.45000000e+02	1.66000000e+02	2.08000000e+02
-63	7.24508000e+05	1.45000000e+02	1.66000000e+02	2.08000000e+02
-62	7.27723000e+05	1.44000000e+02	1.67000000e+02	2.09000000e+02
-61	7.31250000e+05	1.44000000e+02	1.67000000e+02	2.09000000e+02
-60	7.35156000e+05	1.46000000e+02	1.68000000e+02	2.10000000e+02
-59	7.40453000e+05	1.44000000e+02	1.69000000e+02	2.11000000e+02
-58	7.44771000e+05	1.44000000e+02	1.69000000e+02	2.11000000e+02
-57	7.48550000e+05	1.44000000e+02	1.69000000e+02	2.11000000e+02
-56	7.52050000e+05	1.44000000e+02	1.69000000e+02	2.11000000e+02
-55	7.56958000e+05	1.50000000e+02	1.72000000e+02	2.14000000e+02
-54	7.64353000e+05	1.50000000e+02	1.74000000e+02	2.16000000e+02
-53	7.72154000e+05	1.54000000e+02	1.77000000e+02	2.19000000e+02
-52	7.78568000e+05	1.55000000e+02	1.83000000e+02	2.27000000e+02
-51	7.78568000e+05	1.58000000e+02	1.87000000e+02	2.32000000e+02
-50	7.83505000e+05	1.58000000e+02	1.87000000e+02	2.32000000e+02
-49	7.87484000e+05	1.58000000e+02	1.87000000e+02	2.32000000e+02
-48	7.91867000e+05	1.63000000e+02	1.88000000e+02	2.33000000e+02
-47	7.96593000e+05	1.58000000e+02	1.89000000e+02	2.34000000e+02
-46	8.01695000e+05	1.63000000e+02	1.91000000e+02	2.36000000e+02
-45	8.07034000e+05	1.62000000e+02	1.92000000e+02	2.37000000e+02
-44	8.11704000e+05	1.62000000e+02	1.92000000e+02	2.37000000e+02
-43	8.15856000e+05	1.67000000e+02	1.94000000e+02	2.40000000e+02
-42	8.20930000e+05	1.74000000e+02	1.96000000e+02	2.42000000e+02
-41	8.26405000e+05	1.74000000e+02	1.96000000e+02	2.42000000e+02
-40	8.31780000e+05	1.72000000e+02	1.98000000e+02	2.45000000e+02
-39	8.37237000e+05	1.72000000e+02	1.99000000e+02	2.46000000e+02
-38	8.50765000e+05	1.70000000e+02	2.00000000e+02	2.48000000e+02
-37	8.61765000e+05	1.77000000e+02	2.02000000e+02	2.50000000e+02
-36	8.67266000e+05	1.82000000e+02	2.05000000e+02	2.53000000e+02
-35	8.72592000e+05	1.84000000e+02	2.07000000e+02	2.55000000e+02
-34	8.81223000e+05	1.78000000e+02	2.10000000e+02	2.59000000e+02
-33	8.97577000e+05	1.79000000e+02	2.12000000e+02	2.61000000e+02
-32	9.08855000e+05	1.97000000e+02	2.19000000e+02	2.74000000e+02
-31	9.18852000e+05	2.14000000e+02	2.28000000e+02	2.89000000e+02
-30	9.27385000e+05	2.12000000e+02	2.30000000e+02	2.91000000e+02
-29	9.35560000e+05	2.12000000e+02	2.31000000e+02	2.92000000e+02
-28	9.47684000e+05	2.18000000e+02	2.33000000e+02	2.95000000e+02
-27	9.62538000e+05	2.08000000e+02	2.37000000e+02	3.00000000e+02
-26	9.75719000e+05	2.13000000e+02	2.42000000e+02	3.05000000e+02
-25	9.89159000e+05	2.20000000e+02	2.43000000e+02	3.06000000e+02
-24	1.00655600e+06	2.29000000e+02	2.44000000e+02	3.07000000e+02
-23	1.02404100e+06	2.23000000e+02	2.56000000e+02	3.21000000e+02
-22	1.04286100e+06	2.28000000e+02	2.62000000e+02	3.27000000e+02
-21	1.06065600e+06	2.35000000e+02	2.68000000e+02	3.36000000e+02
-20	1.08333500e+06	2.42000000e+02	2.76000000e+02	3.44000000e+02
-19	1.10505600e+06	2.46000000e+02	2.94000000e+02	3.71000000e+02
-18	1.12820600e+06	2.59000000e+02	3.10000000e+02	3.93000000e+02
-17	1.15095300e+06	2.72000000e+02	3.28000000e+02	4.24000000e+02
-16	1.16971200e+06	2.70000000e+02	3.33000000e+02	4.32000000e+02
-15	1.19064400e+06	2.70000000e+02	3.39000000e+02	4.44000000e+02
-14	1.22281700e+06	2.86000000e+02	3.51000000e+02	4.67000000e+02
-13	1.25516700e+06	3.08000000e+02	3.65000000e+02	4.86000000e+02
-12	1.28405100e+06	3.22000000e+02	3.81000000e+02	5.11000000e+02
-11	1.31364000e+06	3.28000000e+02	3.99000000e+02	5.32000000e+02
-10	1.34073800e+06	3.37000000e+02	4.06000000e+02	5.44000000e+02
-9	1.36762200e+06	3.45000000e+02	4.12000000e+02	5.50000000e+02
-8	1.39510000e+06	3.48000000e+02	4.18000000e+02	5.57000000e+02
-7	1.42672000e+06	3.54000000e+02	4.28000000e+02	5.69000000e+02
-6	1.45730400e+06	3.73000000e+02	4.39000000e+02	5.89000000e+02
-5	1.48479500e+06	3.72000000e+02	4.51000000e+02	6.09000000e+02
-4	1.51529200e+06	3.82000000e+02	4.56000000e+02	6.18000000e+02
-3	1.54321800e+06	3.79000000e+02	4.65000000e+02	6.30000000e+02
-2	1.57667100e+06	3.92000000e+02	4.81000000e+02	6.49000000e+02
-1	1.61299500e+06	4.16000000e+02	5.01000000e+02	6.77000000e+02
0	1.66158000e+06	4.16000000e+02	5.14000000e+02	6.93000000e+02
1	1.74702700e+06	4.45000000e+02	5.41000000e+02	7.30000000e+02
2	1.86455800e+06	4.69000000e+02	5.90000000e+02	8.03000000e+02
3	1.96303600e+06	5.19000000e+02	6.43000000e+02	8.68000000e+02
4	2.04413100e+06	5.52000000e+02	6.86000000e+02	9.27000000e+02
5	2.09578600e+06	5.56000000e+02	7.03000000e+02	9.46000000e+02
6	2.13512200e+06	5.70000000e+02	7.17000000e+02	9.63000000e+02
7	2.17062100e+06	5.81000000e+02	7.31000000e+02	9.80000000e+02
8	2.20915100e+06	5.50000000e+02	7.47000000e+02	1.00100000e+03
9	2.25724200e+06	5.58000000e+02	7.61000000e+02	1.01700000e+03
10	2.31095300e+06	5.76000000e+02	7.87000000e+02	1.04800000e+03
11	2.35549700e+06	5.90000000e+02	8.06000000e+02	1.07800000e+03
12	2.38828700e+06	6.00000000e+02	8.24000000e+02	1.09600000e+03
13	2.41480100e+06	6.07000000e+02	8.37000000e+02	1.11200000e+03
14	2.43743000e+06	6.10000000e+02	8.42000000e+02	1.11700000e+03
15	2.46088800e+06	6.11000000e+02	8.43000000e+02	1.12100000e+03
16	2.48957100e+06	6.19000000e+02	8.55000000e+02	1.13500000e+03
17	2.52153700e+06	6.28000000e+02	8.71000000e+02	1.15700000e+03
18	2.54823600e+06	6.32000000e+02	8.80000000e+02	1.16900000e+03
19	2.56750000e+06	6.35000000e+02	8.83000000e+02	1.17200000e+03
20	2.58465700e+06	6.41000000e+02	8.94000000e+02	1.18500000e+03
21	2.60067600e+06	6.42000000e+02	8.95000000e+02	1.18600000e+03
22	2.61707600e+06	6.50000000e+02	9.04000000e+02	1.19700000e+03
23	2.64214900e+06	6.53000000e+02	9.08000000e+02	1.20100000e+03
24	2.67057800e+06	6.57000000e+02	9.13000000e+02	1.20600000e+03
25	2.69586400e+06	6.68000000e+02	9.25000000e+02	1.21900000e+03
26	2.71542500e+06	6.75000000e+02	9.36000000e+02	1.23000000e+03
27	2.73333200e+06	6.78000000e+02	9.40000000e+02	1.23500000e+03
28	2.74856900e+06	6.80000000e+02	9.46000000e+02	1.24100000e+03
29	2.76490700e+06	6.81000000e+02	9.48000000e+02	1.24300000e+03
30	2.78751400e+06	6.83000000e+02	9.53000000e+02	1.24900000e+03
31	2.80987700e+06	6.93000000e+02	9.66000000e+02	1.27100000e+03
32	2.82675600e+06	7.01000000e+02	9.78000000e+02	1.29200000e+03
33	2.83830000e+06	7.05000000e+02	9.85000000e+02	1.30000000e+03
34	2.84830000e+06	7.10000000e+02	9.93000000e+02	1.31100000e+03
35	2.86095400e+06	7.15000000e+02	9.99000000e+02	1.31700000e+03
36	2.87413300e+06	7.19000000e+02	1.00300000e+03	1.32100000e+03
37	2.88962700e+06	7.28000000e+02	1.01500000e+03	1.33400000e+03
38	2.90556500e+06	7.29000000e+02	1.01900000e+03	1.33800000e+03
39	2.91765900e+06	7.33000000e+02	1.02600000e+03	1.34600000e+03
40	2.92825900e+06	7.35000000e+02	1.03000000e+03	1.35000000e+03
41	2.93852100e+06	7.36000000e+02	1.03300000e+03	1.35300000e+03
42	2.94812900e+06	7.39000000e+02	1.03700000e+03	1.35900000e+03
43	2.95716800e+06	7.43000000e+02	1.04600000e+03	1.37200000e+03
44	2.96974600e+06	7.47000000e+02	1.05200000e+03	1.38000000e+03
45	2.98191600e+06	7.52000000e+02	1.05900000e+03	1.38800000e+03
46	2.99404500e+06	7.53000000e+02	1.06100000e+03	1.39000000e+03
47	3.00483000e+06	7.56000000e+02	1.06500000e+03	1.39400000e+03
48	3.01512200e+06	7.61000000e+02	1.07000000e+03	1.39900000e+03
49	3.02497000e+06	7.65000000e+02	1.07500000e+03	1.40500000e+03
50	3.03530900e+06	7.71000000e+02	1.08100000e+03	1.41200000e+03
51	3.04752500e+06	7.74000000e+02	1.08400000e+03	1.41500000e+03
52	3.06000900e+06	7.78000000e+02	1.09000000e+03	1.42300000e+03
53	3.07144100e+06	7.78000000e+02	1.09100000e+03	1.42400000e+03
54	3.08042600e+06	7.79000000e+02	1.09300000e+03	1.42600000e+03
55	3.08848500e+06	7.82000000e+02	1.09600000e+03	1.43100000e+03
56	3.09670400e+06	7.82000000e+02	1.09700000e+03	1.43200000e+03
57	3.10170800e+06	7.82000000e+02	1.09700000e+03	1.43200000e+03
58	3.10376100e+06	7.82000000e+02	1.09700000e+03	1.43200000e+03
59	3.10543000e+06	7.83000000e+02	1.09800000e+03	1.43300000e+03
60	3.10727100e+06	7.84000000e+02	1.09900000e+03	1.43400000e+03
61	3.11063700e+06	7.84000000e+02	1.09900000e+03	1.43400000e+03
62	3.11589600e+06	7.84000000e+02	1.09900000e+03	1.43400000e+03
63	3.12284900e+06	7.85000000e+02	1.10000000e+03	1.43700000e+03
64	3.13019200e+06	7.87000000e+02	1.10500000e+03	1.44300000e+03
65	3.13964600e+06	7.87000000e+02	1.10500000e+03	1.44300000e+03
66	3.14884000e+06	7.92000000e+02	1.11100000e+03	1.44900000e+03
67	3.15747000e+06	7.92000000e+02	1.11100000e+03	1.44900000e+03
68	3.16472200e+06	7.94000000e+02	1.11300000e+03	1.45100000e+03
69	3.17219100e+06	7.97000000e+02	1.12000000e+03	1.45800000e+03
70	3.17841100e+06	8.01000000e+02	1.12600000e+03	1.46500000e+03
71	3.18487200e+06	8.02000000e+02	1.12700000e+03	1.46700000e+03
72	3.18487200e+06	8.04000000e+02	1.12900000e+03	1.46900000e+03
73	3.18790200e+06	8.04000000e+02	1.12900000e+03	1.46900000e+03
74	3.18790200e+06	8.04000000e+02	1.12900000e+03	1.46900000e+03
75	3.19486800e+06	8.06000000e+02	1.13100000e+03	1.47100000e+03
76	3.20227700e+06	8.09000000e+02	1.13400000e+03	1.47400000e+03
77	3.20934200e+06	8.13000000e+02	1.13800000e+03	1.47800000e+03
78	3.21711200e+06	8.14000000e+02	1.13900000e+03	1.47900000e+03
79	3.22440900e+06	8.16000000e+02	1.14100000e+03	1.48100000e+03
80	3.23152300e+06	8.18000000e+02	1.14400000e+03	1.48400000e+03
81	3.23152300e+06	8.20000000e+02	1.14600000e+03	1.48900000e+03
82	3.23803100e+06	8.21000000e+02	1.14700000e+03	1.49000000e+03
83	3.23803100e+06	8.24000000e+02	1.15400000e+03	1.49800000e+03
84	3.23803100e+06	8.24000000e+02	1.15400000e+03	1.49800000e+03
85	3.23803100e+06	8.24000000e+02	1.15500000e+03	1.49900000e+03
86	3.23803100e+06	8.24000000e+02	1.15500000e+03	1.49900000e+03
87	3.24447900e+06	8.25000000e+02	1.15600000e+03	1.50300000e+03
88	3.25034100e+06	8.26000000e+02	1.16000000e+03	1.50700000e+03
89	3.25616000e+06	8.26000000e+02	1.16000000e+03	1.50700000e+03
90	3.26181800e+06	8.27000000e+02	1.16100000e+03	1.50900000e+03
91	3.26749700e+06	8.28000000e+02	1.16200000e+03	1.51000000e+03
92	3.27413900e+06	8.28000000e+02	1.16200000e+03	1.51000000e+03
93	3.28198800e+06	8.28000000e+02	1.16300000e+03	1.51100000e+03
94	3.28996800e+06	8.30000000e+02	1.16600000e+03	1.51400000e+03
95	3.29693400e+06	8.31000000e+02	1.16800000e+03	1.51700000e+03
96	3.30336300e+06	8.31000000e+02	1.16900000e+03	1.51800000e+03
97	3.30986700e+06	8.31000000e+02	1.16900000e+03	1.51800000e+03
98	3.31780300e+06	8.31000000e+02	1.16900000e+03	1.51800000e+03
99	3.32882000e+06	8.31000000e+02	1.16900000e+03	1.51800000e+03
100	3.34065000e+06	8.33000000e+02	1.17100000e+03	1.52100000e+03
