Day_(movie_time)	Views	Users	Rigor	Edits
-500	0.00000000e+00	0.00000000e+00	0.00000000e+00	0.00000000e+00
-499	0.00000000e+00	0.00000000e+00	0.00000000e+00	0.00000000e+00
-498	0.00000000e+00	0.00000000e+00	0.00000000e+00	0.00000000e+00
-497	0.00000000e+00	0.00000000e+00	0.00000000e+00	0.00000000e+00
-496	0.00000000e+00	0.00000000e+00	0.00000000e+00	0.00000000e+00
-495	0.00000000e+00	0.00000000e+00	0.00000000e+00	0.00000000e+00
-494	0.00000000e+00	0.00000000e+00	0.00000000e+00	0.00000000e+00
-493	0.00000000e+00	0.00000000e+00	0.00000000e+00	0.00000000e+00
-492	0.00000000e+00	0.00000000e+00	0.00000000e+00	0.00000000e+00
-491	0.00000000e+00	0.00000000e+00	0.00000000e+00	0.00000000e+00
-490	0.00000000e+00	0.00000000e+00	0.00000000e+00	0.00000000e+00
-489	0.00000000e+00	0.00000000e+00	0.00000000e+00	0.00000000e+00
-488	0.00000000e+00	0.00000000e+00	0.00000000e+00	0.00000000e+00
-487	0.00000000e+00	0.00000000e+00	0.00000000e+00	0.00000000e+00
-486	0.00000000e+00	0.00000000e+00	0.00000000e+00	0.00000000e+00
-485	0.00000000e+00	0.00000000e+00	0.00000000e+00	0.00000000e+00
-484	0.00000000e+00	0.00000000e+00	0.00000000e+00	0.00000000e+00
-483	0.00000000e+00	0.00000000e+00	0.00000000e+00	0.00000000e+00
-482	0.00000000e+00	0.00000000e+00	0.00000000e+00	0.00000000e+00
-481	0.00000000e+00	0.00000000e+00	0.00000000e+00	0.00000000e+00
-480	0.00000000e+00	0.00000000e+00	0.00000000e+00	0.00000000e+00
-479	0.00000000e+00	0.00000000e+00	0.00000000e+00	0.00000000e+00
-478	0.00000000e+00	0.00000000e+00	0.00000000e+00	0.00000000e+00
-477	0.00000000e+00	0.00000000e+00	0.00000000e+00	0.00000000e+00
-476	0.00000000e+00	0.00000000e+00	0.00000000e+00	0.00000000e+00
-475	0.00000000e+00	0.00000000e+00	0.00000000e+00	0.00000000e+00
-474	0.00000000e+00	0.00000000e+00	0.00000000e+00	0.00000000e+00
-473	0.00000000e+00	0.00000000e+00	0.00000000e+00	0.00000000e+00
-472	0.00000000e+00	0.00000000e+00	0.00000000e+00	0.00000000e+00
-471	0.00000000e+00	0.00000000e+00	0.00000000e+00	0.00000000e+00
-470	0.00000000e+00	0.00000000e+00	0.00000000e+00	0.00000000e+00
-469	0.00000000e+00	0.00000000e+00	0.00000000e+00	0.00000000e+00
-468	0.00000000e+00	0.00000000e+00	0.00000000e+00	0.00000000e+00
-467	0.00000000e+00	0.00000000e+00	0.00000000e+00	0.00000000e+00
-466	0.00000000e+00	0.00000000e+00	0.00000000e+00	0.00000000e+00
-465	0.00000000e+00	0.00000000e+00	0.00000000e+00	0.00000000e+00
-464	0.00000000e+00	0.00000000e+00	0.00000000e+00	0.00000000e+00
-463	0.00000000e+00	0.00000000e+00	0.00000000e+00	0.00000000e+00
-462	0.00000000e+00	0.00000000e+00	0.00000000e+00	0.00000000e+00
-461	0.00000000e+00	0.00000000e+00	0.00000000e+00	0.00000000e+00
-460	0.00000000e+00	0.00000000e+00	0.00000000e+00	0.00000000e+00
-459	0.00000000e+00	0.00000000e+00	0.00000000e+00	0.00000000e+00
-458	0.00000000e+00	0.00000000e+00	0.00000000e+00	0.00000000e+00
-457	0.00000000e+00	0.00000000e+00	0.00000000e+00	0.00000000e+00
-456	0.00000000e+00	0.00000000e+00	0.00000000e+00	0.00000000e+00
-455	0.00000000e+00	0.00000000e+00	0.00000000e+00	0.00000000e+00
-454	0.00000000e+00	0.00000000e+00	0.00000000e+00	0.00000000e+00
-453	0.00000000e+00	0.00000000e+00	0.00000000e+00	0.00000000e+00
-452	0.00000000e+00	0.00000000e+00	0.00000000e+00	0.00000000e+00
-451	0.00000000e+00	0.00000000e+00	0.00000000e+00	0.00000000e+00
-450	0.00000000e+00	0.00000000e+00	0.00000000e+00	0.00000000e+00
-449	0.00000000e+00	0.00000000e+00	0.00000000e+00	0.00000000e+00
-448	0.00000000e+00	0.00000000e+00	0.00000000e+00	0.00000000e+00
-447	0.00000000e+00	0.00000000e+00	0.00000000e+00	0.00000000e+00
-446	0.00000000e+00	0.00000000e+00	0.00000000e+00	0.00000000e+00
-445	0.00000000e+00	0.00000000e+00	0.00000000e+00	0.00000000e+00
-444	0.00000000e+00	0.00000000e+00	0.00000000e+00	0.00000000e+00
-443	0.00000000e+00	0.00000000e+00	0.00000000e+00	0.00000000e+00
-442	0.00000000e+00	0.00000000e+00	0.00000000e+00	0.00000000e+00
-441	0.00000000e+00	0.00000000e+00	0.00000000e+00	0.00000000e+00
-440	0.00000000e+00	0.00000000e+00	0.00000000e+00	0.00000000e+00
-439	0.00000000e+00	0.00000000e+00	0.00000000e+00	0.00000000e+00
-438	0.00000000e+00	0.00000000e+00	0.00000000e+00	0.00000000e+00
-437	0.00000000e+00	0.00000000e+00	0.00000000e+00	0.00000000e+00
-436	0.00000000e+00	0.00000000e+00	0.00000000e+00	0.00000000e+00
-435	0.00000000e+00	0.00000000e+00	0.00000000e+00	0.00000000e+00
-434	0.00000000e+00	0.00000000e+00	0.00000000e+00	0.00000000e+00
-433	0.00000000e+00	0.00000000e+00	0.00000000e+00	0.00000000e+00
-432	0.00000000e+00	0.00000000e+00	0.00000000e+00	0.00000000e+00
-431	0.00000000e+00	0.00000000e+00	0.00000000e+00	0.00000000e+00
-430	0.00000000e+00	0.00000000e+00	0.00000000e+00	0.00000000e+00
-429	0.00000000e+00	0.00000000e+00	0.00000000e+00	0.00000000e+00
-428	0.00000000e+00	0.00000000e+00	0.00000000e+00	0.00000000e+00
-427	0.00000000e+00	0.00000000e+00	0.00000000e+00	0.00000000e+00
-426	0.00000000e+00	0.00000000e+00	0.00000000e+00	0.00000000e+00
-425	0.00000000e+00	0.00000000e+00	0.00000000e+00	0.00000000e+00
-424	0.00000000e+00	0.00000000e+00	0.00000000e+00	0.00000000e+00
-423	0.00000000e+00	0.00000000e+00	0.00000000e+00	0.00000000e+00
-422	0.00000000e+00	0.00000000e+00	0.00000000e+00	0.00000000e+00
-421	0.00000000e+00	0.00000000e+00	0.00000000e+00	0.00000000e+00
-420	0.00000000e+00	0.00000000e+00	0.00000000e+00	0.00000000e+00
-419	0.00000000e+00	0.00000000e+00	0.00000000e+00	0.00000000e+00
-418	0.00000000e+00	0.00000000e+00	0.00000000e+00	0.00000000e+00
-417	0.00000000e+00	0.00000000e+00	0.00000000e+00	0.00000000e+00
-416	0.00000000e+00	0.00000000e+00	0.00000000e+00	0.00000000e+00
-415	0.00000000e+00	0.00000000e+00	0.00000000e+00	0.00000000e+00
-414	0.00000000e+00	0.00000000e+00	0.00000000e+00	0.00000000e+00
-413	0.00000000e+00	0.00000000e+00	0.00000000e+00	0.00000000e+00
-412	0.00000000e+00	0.00000000e+00	0.00000000e+00	0.00000000e+00
-411	0.00000000e+00	0.00000000e+00	0.00000000e+00	0.00000000e+00
-410	0.00000000e+00	0.00000000e+00	0.00000000e+00	0.00000000e+00
-409	0.00000000e+00	0.00000000e+00	0.00000000e+00	0.00000000e+00
-408	0.00000000e+00	0.00000000e+00	0.00000000e+00	0.00000000e+00
-407	0.00000000e+00	0.00000000e+00	0.00000000e+00	0.00000000e+00
-406	0.00000000e+00	0.00000000e+00	0.00000000e+00	0.00000000e+00
-405	0.00000000e+00	0.00000000e+00	0.00000000e+00	0.00000000e+00
-404	0.00000000e+00	0.00000000e+00	0.00000000e+00	0.00000000e+00
-403	0.00000000e+00	0.00000000e+00	0.00000000e+00	0.00000000e+00
-402	0.00000000e+00	0.00000000e+00	0.00000000e+00	0.00000000e+00
-401	0.00000000e+00	0.00000000e+00	0.00000000e+00	0.00000000e+00
-400	0.00000000e+00	0.00000000e+00	0.00000000e+00	0.00000000e+00
-399	0.00000000e+00	0.00000000e+00	0.00000000e+00	0.00000000e+00
-398	0.00000000e+00	0.00000000e+00	0.00000000e+00	0.00000000e+00
-397	0.00000000e+00	0.00000000e+00	0.00000000e+00	0.00000000e+00
-396	0.00000000e+00	0.00000000e+00	0.00000000e+00	0.00000000e+00
-395	0.00000000e+00	0.00000000e+00	0.00000000e+00	0.00000000e+00
-394	0.00000000e+00	0.00000000e+00	0.00000000e+00	0.00000000e+00
-393	0.00000000e+00	0.00000000e+00	0.00000000e+00	0.00000000e+00
-392	0.00000000e+00	0.00000000e+00	0.00000000e+00	0.00000000e+00
-391	0.00000000e+00	0.00000000e+00	0.00000000e+00	0.00000000e+00
-390	0.00000000e+00	0.00000000e+00	0.00000000e+00	0.00000000e+00
-389	0.00000000e+00	0.00000000e+00	0.00000000e+00	0.00000000e+00
-388	0.00000000e+00	0.00000000e+00	0.00000000e+00	0.00000000e+00
-387	0.00000000e+00	0.00000000e+00	0.00000000e+00	0.00000000e+00
-386	0.00000000e+00	0.00000000e+00	0.00000000e+00	0.00000000e+00
-385	0.00000000e+00	0.00000000e+00	0.00000000e+00	0.00000000e+00
-384	0.00000000e+00	0.00000000e+00	0.00000000e+00	0.00000000e+00
-383	0.00000000e+00	0.00000000e+00	0.00000000e+00	0.00000000e+00
-382	0.00000000e+00	0.00000000e+00	0.00000000e+00	0.00000000e+00
-381	0.00000000e+00	0.00000000e+00	0.00000000e+00	0.00000000e+00
-380	0.00000000e+00	0.00000000e+00	0.00000000e+00	0.00000000e+00
-379	0.00000000e+00	0.00000000e+00	0.00000000e+00	0.00000000e+00
-378	0.00000000e+00	0.00000000e+00	0.00000000e+00	0.00000000e+00
-377	0.00000000e+00	0.00000000e+00	0.00000000e+00	0.00000000e+00
-376	0.00000000e+00	0.00000000e+00	0.00000000e+00	0.00000000e+00
-375	0.00000000e+00	0.00000000e+00	0.00000000e+00	0.00000000e+00
-374	0.00000000e+00	0.00000000e+00	0.00000000e+00	0.00000000e+00
-373	0.00000000e+00	0.00000000e+00	0.00000000e+00	0.00000000e+00
-372	0.00000000e+00	0.00000000e+00	0.00000000e+00	0.00000000e+00
-371	0.00000000e+00	0.00000000e+00	0.00000000e+00	0.00000000e+00
-370	0.00000000e+00	0.00000000e+00	0.00000000e+00	0.00000000e+00
-369	0.00000000e+00	0.00000000e+00	0.00000000e+00	0.00000000e+00
-368	0.00000000e+00	0.00000000e+00	0.00000000e+00	0.00000000e+00
-367	0.00000000e+00	0.00000000e+00	0.00000000e+00	0.00000000e+00
-366	0.00000000e+00	0.00000000e+00	0.00000000e+00	0.00000000e+00
-365	0.00000000e+00	0.00000000e+00	0.00000000e+00	0.00000000e+00
-364	0.00000000e+00	0.00000000e+00	0.00000000e+00	0.00000000e+00
-363	0.00000000e+00	0.00000000e+00	0.00000000e+00	0.00000000e+00
-362	0.00000000e+00	0.00000000e+00	0.00000000e+00	0.00000000e+00
-361	0.00000000e+00	0.00000000e+00	0.00000000e+00	0.00000000e+00
-360	0.00000000e+00	0.00000000e+00	0.00000000e+00	0.00000000e+00
-359	0.00000000e+00	0.00000000e+00	0.00000000e+00	0.00000000e+00
-358	0.00000000e+00	0.00000000e+00	0.00000000e+00	0.00000000e+00
-357	0.00000000e+00	0.00000000e+00	0.00000000e+00	0.00000000e+00
-356	0.00000000e+00	0.00000000e+00	0.00000000e+00	0.00000000e+00
-355	0.00000000e+00	0.00000000e+00	0.00000000e+00	0.00000000e+00
-354	0.00000000e+00	0.00000000e+00	0.00000000e+00	0.00000000e+00
-353	0.00000000e+00	0.00000000e+00	0.00000000e+00	0.00000000e+00
-352	0.00000000e+00	0.00000000e+00	0.00000000e+00	0.00000000e+00
-351	0.00000000e+00	0.00000000e+00	0.00000000e+00	0.00000000e+00
-350	0.00000000e+00	0.00000000e+00	0.00000000e+00	0.00000000e+00
-349	0.00000000e+00	0.00000000e+00	0.00000000e+00	0.00000000e+00
-348	0.00000000e+00	0.00000000e+00	0.00000000e+00	0.00000000e+00
-347	0.00000000e+00	0.00000000e+00	0.00000000e+00	0.00000000e+00
-346	0.00000000e+00	0.00000000e+00	0.00000000e+00	0.00000000e+00
-345	0.00000000e+00	0.00000000e+00	0.00000000e+00	0.00000000e+00
-344	0.00000000e+00	0.00000000e+00	0.00000000e+00	0.00000000e+00
-343	0.00000000e+00	0.00000000e+00	0.00000000e+00	0.00000000e+00
-342	0.00000000e+00	0.00000000e+00	0.00000000e+00	0.00000000e+00
-341	0.00000000e+00	0.00000000e+00	0.00000000e+00	0.00000000e+00
-340	0.00000000e+00	0.00000000e+00	0.00000000e+00	0.00000000e+00
-339	0.00000000e+00	0.00000000e+00	0.00000000e+00	0.00000000e+00
-338	0.00000000e+00	0.00000000e+00	0.00000000e+00	0.00000000e+00
-337	0.00000000e+00	0.00000000e+00	0.00000000e+00	0.00000000e+00
-336	0.00000000e+00	0.00000000e+00	0.00000000e+00	0.00000000e+00
-335	0.00000000e+00	0.00000000e+00	0.00000000e+00	0.00000000e+00
-334	0.00000000e+00	0.00000000e+00	0.00000000e+00	0.00000000e+00
-333	0.00000000e+00	0.00000000e+00	0.00000000e+00	0.00000000e+00
-332	0.00000000e+00	0.00000000e+00	0.00000000e+00	0.00000000e+00
-331	0.00000000e+00	0.00000000e+00	0.00000000e+00	0.00000000e+00
-330	0.00000000e+00	0.00000000e+00	0.00000000e+00	0.00000000e+00
-329	0.00000000e+00	0.00000000e+00	0.00000000e+00	0.00000000e+00
-328	0.00000000e+00	0.00000000e+00	0.00000000e+00	0.00000000e+00
-327	0.00000000e+00	0.00000000e+00	0.00000000e+00	0.00000000e+00
-326	0.00000000e+00	0.00000000e+00	0.00000000e+00	0.00000000e+00
-325	0.00000000e+00	0.00000000e+00	0.00000000e+00	0.00000000e+00
-324	0.00000000e+00	0.00000000e+00	0.00000000e+00	0.00000000e+00
-323	0.00000000e+00	0.00000000e+00	0.00000000e+00	0.00000000e+00
-322	0.00000000e+00	0.00000000e+00	0.00000000e+00	0.00000000e+00
-321	0.00000000e+00	0.00000000e+00	0.00000000e+00	0.00000000e+00
-320	0.00000000e+00	0.00000000e+00	0.00000000e+00	0.00000000e+00
-319	0.00000000e+00	0.00000000e+00	0.00000000e+00	0.00000000e+00
-318	0.00000000e+00	0.00000000e+00	0.00000000e+00	0.00000000e+00
-317	0.00000000e+00	0.00000000e+00	0.00000000e+00	0.00000000e+00
-316	0.00000000e+00	0.00000000e+00	0.00000000e+00	0.00000000e+00
-315	0.00000000e+00	0.00000000e+00	0.00000000e+00	0.00000000e+00
-314	0.00000000e+00	0.00000000e+00	0.00000000e+00	0.00000000e+00
-313	0.00000000e+00	0.00000000e+00	0.00000000e+00	0.00000000e+00
-312	0.00000000e+00	0.00000000e+00	0.00000000e+00	0.00000000e+00
-311	0.00000000e+00	0.00000000e+00	0.00000000e+00	0.00000000e+00
-310	0.00000000e+00	0.00000000e+00	0.00000000e+00	0.00000000e+00
-309	0.00000000e+00	0.00000000e+00	0.00000000e+00	0.00000000e+00
-308	0.00000000e+00	0.00000000e+00	0.00000000e+00	0.00000000e+00
-307	0.00000000e+00	0.00000000e+00	0.00000000e+00	0.00000000e+00
-306	0.00000000e+00	0.00000000e+00	0.00000000e+00	0.00000000e+00
-305	0.00000000e+00	0.00000000e+00	0.00000000e+00	0.00000000e+00
-304	0.00000000e+00	0.00000000e+00	0.00000000e+00	0.00000000e+00
-303	0.00000000e+00	0.00000000e+00	0.00000000e+00	0.00000000e+00
-302	0.00000000e+00	0.00000000e+00	0.00000000e+00	0.00000000e+00
-301	0.00000000e+00	0.00000000e+00	0.00000000e+00	0.00000000e+00
-300	0.00000000e+00	0.00000000e+00	0.00000000e+00	0.00000000e+00
-299	0.00000000e+00	0.00000000e+00	0.00000000e+00	0.00000000e+00
-298	0.00000000e+00	0.00000000e+00	0.00000000e+00	0.00000000e+00
-297	0.00000000e+00	0.00000000e+00	0.00000000e+00	0.00000000e+00
-296	0.00000000e+00	0.00000000e+00	0.00000000e+00	0.00000000e+00
-295	0.00000000e+00	0.00000000e+00	0.00000000e+00	0.00000000e+00
-294	0.00000000e+00	0.00000000e+00	0.00000000e+00	0.00000000e+00
-293	0.00000000e+00	0.00000000e+00	0.00000000e+00	0.00000000e+00
-292	0.00000000e+00	0.00000000e+00	0.00000000e+00	0.00000000e+00
-291	0.00000000e+00	0.00000000e+00	0.00000000e+00	0.00000000e+00
-290	0.00000000e+00	0.00000000e+00	0.00000000e+00	0.00000000e+00
-289	0.00000000e+00	0.00000000e+00	0.00000000e+00	0.00000000e+00
-288	0.00000000e+00	0.00000000e+00	0.00000000e+00	0.00000000e+00
-287	0.00000000e+00	0.00000000e+00	0.00000000e+00	0.00000000e+00
-286	0.00000000e+00	0.00000000e+00	0.00000000e+00	0.00000000e+00
-285	0.00000000e+00	0.00000000e+00	0.00000000e+00	0.00000000e+00
-284	0.00000000e+00	0.00000000e+00	0.00000000e+00	0.00000000e+00
-283	0.00000000e+00	0.00000000e+00	0.00000000e+00	0.00000000e+00
-282	0.00000000e+00	0.00000000e+00	0.00000000e+00	0.00000000e+00
-281	0.00000000e+00	0.00000000e+00	0.00000000e+00	0.00000000e+00
-280	0.00000000e+00	0.00000000e+00	0.00000000e+00	0.00000000e+00
-279	0.00000000e+00	0.00000000e+00	0.00000000e+00	0.00000000e+00
-278	0.00000000e+00	0.00000000e+00	0.00000000e+00	0.00000000e+00
-277	0.00000000e+00	0.00000000e+00	0.00000000e+00	0.00000000e+00
-276	0.00000000e+00	0.00000000e+00	0.00000000e+00	0.00000000e+00
-275	0.00000000e+00	0.00000000e+00	0.00000000e+00	0.00000000e+00
-274	0.00000000e+00	0.00000000e+00	0.00000000e+00	0.00000000e+00
-273	0.00000000e+00	0.00000000e+00	0.00000000e+00	0.00000000e+00
-272	0.00000000e+00	0.00000000e+00	0.00000000e+00	0.00000000e+00
-271	0.00000000e+00	0.00000000e+00	0.00000000e+00	0.00000000e+00
-270	0.00000000e+00	0.00000000e+00	0.00000000e+00	0.00000000e+00
-269	0.00000000e+00	0.00000000e+00	0.00000000e+00	0.00000000e+00
-268	0.00000000e+00	0.00000000e+00	0.00000000e+00	0.00000000e+00
-267	0.00000000e+00	0.00000000e+00	0.00000000e+00	0.00000000e+00
-266	0.00000000e+00	0.00000000e+00	0.00000000e+00	0.00000000e+00
-265	0.00000000e+00	0.00000000e+00	0.00000000e+00	0.00000000e+00
-264	0.00000000e+00	0.00000000e+00	0.00000000e+00	0.00000000e+00
-263	0.00000000e+00	0.00000000e+00	0.00000000e+00	0.00000000e+00
-262	0.00000000e+00	0.00000000e+00	0.00000000e+00	0.00000000e+00
-261	0.00000000e+00	0.00000000e+00	0.00000000e+00	0.00000000e+00
-260	0.00000000e+00	0.00000000e+00	0.00000000e+00	0.00000000e+00
-259	0.00000000e+00	0.00000000e+00	0.00000000e+00	0.00000000e+00
-258	0.00000000e+00	0.00000000e+00	0.00000000e+00	0.00000000e+00
-257	0.00000000e+00	0.00000000e+00	0.00000000e+00	0.00000000e+00
-256	0.00000000e+00	0.00000000e+00	0.00000000e+00	0.00000000e+00
-255	0.00000000e+00	0.00000000e+00	0.00000000e+00	0.00000000e+00
-254	0.00000000e+00	0.00000000e+00	0.00000000e+00	0.00000000e+00
-253	0.00000000e+00	0.00000000e+00	0.00000000e+00	0.00000000e+00
-252	0.00000000e+00	0.00000000e+00	0.00000000e+00	0.00000000e+00
-251	0.00000000e+00	0.00000000e+00	0.00000000e+00	0.00000000e+00
-250	0.00000000e+00	0.00000000e+00	0.00000000e+00	0.00000000e+00
-249	0.00000000e+00	0.00000000e+00	0.00000000e+00	0.00000000e+00
-248	0.00000000e+00	0.00000000e+00	0.00000000e+00	0.00000000e+00
-247	0.00000000e+00	0.00000000e+00	0.00000000e+00	0.00000000e+00
-246	0.00000000e+00	0.00000000e+00	0.00000000e+00	0.00000000e+00
-245	0.00000000e+00	0.00000000e+00	0.00000000e+00	0.00000000e+00
-244	0.00000000e+00	0.00000000e+00	0.00000000e+00	0.00000000e+00
-243	0.00000000e+00	0.00000000e+00	0.00000000e+00	0.00000000e+00
-242	0.00000000e+00	0.00000000e+00	0.00000000e+00	0.00000000e+00
-241	0.00000000e+00	0.00000000e+00	0.00000000e+00	0.00000000e+00
-240	0.00000000e+00	0.00000000e+00	0.00000000e+00	0.00000000e+00
-239	0.00000000e+00	0.00000000e+00	0.00000000e+00	0.00000000e+00
-238	0.00000000e+00	0.00000000e+00	0.00000000e+00	0.00000000e+00
-237	0.00000000e+00	0.00000000e+00	0.00000000e+00	0.00000000e+00
-236	0.00000000e+00	0.00000000e+00	0.00000000e+00	0.00000000e+00
-235	0.00000000e+00	0.00000000e+00	0.00000000e+00	0.00000000e+00
-234	0.00000000e+00	0.00000000e+00	0.00000000e+00	0.00000000e+00
-233	0.00000000e+00	0.00000000e+00	0.00000000e+00	0.00000000e+00
-232	0.00000000e+00	0.00000000e+00	0.00000000e+00	0.00000000e+00
-231	0.00000000e+00	0.00000000e+00	0.00000000e+00	0.00000000e+00
-230	0.00000000e+00	0.00000000e+00	0.00000000e+00	0.00000000e+00
-229	0.00000000e+00	0.00000000e+00	0.00000000e+00	0.00000000e+00
-228	0.00000000e+00	0.00000000e+00	0.00000000e+00	0.00000000e+00
-227	0.00000000e+00	0.00000000e+00	0.00000000e+00	0.00000000e+00
-226	0.00000000e+00	0.00000000e+00	0.00000000e+00	0.00000000e+00
-225	0.00000000e+00	0.00000000e+00	0.00000000e+00	0.00000000e+00
-224	0.00000000e+00	0.00000000e+00	0.00000000e+00	0.00000000e+00
-223	0.00000000e+00	0.00000000e+00	0.00000000e+00	0.00000000e+00
-222	0.00000000e+00	0.00000000e+00	0.00000000e+00	0.00000000e+00
-221	0.00000000e+00	0.00000000e+00	0.00000000e+00	0.00000000e+00
-220	0.00000000e+00	0.00000000e+00	0.00000000e+00	0.00000000e+00
-219	0.00000000e+00	0.00000000e+00	0.00000000e+00	0.00000000e+00
-218	0.00000000e+00	0.00000000e+00	0.00000000e+00	0.00000000e+00
-217	0.00000000e+00	0.00000000e+00	0.00000000e+00	0.00000000e+00
-216	0.00000000e+00	0.00000000e+00	0.00000000e+00	0.00000000e+00
-215	0.00000000e+00	0.00000000e+00	0.00000000e+00	0.00000000e+00
-214	0.00000000e+00	0.00000000e+00	0.00000000e+00	0.00000000e+00
-213	0.00000000e+00	0.00000000e+00	0.00000000e+00	0.00000000e+00
-212	0.00000000e+00	0.00000000e+00	0.00000000e+00	0.00000000e+00
-211	0.00000000e+00	0.00000000e+00	0.00000000e+00	0.00000000e+00
-210	0.00000000e+00	0.00000000e+00	0.00000000e+00	0.00000000e+00
-209	0.00000000e+00	0.00000000e+00	0.00000000e+00	0.00000000e+00
-208	0.00000000e+00	0.00000000e+00	0.00000000e+00	0.00000000e+00
-207	0.00000000e+00	0.00000000e+00	0.00000000e+00	0.00000000e+00
-206	0.00000000e+00	0.00000000e+00	0.00000000e+00	0.00000000e+00
-205	0.00000000e+00	0.00000000e+00	0.00000000e+00	0.00000000e+00
-204	0.00000000e+00	0.00000000e+00	0.00000000e+00	0.00000000e+00
-203	0.00000000e+00	0.00000000e+00	0.00000000e+00	0.00000000e+00
-202	0.00000000e+00	0.00000000e+00	0.00000000e+00	0.00000000e+00
-201	0.00000000e+00	0.00000000e+00	0.00000000e+00	0.00000000e+00
-200	0.00000000e+00	0.00000000e+00	0.00000000e+00	0.00000000e+00
-199	0.00000000e+00	0.00000000e+00	0.00000000e+00	0.00000000e+00
-198	0.00000000e+00	0.00000000e+00	0.00000000e+00	0.00000000e+00
-197	0.00000000e+00	0.00000000e+00	0.00000000e+00	0.00000000e+00
-196	0.00000000e+00	0.00000000e+00	0.00000000e+00	0.00000000e+00
-195	0.00000000e+00	0.00000000e+00	0.00000000e+00	0.00000000e+00
-194	0.00000000e+00	0.00000000e+00	0.00000000e+00	0.00000000e+00
-193	0.00000000e+00	0.00000000e+00	0.00000000e+00	0.00000000e+00
-192	0.00000000e+00	0.00000000e+00	0.00000000e+00	0.00000000e+00
-191	0.00000000e+00	0.00000000e+00	0.00000000e+00	0.00000000e+00
-190	0.00000000e+00	0.00000000e+00	0.00000000e+00	0.00000000e+00
-189	0.00000000e+00	0.00000000e+00	0.00000000e+00	0.00000000e+00
-188	0.00000000e+00	0.00000000e+00	0.00000000e+00	0.00000000e+00
-187	0.00000000e+00	0.00000000e+00	0.00000000e+00	0.00000000e+00
-186	0.00000000e+00	0.00000000e+00	0.00000000e+00	0.00000000e+00
-185	0.00000000e+00	0.00000000e+00	0.00000000e+00	0.00000000e+00
-184	0.00000000e+00	0.00000000e+00	0.00000000e+00	0.00000000e+00
-183	0.00000000e+00	0.00000000e+00	0.00000000e+00	0.00000000e+00
-182	0.00000000e+00	0.00000000e+00	0.00000000e+00	0.00000000e+00
-181	0.00000000e+00	0.00000000e+00	0.00000000e+00	0.00000000e+00
-180	0.00000000e+00	0.00000000e+00	0.00000000e+00	0.00000000e+00
-179	0.00000000e+00	0.00000000e+00	0.00000000e+00	0.00000000e+00
-178	0.00000000e+00	0.00000000e+00	0.00000000e+00	0.00000000e+00
-177	0.00000000e+00	0.00000000e+00	0.00000000e+00	0.00000000e+00
-176	0.00000000e+00	0.00000000e+00	0.00000000e+00	0.00000000e+00
-175	0.00000000e+00	0.00000000e+00	0.00000000e+00	0.00000000e+00
-174	0.00000000e+00	0.00000000e+00	0.00000000e+00	0.00000000e+00
-173	0.00000000e+00	0.00000000e+00	0.00000000e+00	0.00000000e+00
-172	0.00000000e+00	0.00000000e+00	0.00000000e+00	0.00000000e+00
-171	0.00000000e+00	0.00000000e+00	0.00000000e+00	0.00000000e+00
-170	0.00000000e+00	0.00000000e+00	0.00000000e+00	0.00000000e+00
-169	0.00000000e+00	0.00000000e+00	0.00000000e+00	0.00000000e+00
-168	0.00000000e+00	0.00000000e+00	0.00000000e+00	0.00000000e+00
-167	0.00000000e+00	0.00000000e+00	0.00000000e+00	0.00000000e+00
-166	0.00000000e+00	0.00000000e+00	0.00000000e+00	0.00000000e+00
-165	0.00000000e+00	0.00000000e+00	0.00000000e+00	0.00000000e+00
-164	0.00000000e+00	0.00000000e+00	0.00000000e+00	0.00000000e+00
-163	0.00000000e+00	0.00000000e+00	0.00000000e+00	0.00000000e+00
-162	0.00000000e+00	0.00000000e+00	0.00000000e+00	0.00000000e+00
-161	0.00000000e+00	0.00000000e+00	0.00000000e+00	0.00000000e+00
-160	0.00000000e+00	0.00000000e+00	0.00000000e+00	0.00000000e+00
-159	0.00000000e+00	0.00000000e+00	0.00000000e+00	0.00000000e+00
-158	0.00000000e+00	0.00000000e+00	0.00000000e+00	0.00000000e+00
-157	0.00000000e+00	0.00000000e+00	0.00000000e+00	0.00000000e+00
-156	0.00000000e+00	0.00000000e+00	0.00000000e+00	0.00000000e+00
-155	0.00000000e+00	0.00000000e+00	0.00000000e+00	0.00000000e+00
-154	0.00000000e+00	0.00000000e+00	0.00000000e+00	0.00000000e+00
-153	0.00000000e+00	0.00000000e+00	0.00000000e+00	0.00000000e+00
-152	0.00000000e+00	0.00000000e+00	0.00000000e+00	0.00000000e+00
-151	1.00000000e+00	0.00000000e+00	0.00000000e+00	0.00000000e+00
-150	1.00000000e+00	0.00000000e+00	0.00000000e+00	0.00000000e+00
-149	1.00000000e+00	0.00000000e+00	0.00000000e+00	0.00000000e+00
-148	1.00000000e+00	0.00000000e+00	0.00000000e+00	0.00000000e+00
-147	1.00000000e+00	0.00000000e+00	0.00000000e+00	0.00000000e+00
-146	1.00000000e+00	0.00000000e+00	0.00000000e+00	0.00000000e+00
-145	1.57000000e+02	2.00000000e+00	2.00000000e+00	2.00000000e+00
-144	4.52000000e+02	4.00000000e+00	5.00000000e+00	5.00000000e+00
-143	1.03200000e+03	6.00000000e+00	9.00000000e+00	9.00000000e+00
-142	1.63100000e+03	7.00000000e+00	1.10000000e+01	1.20000000e+01
-141	2.17300000e+03	7.00000000e+00	1.10000000e+01	1.20000000e+01
-140	2.72700000e+03	7.00000000e+00	1.10000000e+01	1.20000000e+01
-139	3.23100000e+03	7.00000000e+00	1.10000000e+01	1.20000000e+01
-138	3.77600000e+03	9.00000000e+00	1.30000000e+01	1.40000000e+01
-137	4.35200000e+03	9.00000000e+00	1.30000000e+01	1.40000000e+01
-136	4.96100000e+03	9.00000000e+00	1.30000000e+01	1.40000000e+01
-135	5.51200000e+03	9.00000000e+00	1.30000000e+01	1.40000000e+01
-134	5.95400000e+03	9.00000000e+00	1.30000000e+01	1.40000000e+01
-133	6.35900000e+03	9.00000000e+00	1.30000000e+01	1.40000000e+01
-132	6.92000000e+03	9.00000000e+00	1.30000000e+01	1.40000000e+01
-131	6.92000000e+03	9.00000000e+00	1.30000000e+01	1.40000000e+01
-130	6.92000000e+03	9.00000000e+00	1.30000000e+01	1.40000000e+01
-129	7.46100000e+03	9.00000000e+00	1.30000000e+01	1.40000000e+01
-128	7.94300000e+03	9.00000000e+00	1.30000000e+01	1.40000000e+01
-127	8.38400000e+03	9.00000000e+00	1.30000000e+01	1.40000000e+01
-126	8.83400000e+03	9.00000000e+00	1.30000000e+01	1.40000000e+01
-125	9.31000000e+03	1.00000000e+01	1.40000000e+01	1.60000000e+01
-124	9.83700000e+03	1.00000000e+01	1.40000000e+01	1.60000000e+01
-123	1.04220000e+04	1.20000000e+01	1.60000000e+01	2.10000000e+01
-122	1.09140000e+04	1.30000000e+01	1.70000000e+01	2.20000000e+01
-121	1.13900000e+04	1.30000000e+01	1.70000000e+01	2.20000000e+01
-120	1.18600000e+04	1.30000000e+01	1.70000000e+01	2.20000000e+01
-119	1.23340000e+04	1.30000000e+01	1.70000000e+01	2.20000000e+01
-118	1.28390000e+04	1.20000000e+01	1.90000000e+01	2.40000000e+01
-117	1.33820000e+04	1.60000000e+01	2.10000000e+01	2.60000000e+01
-116	1.39650000e+04	1.60000000e+01	2.10000000e+01	2.60000000e+01
-115	1.39650000e+04	1.40000000e+01	2.20000000e+01	2.70000000e+01
-114	1.44430000e+04	1.40000000e+01	2.20000000e+01	2.70000000e+01
-113	1.49140000e+04	1.40000000e+01	2.20000000e+01	2.70000000e+01
-112	1.58980000e+04	1.60000000e+01	2.30000000e+01	2.80000000e+01
-111	1.72250000e+04	1.60000000e+01	2.30000000e+01	2.90000000e+01
-110	1.83560000e+04	1.70000000e+01	2.40000000e+01	3.00000000e+01
-109	1.96790000e+04	1.80000000e+01	2.50000000e+01	3.10000000e+01
-108	2.10080000e+04	1.80000000e+01	2.50000000e+01	3.10000000e+01
-107	2.21190000e+04	1.80000000e+01	2.50000000e+01	3.10000000e+01
-106	2.30530000e+04	1.80000000e+01	2.50000000e+01	3.10000000e+01
-105	2.39520000e+04	1.90000000e+01	2.60000000e+01	3.20000000e+01
-104	2.46320000e+04	1.90000000e+01	2.60000000e+01	3.20000000e+01
-103	2.54700000e+04	1.90000000e+01	2.70000000e+01	3.30000000e+01
-102	2.65650000e+04	1.90000000e+01	2.70000000e+01	3.30000000e+01
-101	2.75820000e+04	1.90000000e+01	2.70000000e+01	3.30000000e+01
-100	2.75820000e+04	1.90000000e+01	2.70000000e+01	3.30000000e+01
-99	2.83300000e+04	2.10000000e+01	3.00000000e+01	3.70000000e+01
-98	2.91770000e+04	2.10000000e+01	3.00000000e+01	3.70000000e+01
-97	2.99850000e+04	2.10000000e+01	3.20000000e+01	4.00000000e+01
-96	3.09080000e+04	2.10000000e+01	3.20000000e+01	4.00000000e+01
-95	3.18320000e+04	2.10000000e+01	3.20000000e+01	4.00000000e+01
-94	3.25730000e+04	2.10000000e+01	3.20000000e+01	4.00000000e+01
-93	3.32710000e+04	2.40000000e+01	3.30000000e+01	4.10000000e+01
-92	3.39170000e+04	2.40000000e+01	3.30000000e+01	4.10000000e+01
-91	3.46470000e+04	2.40000000e+01	3.30000000e+01	4.10000000e+01
-90	3.54530000e+04	2.40000000e+01	3.30000000e+01	4.10000000e+01
-89	3.64370000e+04	2.40000000e+01	3.30000000e+01	4.10000000e+01
-88	3.74510000e+04	2.40000000e+01	3.30000000e+01	4.10000000e+01
-87	3.84440000e+04	2.40000000e+01	3.30000000e+01	4.10000000e+01
-86	3.93390000e+04	2.40000000e+01	3.30000000e+01	4.10000000e+01
-85	4.01310000e+04	2.40000000e+01	3.30000000e+01	4.10000000e+01
-84	4.09720000e+04	2.40000000e+01	3.30000000e+01	4.10000000e+01
-83	4.22860000e+04	2.40000000e+01	3.30000000e+01	4.10000000e+01
-82	4.35460000e+04	2.40000000e+01	3.30000000e+01	4.10000000e+01
-81	4.47540000e+04	2.40000000e+01	3.30000000e+01	4.10000000e+01
-80	4.57610000e+04	2.40000000e+01	3.30000000e+01	4.10000000e+01
-79	4.67280000e+04	2.40000000e+01	3.30000000e+01	4.10000000e+01
-78	4.76960000e+04	2.40000000e+01	3.40000000e+01	4.20000000e+01
-77	4.87730000e+04	2.40000000e+01	3.40000000e+01	4.20000000e+01
-76	5.01790000e+04	2.40000000e+01	3.40000000e+01	4.20000000e+01
-75	5.16810000e+04	2.40000000e+01	3.40000000e+01	4.20000000e+01
-74	5.30310000e+04	2.60000000e+01	3.50000000e+01	4.30000000e+01
-73	5.41020000e+04	2.80000000e+01	3.60000000e+01	4.40000000e+01
-72	5.50250000e+04	2.80000000e+01	3.60000000e+01	4.40000000e+01
-71	5.63300000e+04	2.80000000e+01	3.60000000e+01	4.40000000e+01
-70	5.76120000e+04	2.80000000e+01	3.60000000e+01	4.40000000e+01
-69	5.87150000e+04	2.80000000e+01	3.60000000e+01	4.40000000e+01
-68	5.98020000e+04	2.90000000e+01	3.80000000e+01	4.60000000e+01
-67	6.08780000e+04	2.90000000e+01	3.80000000e+01	4.60000000e+01
-66	6.19700000e+04	2.90000000e+01	3.80000000e+01	4.60000000e+01
-65	6.29940000e+04	2.90000000e+01	3.80000000e+01	4.60000000e+01
-64	6.39190000e+04	2.90000000e+01	3.80000000e+01	4.60000000e+01
-63	6.49260000e+04	2.90000000e+01	3.80000000e+01	4.60000000e+01
-62	6.60810000e+04	2.90000000e+01	3.80000000e+01	4.60000000e+01
-61	6.72590000e+04	2.90000000e+01	3.80000000e+01	4.60000000e+01
-60	6.84740000e+04	2.90000000e+01	3.80000000e+01	4.60000000e+01
-59	6.98280000e+04	3.00000000e+01	4.00000000e+01	4.80000000e+01
-58	7.09990000e+04	2.90000000e+01	4.10000000e+01	4.90000000e+01
-57	7.20340000e+04	3.00000000e+01	4.20000000e+01	5.00000000e+01
-56	7.33280000e+04	3.00000000e+01	4.20000000e+01	5.00000000e+01
-55	7.47210000e+04	3.00000000e+01	4.20000000e+01	5.00000000e+01
-54	7.59830000e+04	3.00000000e+01	4.20000000e+01	5.00000000e+01
-53	7.73170000e+04	3.00000000e+01	4.20000000e+01	5.00000000e+01
-52	7.85160000e+04	3.00000000e+01	4.20000000e+01	5.00000000e+01
-51	7.98210000e+04	3.00000000e+01	4.20000000e+01	5.00000000e+01
-50	8.09190000e+04	3.00000000e+01	4.20000000e+01	5.00000000e+01
-49	8.19620000e+04	3.00000000e+01	4.20000000e+01	5.00000000e+01
-48	8.31470000e+04	3.10000000e+01	4.30000000e+01	5.10000000e+01
-47	8.45880000e+04	3.10000000e+01	4.30000000e+01	5.10000000e+01
-46	8.59170000e+04	3.20000000e+01	4.40000000e+01	5.20000000e+01
-45	8.72040000e+04	3.20000000e+01	4.40000000e+01	5.20000000e+01
-44	8.82070000e+04	3.40000000e+01	4.50000000e+01	5.30000000e+01
-43	8.92310000e+04	3.40000000e+01	4.50000000e+01	5.30000000e+01
-42	9.03010000e+04	3.50000000e+01	4.60000000e+01	5.40000000e+01
-41	9.14090000e+04	3.50000000e+01	4.60000000e+01	5.40000000e+01
-40	9.26130000e+04	3.50000000e+01	4.60000000e+01	5.40000000e+01
-39	9.39110000e+04	3.50000000e+01	4.60000000e+01	5.40000000e+01
-38	9.51570000e+04	3.70000000e+01	4.70000000e+01	5.50000000e+01
-37	9.62890000e+04	3.70000000e+01	4.70000000e+01	5.50000000e+01
-36	9.74670000e+04	3.80000000e+01	4.80000000e+01	5.60000000e+01
-35	9.85030000e+04	3.80000000e+01	4.80000000e+01	5.60000000e+01
-34	9.96840000e+04	3.80000000e+01	4.80000000e+01	5.60000000e+01
-33	1.00942000e+05	3.80000000e+01	4.80000000e+01	5.60000000e+01
-32	1.02378000e+05	3.80000000e+01	4.80000000e+01	5.60000000e+01
-31	1.03821000e+05	3.80000000e+01	4.80000000e+01	5.60000000e+01
-30	1.05699000e+05	3.90000000e+01	5.00000000e+01	5.90000000e+01
-29	1.07450000e+05	4.10000000e+01	5.10000000e+01	6.00000000e+01
-28	1.09262000e+05	4.20000000e+01	5.20000000e+01	6.10000000e+01
-27	1.11248000e+05	4.20000000e+01	5.20000000e+01	6.10000000e+01
-26	1.13406000e+05	4.20000000e+01	5.20000000e+01	6.10000000e+01
-25	1.15823000e+05	4.20000000e+01	5.20000000e+01	6.10000000e+01
-24	1.18266000e+05	4.10000000e+01	5.30000000e+01	6.20000000e+01
-23	1.20437000e+05	4.30000000e+01	5.40000000e+01	6.30000000e+01
-22	1.22212000e+05	4.70000000e+01	5.60000000e+01	6.50000000e+01
-21	1.24018000e+05	4.70000000e+01	5.60000000e+01	6.50000000e+01
-20	1.26241000e+05	4.70000000e+01	5.60000000e+01	6.50000000e+01
-19	1.28567000e+05	4.70000000e+01	5.60000000e+01	6.50000000e+01
-18	1.30468000e+05	4.70000000e+01	5.60000000e+01	6.50000000e+01
-17	1.32150000e+05	4.90000000e+01	5.80000000e+01	6.70000000e+01
-16	1.33762000e+05	4.90000000e+01	5.90000000e+01	6.80000000e+01
-15	1.35114000e+05	5.00000000e+01	6.00000000e+01	6.90000000e+01
-14	1.36954000e+05	5.00000000e+01	6.00000000e+01	6.90000000e+01
-13	1.39344000e+05	5.00000000e+01	6.00000000e+01	6.90000000e+01
-12	1.41733000e+05	5.20000000e+01	6.10000000e+01	7.00000000e+01
-11	1.44021000e+05	5.20000000e+01	6.20000000e+01	7.10000000e+01
-10	1.46091000e+05	5.20000000e+01	6.20000000e+01	7.10000000e+01
-9	1.48624000e+05	5.40000000e+01	6.30000000e+01	7.20000000e+01
-8	1.50928000e+05	5.40000000e+01	6.30000000e+01	7.20000000e+01
-7	1.53292000e+05	5.50000000e+01	6.40000000e+01	7.50000000e+01
-6	1.55903000e+05	5.90000000e+01	6.80000000e+01	7.90000000e+01
-5	1.58683000e+05	6.30000000e+01	7.40000000e+01	8.50000000e+01
-4	1.61526000e+05	6.50000000e+01	7.60000000e+01	8.70000000e+01
-3	1.64706000e+05	6.50000000e+01	7.60000000e+01	8.70000000e+01
-2	1.71489000e+05	6.50000000e+01	7.70000000e+01	8.80000000e+01
-1	1.76894000e+05	6.50000000e+01	7.70000000e+01	8.80000000e+01
0	1.82635000e+05	7.00000000e+01	8.00000000e+01	9.20000000e+01
1	1.92946000e+05	7.40000000e+01	8.60000000e+01	9.90000000e+01
2	2.05399000e+05	7.60000000e+01	9.20000000e+01	1.05000000e+02
3	2.16324000e+05	8.50000000e+01	1.00000000e+02	1.16000000e+02
4	2.27319000e+05	1.07000000e+02	1.15000000e+02	1.47000000e+02
5	2.34124000e+05	1.04000000e+02	1.18000000e+02	1.50000000e+02
6	2.39720000e+05	1.07000000e+02	1.21000000e+02	1.53000000e+02
7	2.45225000e+05	1.13000000e+02	1.25000000e+02	1.58000000e+02
8	2.49272000e+05	1.15000000e+02	1.30000000e+02	1.64000000e+02
9	2.50604000e+05	1.21000000e+02	1.31000000e+02	1.66000000e+02
10	2.51655000e+05	1.21000000e+02	1.33000000e+02	1.68000000e+02
11	2.52781000e+05	1.25000000e+02	1.35000000e+02	1.73000000e+02
12	2.54790000e+05	1.27000000e+02	1.36000000e+02	1.74000000e+02
13	2.57947000e+05	1.23000000e+02	1.40000000e+02	1.79000000e+02
14	2.62023000e+05	1.23000000e+02	1.40000000e+02	1.79000000e+02
15	2.66172000e+05	1.24000000e+02	1.41000000e+02	1.80000000e+02
16	2.71179000e+05	1.24000000e+02	1.43000000e+02	1.82000000e+02
17	2.75818000e+05	1.31000000e+02	1.45000000e+02	1.86000000e+02
18	2.80324000e+05	1.29000000e+02	1.46000000e+02	1.87000000e+02
19	2.84511000e+05	1.29000000e+02	1.47000000e+02	1.88000000e+02
20	2.88363000e+05	1.32000000e+02	1.48000000e+02	1.89000000e+02
21	2.91348000e+05	1.32000000e+02	1.48000000e+02	1.89000000e+02
22	2.94628000e+05	1.32000000e+02	1.48000000e+02	1.89000000e+02
23	2.94628000e+05	1.36000000e+02	1.49000000e+02	1.90000000e+02
24	2.95969000e+05	1.37000000e+02	1.50000000e+02	1.91000000e+02
25	2.95969000e+05	1.37000000e+02	1.50000000e+02	1.91000000e+02
26	2.99070000e+05	1.35000000e+02	1.51000000e+02	1.94000000e+02
27	3.02197000e+05	1.37000000e+02	1.52000000e+02	1.95000000e+02
28	3.05489000e+05	1.40000000e+02	1.54000000e+02	1.97000000e+02
29	3.08233000e+05	1.40000000e+02	1.56000000e+02	1.99000000e+02
30	3.10783000e+05	1.46000000e+02	1.58000000e+02	2.02000000e+02
31	3.13289000e+05	1.46000000e+02	1.59000000e+02	2.03000000e+02
32	3.13289000e+05	1.44000000e+02	1.60000000e+02	2.04000000e+02
33	3.15466000e+05	1.44000000e+02	1.60000000e+02	2.04000000e+02
34	3.15466000e+05	1.44000000e+02	1.60000000e+02	2.04000000e+02
35	3.15466000e+05	1.44000000e+02	1.60000000e+02	2.04000000e+02
36	3.15466000e+05	1.44000000e+02	1.60000000e+02	2.04000000e+02
37	3.15466000e+05	1.40000000e+02	1.61000000e+02	2.05000000e+02
38	3.18638000e+05	1.40000000e+02	1.61000000e+02	2.05000000e+02
39	3.21248000e+05	1.47000000e+02	1.62000000e+02	2.06000000e+02
40	3.23903000e+05	1.47000000e+02	1.62000000e+02	2.06000000e+02
41	3.26436000e+05	1.48000000e+02	1.63000000e+02	2.08000000e+02
42	3.28729000e+05	1.48000000e+02	1.63000000e+02	2.08000000e+02
43	3.31312000e+05	1.51000000e+02	1.64000000e+02	2.10000000e+02
44	3.34211000e+05	1.51000000e+02	1.64000000e+02	2.10000000e+02
45	3.37188000e+05	1.51000000e+02	1.65000000e+02	2.11000000e+02
46	3.39889000e+05	1.51000000e+02	1.65000000e+02	2.11000000e+02
47	3.42558000e+05	1.51000000e+02	1.65000000e+02	2.11000000e+02
48	3.45134000e+05	1.54000000e+02	1.68000000e+02	2.14000000e+02
49	3.48084000e+05	1.47000000e+02	1.70000000e+02	2.16000000e+02
50	3.51373000e+05	1.46000000e+02	1.71000000e+02	2.17000000e+02
51	3.54799000e+05	1.54000000e+02	1.75000000e+02	2.21000000e+02
52	3.58271000e+05	1.54000000e+02	1.75000000e+02	2.21000000e+02
53	3.62041000e+05	1.54000000e+02	1.75000000e+02	2.21000000e+02
54	3.65446000e+05	1.54000000e+02	1.75000000e+02	2.21000000e+02
55	3.68620000e+05	1.54000000e+02	1.75000000e+02	2.21000000e+02
56	3.71987000e+05	1.54000000e+02	1.75000000e+02	2.21000000e+02
57	3.75140000e+05	1.56000000e+02	1.76000000e+02	2.22000000e+02
58	3.78577000e+05	1.56000000e+02	1.76000000e+02	2.22000000e+02
59	3.82089000e+05	1.56000000e+02	1.76000000e+02	2.22000000e+02
60	3.85503000e+05	1.54000000e+02	1.78000000e+02	2.26000000e+02
61	3.88666000e+05	1.55000000e+02	1.79000000e+02	2.27000000e+02
62	3.91861000e+05	1.57000000e+02	1.80000000e+02	2.28000000e+02
63	3.94955000e+05	1.57000000e+02	1.80000000e+02	2.28000000e+02
64	3.98155000e+05	1.57000000e+02	1.80000000e+02	2.28000000e+02
65	4.01197000e+05	1.56000000e+02	1.81000000e+02	2.29000000e+02
66	4.04478000e+05	1.56000000e+02	1.81000000e+02	2.29000000e+02
67	4.07720000e+05	1.56000000e+02	1.81000000e+02	2.29000000e+02
68	4.10713000e+05	1.56000000e+02	1.81000000e+02	2.29000000e+02
69	4.13735000e+05	1.56000000e+02	1.81000000e+02	2.29000000e+02
70	4.16349000e+05	1.60000000e+02	1.83000000e+02	2.31000000e+02
71	4.19029000e+05	1.62000000e+02	1.84000000e+02	2.32000000e+02
72	4.22567000e+05	1.62000000e+02	1.84000000e+02	2.32000000e+02
73	4.26357000e+05	1.62000000e+02	1.84000000e+02	2.32000000e+02
74	4.29650000e+05	1.62000000e+02	1.84000000e+02	2.32000000e+02
75	4.32814000e+05	1.62000000e+02	1.84000000e+02	2.32000000e+02
76	4.35574000e+05	1.62000000e+02	1.84000000e+02	2.32000000e+02
77	4.38319000e+05	1.62000000e+02	1.88000000e+02	2.37000000e+02
78	4.41138000e+05	1.65000000e+02	1.90000000e+02	2.40000000e+02
79	4.44235000e+05	1.64000000e+02	1.92000000e+02	2.45000000e+02
80	4.47554000e+05	1.64000000e+02	1.92000000e+02	2.45000000e+02
81	4.50556000e+05	1.65000000e+02	1.93000000e+02	2.46000000e+02
82	4.53106000e+05	1.65000000e+02	1.93000000e+02	2.46000000e+02
83	4.55674000e+05	1.67000000e+02	1.94000000e+02	2.47000000e+02
84	4.58441000e+05	1.67000000e+02	1.94000000e+02	2.47000000e+02
85	4.61020000e+05	1.66000000e+02	1.95000000e+02	2.48000000e+02
86	4.64036000e+05	1.67000000e+02	1.97000000e+02	2.50000000e+02
87	4.66831000e+05	1.67000000e+02	1.98000000e+02	2.51000000e+02
88	4.69673000e+05	1.67000000e+02	1.98000000e+02	2.51000000e+02
89	4.72188000e+05	1.69000000e+02	1.99000000e+02	2.52000000e+02
90	4.74679000e+05	1.69000000e+02	1.99000000e+02	2.52000000e+02
91	4.77403000e+05	1.68000000e+02	2.00000000e+02	2.53000000e+02
92	4.80679000e+05	1.72000000e+02	2.02000000e+02	2.55000000e+02
93	4.84224000e+05	1.73000000e+02	2.03000000e+02	2.56000000e+02
94	4.87625000e+05	1.73000000e+02	2.03000000e+02	2.56000000e+02
95	4.92024000e+05	1.73000000e+02	2.03000000e+02	2.56000000e+02
96	4.96043000e+05	1.73000000e+02	2.03000000e+02	2.56000000e+02
97	5.00677000e+05	1.78000000e+02	2.05000000e+02	2.58000000e+02
98	5.04791000e+05	1.77000000e+02	2.09000000e+02	2.66000000e+02
99	5.08708000e+05	1.81000000e+02	2.10000000e+02	2.67000000e+02
100	5.14007000e+05	1.80000000e+02	2.11000000e+02	2.68000000e+02
