Day_(movie_time)	Views	Users	Rigor	Edits
-500	0.00000000e+00	0.00000000e+00	0.00000000e+00	0.00000000e+00
-499	0.00000000e+00	0.00000000e+00	0.00000000e+00	0.00000000e+00
-498	0.00000000e+00	0.00000000e+00	0.00000000e+00	0.00000000e+00
-497	0.00000000e+00	0.00000000e+00	0.00000000e+00	0.00000000e+00
-496	0.00000000e+00	0.00000000e+00	0.00000000e+00	0.00000000e+00
-495	0.00000000e+00	0.00000000e+00	0.00000000e+00	0.00000000e+00
-494	0.00000000e+00	0.00000000e+00	0.00000000e+00	0.00000000e+00
-493	0.00000000e+00	0.00000000e+00	0.00000000e+00	0.00000000e+00
-492	0.00000000e+00	0.00000000e+00	0.00000000e+00	0.00000000e+00
-491	0.00000000e+00	0.00000000e+00	0.00000000e+00	0.00000000e+00
-490	0.00000000e+00	0.00000000e+00	0.00000000e+00	0.00000000e+00
-489	0.00000000e+00	0.00000000e+00	0.00000000e+00	0.00000000e+00
-488	0.00000000e+00	0.00000000e+00	0.00000000e+00	0.00000000e+00
-487	0.00000000e+00	0.00000000e+00	0.00000000e+00	0.00000000e+00
-486	0.00000000e+00	0.00000000e+00	0.00000000e+00	0.00000000e+00
-485	0.00000000e+00	0.00000000e+00	0.00000000e+00	0.00000000e+00
-484	0.00000000e+00	0.00000000e+00	0.00000000e+00	0.00000000e+00
-483	0.00000000e+00	0.00000000e+00	0.00000000e+00	0.00000000e+00
-482	0.00000000e+00	0.00000000e+00	0.00000000e+00	0.00000000e+00
-481	0.00000000e+00	0.00000000e+00	0.00000000e+00	0.00000000e+00
-480	0.00000000e+00	0.00000000e+00	0.00000000e+00	0.00000000e+00
-479	0.00000000e+00	0.00000000e+00	0.00000000e+00	0.00000000e+00
-478	0.00000000e+00	0.00000000e+00	0.00000000e+00	0.00000000e+00
-477	0.00000000e+00	0.00000000e+00	0.00000000e+00	0.00000000e+00
-476	0.00000000e+00	0.00000000e+00	0.00000000e+00	0.00000000e+00
-475	0.00000000e+00	0.00000000e+00	0.00000000e+00	0.00000000e+00
-474	0.00000000e+00	0.00000000e+00	0.00000000e+00	0.00000000e+00
-473	0.00000000e+00	0.00000000e+00	0.00000000e+00	0.00000000e+00
-472	0.00000000e+00	0.00000000e+00	0.00000000e+00	0.00000000e+00
-471	0.00000000e+00	0.00000000e+00	0.00000000e+00	0.00000000e+00
-470	0.00000000e+00	0.00000000e+00	0.00000000e+00	0.00000000e+00
-469	0.00000000e+00	0.00000000e+00	0.00000000e+00	0.00000000e+00
-468	0.00000000e+00	0.00000000e+00	0.00000000e+00	0.00000000e+00
-467	0.00000000e+00	0.00000000e+00	0.00000000e+00	0.00000000e+00
-466	0.00000000e+00	0.00000000e+00	0.00000000e+00	0.00000000e+00
-465	0.00000000e+00	0.00000000e+00	0.00000000e+00	0.00000000e+00
-464	0.00000000e+00	0.00000000e+00	0.00000000e+00	0.00000000e+00
-463	0.00000000e+00	0.00000000e+00	0.00000000e+00	0.00000000e+00
-462	0.00000000e+00	0.00000000e+00	0.00000000e+00	0.00000000e+00
-461	4.00000000e+00	2.00000000e+00	2.00000000e+00	3.00000000e+00
-460	1.20000000e+01	3.00000000e+00	3.00000000e+00	4.00000000e+00
-459	1.40000000e+01	3.00000000e+00	3.00000000e+00	4.00000000e+00
-458	1.70000000e+01	3.00000000e+00	3.00000000e+00	4.00000000e+00
-457	1.90000000e+01	3.00000000e+00	3.00000000e+00	4.00000000e+00
-456	2.20000000e+01	3.00000000e+00	3.00000000e+00	4.00000000e+00
-455	2.30000000e+01	3.00000000e+00	3.00000000e+00	4.00000000e+00
-454	3.40000000e+01	4.00000000e+00	4.00000000e+00	6.00000000e+00
-453	3.70000000e+01	4.00000000e+00	4.00000000e+00	6.00000000e+00
-452	3.80000000e+01	4.00000000e+00	4.00000000e+00	6.00000000e+00
-451	4.30000000e+01	4.00000000e+00	5.00000000e+00	7.00000000e+00
-450	4.60000000e+01	4.00000000e+00	5.00000000e+00	7.00000000e+00
-449	4.90000000e+01	4.00000000e+00	5.00000000e+00	7.00000000e+00
-448	5.30000000e+01	4.00000000e+00	5.00000000e+00	7.00000000e+00
-447	5.40000000e+01	4.00000000e+00	5.00000000e+00	7.00000000e+00
-446	5.50000000e+01	4.00000000e+00	5.00000000e+00	7.00000000e+00
-445	5.70000000e+01	4.00000000e+00	5.00000000e+00	7.00000000e+00
-444	6.30000000e+01	5.00000000e+00	6.00000000e+00	9.00000000e+00
-443	6.90000000e+01	5.00000000e+00	6.00000000e+00	9.00000000e+00
-442	7.60000000e+01	5.00000000e+00	6.00000000e+00	9.00000000e+00
-441	8.10000000e+01	5.00000000e+00	6.00000000e+00	9.00000000e+00
-440	9.00000000e+01	5.00000000e+00	6.00000000e+00	9.00000000e+00
-439	9.20000000e+01	5.00000000e+00	6.00000000e+00	9.00000000e+00
-438	9.30000000e+01	5.00000000e+00	6.00000000e+00	9.00000000e+00
-437	9.70000000e+01	5.00000000e+00	6.00000000e+00	9.00000000e+00
-436	9.80000000e+01	5.00000000e+00	6.00000000e+00	9.00000000e+00
-435	1.01000000e+02	5.00000000e+00	6.00000000e+00	9.00000000e+00
-434	1.03000000e+02	5.00000000e+00	6.00000000e+00	9.00000000e+00
-433	1.11000000e+02	5.00000000e+00	7.00000000e+00	1.00000000e+01
-432	1.12000000e+02	5.00000000e+00	7.00000000e+00	1.00000000e+01
-431	1.13000000e+02	5.00000000e+00	7.00000000e+00	1.00000000e+01
-430	1.18000000e+02	5.00000000e+00	7.00000000e+00	1.00000000e+01
-429	1.21000000e+02	5.00000000e+00	7.00000000e+00	1.00000000e+01
-428	1.22000000e+02	5.00000000e+00	7.00000000e+00	1.00000000e+01
-427	1.25000000e+02	5.00000000e+00	7.00000000e+00	1.00000000e+01
-426	1.26000000e+02	5.00000000e+00	7.00000000e+00	1.00000000e+01
-425	1.26000000e+02	5.00000000e+00	7.00000000e+00	1.00000000e+01
-424	1.27000000e+02	5.00000000e+00	7.00000000e+00	1.00000000e+01
-423	1.37000000e+02	6.00000000e+00	8.00000000e+00	1.10000000e+01
-422	1.37000000e+02	6.00000000e+00	8.00000000e+00	1.10000000e+01
-421	1.42000000e+02	6.00000000e+00	8.00000000e+00	1.10000000e+01
-420	1.45000000e+02	6.00000000e+00	8.00000000e+00	1.10000000e+01
-419	1.47000000e+02	6.00000000e+00	8.00000000e+00	1.10000000e+01
-418	1.48000000e+02	6.00000000e+00	8.00000000e+00	1.10000000e+01
-417	1.51000000e+02	6.00000000e+00	8.00000000e+00	1.10000000e+01
-416	1.53000000e+02	6.00000000e+00	8.00000000e+00	1.10000000e+01
-415	1.57000000e+02	6.00000000e+00	8.00000000e+00	1.10000000e+01
-414	1.58000000e+02	6.00000000e+00	8.00000000e+00	1.10000000e+01
-413	1.61000000e+02	6.00000000e+00	8.00000000e+00	1.10000000e+01
-412	1.64000000e+02	6.00000000e+00	8.00000000e+00	1.10000000e+01
-411	1.67000000e+02	6.00000000e+00	8.00000000e+00	1.10000000e+01
-410	1.67000000e+02	6.00000000e+00	8.00000000e+00	1.10000000e+01
-409	1.72000000e+02	6.00000000e+00	8.00000000e+00	1.10000000e+01
-408	1.76000000e+02	6.00000000e+00	8.00000000e+00	1.10000000e+01
-407	1.83000000e+02	6.00000000e+00	8.00000000e+00	1.10000000e+01
-406	1.87000000e+02	6.00000000e+00	8.00000000e+00	1.10000000e+01
-405	1.91000000e+02	6.00000000e+00	8.00000000e+00	1.10000000e+01
-404	1.95000000e+02	6.00000000e+00	8.00000000e+00	1.10000000e+01
-403	1.96000000e+02	6.00000000e+00	8.00000000e+00	1.10000000e+01
-402	2.00000000e+02	6.00000000e+00	8.00000000e+00	1.10000000e+01
-401	2.04000000e+02	6.00000000e+00	8.00000000e+00	1.10000000e+01
-400	2.07000000e+02	6.00000000e+00	8.00000000e+00	1.10000000e+01
-399	2.08000000e+02	6.00000000e+00	8.00000000e+00	1.10000000e+01
-398	2.14000000e+02	6.00000000e+00	8.00000000e+00	1.10000000e+01
-397	2.15000000e+02	6.00000000e+00	8.00000000e+00	1.10000000e+01
-396	2.15000000e+02	6.00000000e+00	8.00000000e+00	1.10000000e+01
-395	2.16000000e+02	6.00000000e+00	8.00000000e+00	1.10000000e+01
-394	2.21000000e+02	6.00000000e+00	8.00000000e+00	1.10000000e+01
-393	2.25000000e+02	6.00000000e+00	8.00000000e+00	1.10000000e+01
-392	2.28000000e+02	6.00000000e+00	8.00000000e+00	1.10000000e+01
-391	2.31000000e+02	6.00000000e+00	8.00000000e+00	1.10000000e+01
-390	2.32000000e+02	6.00000000e+00	8.00000000e+00	1.10000000e+01
-389	2.33000000e+02	6.00000000e+00	8.00000000e+00	1.10000000e+01
-388	2.34000000e+02	6.00000000e+00	8.00000000e+00	1.10000000e+01
-387	2.36000000e+02	6.00000000e+00	8.00000000e+00	1.10000000e+01
-386	2.37000000e+02	6.00000000e+00	8.00000000e+00	1.10000000e+01
-385	2.54000000e+02	6.00000000e+00	8.00000000e+00	1.10000000e+01
-384	2.62000000e+02	6.00000000e+00	8.00000000e+00	1.10000000e+01
-383	2.66000000e+02	6.00000000e+00	8.00000000e+00	1.10000000e+01
-382	2.67000000e+02	6.00000000e+00	8.00000000e+00	1.10000000e+01
-381	2.73000000e+02	6.00000000e+00	8.00000000e+00	1.10000000e+01
-380	2.81000000e+02	6.00000000e+00	8.00000000e+00	1.10000000e+01
-379	2.87000000e+02	6.00000000e+00	8.00000000e+00	1.10000000e+01
-378	2.93000000e+02	6.00000000e+00	8.00000000e+00	1.10000000e+01
-377	2.96000000e+02	6.00000000e+00	8.00000000e+00	1.10000000e+01
-376	3.00000000e+02	6.00000000e+00	8.00000000e+00	1.10000000e+01
-375	3.01000000e+02	6.00000000e+00	8.00000000e+00	1.10000000e+01
-374	3.03000000e+02	6.00000000e+00	8.00000000e+00	1.10000000e+01
-373	3.10000000e+02	6.00000000e+00	8.00000000e+00	1.10000000e+01
-372	3.20000000e+02	6.00000000e+00	8.00000000e+00	1.10000000e+01
-371	3.23000000e+02	6.00000000e+00	8.00000000e+00	1.10000000e+01
-370	3.27000000e+02	6.00000000e+00	8.00000000e+00	1.10000000e+01
-369	3.28000000e+02	6.00000000e+00	8.00000000e+00	1.10000000e+01
-368	3.30000000e+02	6.00000000e+00	8.00000000e+00	1.10000000e+01
-367	3.37000000e+02	6.00000000e+00	8.00000000e+00	1.10000000e+01
-366	3.40000000e+02	6.00000000e+00	8.00000000e+00	1.10000000e+01
-365	3.44000000e+02	6.00000000e+00	8.00000000e+00	1.10000000e+01
-364	3.47000000e+02	6.00000000e+00	8.00000000e+00	1.10000000e+01
-363	3.50000000e+02	6.00000000e+00	8.00000000e+00	1.10000000e+01
-362	3.55000000e+02	6.00000000e+00	8.00000000e+00	1.10000000e+01
-361	3.59000000e+02	6.00000000e+00	8.00000000e+00	1.10000000e+01
-360	3.63000000e+02	6.00000000e+00	8.00000000e+00	1.10000000e+01
-359	3.67000000e+02	6.00000000e+00	8.00000000e+00	1.10000000e+01
-358	3.74000000e+02	6.00000000e+00	8.00000000e+00	1.10000000e+01
-357	3.80000000e+02	6.00000000e+00	8.00000000e+00	1.10000000e+01
-356	3.88000000e+02	6.00000000e+00	8.00000000e+00	1.10000000e+01
-355	3.89000000e+02	6.00000000e+00	8.00000000e+00	1.10000000e+01
-354	3.92000000e+02	6.00000000e+00	8.00000000e+00	1.10000000e+01
-353	3.97000000e+02	6.00000000e+00	8.00000000e+00	1.10000000e+01
-352	3.99000000e+02	6.00000000e+00	8.00000000e+00	1.10000000e+01
-351	4.08000000e+02	6.00000000e+00	8.00000000e+00	1.10000000e+01
-350	4.21000000e+02	6.00000000e+00	8.00000000e+00	1.10000000e+01
-349	4.29000000e+02	6.00000000e+00	8.00000000e+00	1.10000000e+01
-348	4.32000000e+02	6.00000000e+00	8.00000000e+00	1.10000000e+01
-347	4.42000000e+02	6.00000000e+00	8.00000000e+00	1.10000000e+01
-346	4.54000000e+02	6.00000000e+00	8.00000000e+00	1.10000000e+01
-345	4.56000000e+02	6.00000000e+00	8.00000000e+00	1.10000000e+01
-344	4.62000000e+02	6.00000000e+00	8.00000000e+00	1.10000000e+01
-343	4.64000000e+02	6.00000000e+00	8.00000000e+00	1.10000000e+01
-342	4.74000000e+02	6.00000000e+00	8.00000000e+00	1.10000000e+01
-341	4.75000000e+02	6.00000000e+00	8.00000000e+00	1.10000000e+01
-340	4.81000000e+02	6.00000000e+00	8.00000000e+00	1.10000000e+01
-339	4.85000000e+02	6.00000000e+00	8.00000000e+00	1.10000000e+01
-338	4.92000000e+02	6.00000000e+00	8.00000000e+00	1.10000000e+01
-337	5.01000000e+02	6.00000000e+00	8.00000000e+00	1.10000000e+01
-336	5.07000000e+02	6.00000000e+00	8.00000000e+00	1.10000000e+01
-335	5.11000000e+02	6.00000000e+00	8.00000000e+00	1.10000000e+01
-334	5.16000000e+02	6.00000000e+00	8.00000000e+00	1.10000000e+01
-333	5.34000000e+02	6.00000000e+00	8.00000000e+00	1.10000000e+01
-332	5.47000000e+02	6.00000000e+00	8.00000000e+00	1.10000000e+01
-331	5.70000000e+02	6.00000000e+00	8.00000000e+00	1.10000000e+01
-330	5.82000000e+02	6.00000000e+00	8.00000000e+00	1.10000000e+01
-329	5.93000000e+02	6.00000000e+00	8.00000000e+00	1.10000000e+01
-328	6.07000000e+02	6.00000000e+00	8.00000000e+00	1.10000000e+01
-327	6.23000000e+02	6.00000000e+00	8.00000000e+00	1.10000000e+01
-326	6.28000000e+02	6.00000000e+00	8.00000000e+00	1.10000000e+01
-325	6.36000000e+02	6.00000000e+00	8.00000000e+00	1.10000000e+01
-324	6.55000000e+02	6.00000000e+00	8.00000000e+00	1.10000000e+01
-323	6.55000000e+02	6.00000000e+00	8.00000000e+00	1.10000000e+01
-322	6.65000000e+02	6.00000000e+00	8.00000000e+00	1.10000000e+01
-321	6.65000000e+02	6.00000000e+00	8.00000000e+00	1.10000000e+01
-320	6.65000000e+02	6.00000000e+00	8.00000000e+00	1.10000000e+01
-319	6.65000000e+02	6.00000000e+00	8.00000000e+00	1.10000000e+01
-318	6.69000000e+02	6.00000000e+00	8.00000000e+00	1.10000000e+01
-317	6.73000000e+02	6.00000000e+00	8.00000000e+00	1.10000000e+01
-316	6.76000000e+02	6.00000000e+00	8.00000000e+00	1.10000000e+01
-315	6.85000000e+02	6.00000000e+00	8.00000000e+00	1.10000000e+01
-314	6.88000000e+02	6.00000000e+00	8.00000000e+00	1.10000000e+01
-313	6.93000000e+02	6.00000000e+00	8.00000000e+00	1.10000000e+01
-312	7.05000000e+02	7.00000000e+00	9.00000000e+00	1.20000000e+01
-311	7.14000000e+02	7.00000000e+00	9.00000000e+00	1.20000000e+01
-310	7.16000000e+02	7.00000000e+00	9.00000000e+00	1.20000000e+01
-309	7.24000000e+02	7.00000000e+00	9.00000000e+00	1.20000000e+01
-308	7.29000000e+02	7.00000000e+00	9.00000000e+00	1.20000000e+01
-307	7.36000000e+02	7.00000000e+00	9.00000000e+00	1.20000000e+01
-306	7.43000000e+02	7.00000000e+00	9.00000000e+00	1.20000000e+01
-305	7.51000000e+02	7.00000000e+00	9.00000000e+00	1.20000000e+01
-304	7.67000000e+02	7.00000000e+00	9.00000000e+00	1.20000000e+01
-303	7.73000000e+02	7.00000000e+00	9.00000000e+00	1.20000000e+01
-302	7.73000000e+02	7.00000000e+00	9.00000000e+00	1.20000000e+01
-301	7.73000000e+02	7.00000000e+00	9.00000000e+00	1.20000000e+01
-300	7.73000000e+02	7.00000000e+00	9.00000000e+00	1.20000000e+01
-299	7.82000000e+02	7.00000000e+00	9.00000000e+00	1.20000000e+01
-298	7.90000000e+02	7.00000000e+00	9.00000000e+00	1.20000000e+01
-297	7.96000000e+02	7.00000000e+00	9.00000000e+00	1.20000000e+01
-296	7.99000000e+02	7.00000000e+00	9.00000000e+00	1.20000000e+01
-295	8.06000000e+02	7.00000000e+00	9.00000000e+00	1.20000000e+01
-294	8.13000000e+02	7.00000000e+00	9.00000000e+00	1.20000000e+01
-293	8.16000000e+02	7.00000000e+00	9.00000000e+00	1.20000000e+01
-292	8.25000000e+02	7.00000000e+00	9.00000000e+00	1.20000000e+01
-291	8.31000000e+02	7.00000000e+00	9.00000000e+00	1.20000000e+01
-290	8.37000000e+02	7.00000000e+00	9.00000000e+00	1.20000000e+01
-289	8.42000000e+02	7.00000000e+00	9.00000000e+00	1.20000000e+01
-288	8.49000000e+02	7.00000000e+00	9.00000000e+00	1.20000000e+01
-287	8.54000000e+02	7.00000000e+00	9.00000000e+00	1.20000000e+01
-286	8.59000000e+02	7.00000000e+00	9.00000000e+00	1.20000000e+01
-285	8.70000000e+02	7.00000000e+00	9.00000000e+00	1.20000000e+01
-284	8.75000000e+02	7.00000000e+00	9.00000000e+00	1.20000000e+01
-283	8.76000000e+02	7.00000000e+00	9.00000000e+00	1.20000000e+01
-282	8.81000000e+02	7.00000000e+00	9.00000000e+00	1.20000000e+01
-281	8.85000000e+02	7.00000000e+00	9.00000000e+00	1.20000000e+01
-280	8.90000000e+02	7.00000000e+00	9.00000000e+00	1.20000000e+01
-279	8.92000000e+02	7.00000000e+00	9.00000000e+00	1.20000000e+01
-278	8.99000000e+02	7.00000000e+00	9.00000000e+00	1.20000000e+01
-277	9.08000000e+02	7.00000000e+00	9.00000000e+00	1.20000000e+01
-276	9.11000000e+02	7.00000000e+00	9.00000000e+00	1.20000000e+01
-275	9.14000000e+02	7.00000000e+00	9.00000000e+00	1.20000000e+01
-274	9.17000000e+02	7.00000000e+00	9.00000000e+00	1.20000000e+01
-273	9.21000000e+02	7.00000000e+00	9.00000000e+00	1.20000000e+01
-272	9.23000000e+02	7.00000000e+00	9.00000000e+00	1.20000000e+01
-271	9.27000000e+02	7.00000000e+00	9.00000000e+00	1.20000000e+01
-270	9.27000000e+02	7.00000000e+00	9.00000000e+00	1.20000000e+01
-269	9.31000000e+02	7.00000000e+00	9.00000000e+00	1.20000000e+01
-268	9.39000000e+02	7.00000000e+00	9.00000000e+00	1.20000000e+01
-267	9.46000000e+02	7.00000000e+00	9.00000000e+00	1.20000000e+01
-266	9.56000000e+02	7.00000000e+00	9.00000000e+00	1.20000000e+01
-265	9.62000000e+02	7.00000000e+00	9.00000000e+00	1.20000000e+01
-264	9.74000000e+02	7.00000000e+00	9.00000000e+00	1.20000000e+01
-263	9.74000000e+02	7.00000000e+00	9.00000000e+00	1.20000000e+01
-262	9.91000000e+02	7.00000000e+00	9.00000000e+00	1.20000000e+01
-261	9.94000000e+02	7.00000000e+00	9.00000000e+00	1.20000000e+01
-260	1.00500000e+03	7.00000000e+00	9.00000000e+00	1.20000000e+01
-259	1.00900000e+03	7.00000000e+00	9.00000000e+00	1.20000000e+01
-258	1.01200000e+03	7.00000000e+00	9.00000000e+00	1.20000000e+01
-257	1.01500000e+03	7.00000000e+00	9.00000000e+00	1.20000000e+01
-256	1.02800000e+03	7.00000000e+00	9.00000000e+00	1.20000000e+01
-255	1.03100000e+03	7.00000000e+00	9.00000000e+00	1.20000000e+01
-254	1.03400000e+03	7.00000000e+00	9.00000000e+00	1.20000000e+01
-253	1.03600000e+03	7.00000000e+00	9.00000000e+00	1.20000000e+01
-252	1.04100000e+03	7.00000000e+00	9.00000000e+00	1.20000000e+01
-251	1.04200000e+03	7.00000000e+00	9.00000000e+00	1.20000000e+01
-250	1.04800000e+03	7.00000000e+00	9.00000000e+00	1.20000000e+01
-249	1.05300000e+03	7.00000000e+00	9.00000000e+00	1.20000000e+01
-248	1.05500000e+03	7.00000000e+00	9.00000000e+00	1.20000000e+01
-247	1.06500000e+03	7.00000000e+00	9.00000000e+00	1.20000000e+01
-246	1.07400000e+03	7.00000000e+00	9.00000000e+00	1.20000000e+01
-245	1.07700000e+03	7.00000000e+00	9.00000000e+00	1.20000000e+01
-244	1.08200000e+03	7.00000000e+00	9.00000000e+00	1.20000000e+01
-243	1.08300000e+03	7.00000000e+00	9.00000000e+00	1.20000000e+01
-242	1.09000000e+03	7.00000000e+00	9.00000000e+00	1.20000000e+01
-241	1.09500000e+03	7.00000000e+00	9.00000000e+00	1.20000000e+01
-240	1.09900000e+03	7.00000000e+00	9.00000000e+00	1.20000000e+01
-239	1.10200000e+03	7.00000000e+00	9.00000000e+00	1.20000000e+01
-238	1.10400000e+03	7.00000000e+00	9.00000000e+00	1.20000000e+01
-237	1.10700000e+03	7.00000000e+00	9.00000000e+00	1.20000000e+01
-236	1.10900000e+03	7.00000000e+00	9.00000000e+00	1.20000000e+01
-235	1.11300000e+03	7.00000000e+00	9.00000000e+00	1.20000000e+01
-234	1.11700000e+03	7.00000000e+00	9.00000000e+00	1.20000000e+01
-233	1.12300000e+03	7.00000000e+00	9.00000000e+00	1.20000000e+01
-232	1.12300000e+03	7.00000000e+00	9.00000000e+00	1.20000000e+01
-231	1.13100000e+03	7.00000000e+00	9.00000000e+00	1.20000000e+01
-230	1.14000000e+03	7.00000000e+00	9.00000000e+00	1.20000000e+01
-229	1.14900000e+03	7.00000000e+00	9.00000000e+00	1.20000000e+01
-228	1.15100000e+03	7.00000000e+00	9.00000000e+00	1.20000000e+01
-227	1.15700000e+03	7.00000000e+00	9.00000000e+00	1.20000000e+01
-226	1.16400000e+03	7.00000000e+00	9.00000000e+00	1.20000000e+01
-225	1.16800000e+03	7.00000000e+00	9.00000000e+00	1.20000000e+01
-224	1.17200000e+03	7.00000000e+00	9.00000000e+00	1.20000000e+01
-223	1.18100000e+03	7.00000000e+00	9.00000000e+00	1.20000000e+01
-222	1.19100000e+03	7.00000000e+00	9.00000000e+00	1.20000000e+01
-221	1.19500000e+03	7.00000000e+00	9.00000000e+00	1.20000000e+01
-220	1.19900000e+03	7.00000000e+00	9.00000000e+00	1.20000000e+01
-219	1.20300000e+03	7.00000000e+00	9.00000000e+00	1.20000000e+01
-218	1.20700000e+03	7.00000000e+00	9.00000000e+00	1.20000000e+01
-217	1.21000000e+03	7.00000000e+00	9.00000000e+00	1.20000000e+01
-216	1.21100000e+03	7.00000000e+00	9.00000000e+00	1.20000000e+01
-215	1.21600000e+03	7.00000000e+00	9.00000000e+00	1.20000000e+01
-214	1.22300000e+03	7.00000000e+00	9.00000000e+00	1.20000000e+01
-213	1.22800000e+03	7.00000000e+00	9.00000000e+00	1.20000000e+01
-212	1.23600000e+03	7.00000000e+00	9.00000000e+00	1.20000000e+01
-211	1.24400000e+03	7.00000000e+00	9.00000000e+00	1.20000000e+01
-210	1.25200000e+03	7.00000000e+00	9.00000000e+00	1.20000000e+01
-209	1.25700000e+03	7.00000000e+00	9.00000000e+00	1.20000000e+01
-208	1.26200000e+03	7.00000000e+00	9.00000000e+00	1.20000000e+01
-207	1.27100000e+03	8.00000000e+00	1.00000000e+01	1.30000000e+01
-206	1.27700000e+03	8.00000000e+00	1.00000000e+01	1.30000000e+01
-205	1.28100000e+03	8.00000000e+00	1.00000000e+01	1.30000000e+01
-204	1.28600000e+03	8.00000000e+00	1.00000000e+01	1.30000000e+01
-203	1.28900000e+03	8.00000000e+00	1.00000000e+01	1.30000000e+01
-202	1.29400000e+03	8.00000000e+00	1.00000000e+01	1.30000000e+01
-201	1.29400000e+03	8.00000000e+00	1.00000000e+01	1.30000000e+01
-200	1.29400000e+03	8.00000000e+00	1.00000000e+01	1.30000000e+01
-199	1.29800000e+03	8.00000000e+00	1.00000000e+01	1.30000000e+01
-198	1.30000000e+03	8.00000000e+00	1.00000000e+01	1.30000000e+01
-197	1.30300000e+03	8.00000000e+00	1.00000000e+01	1.30000000e+01
-196	1.31100000e+03	8.00000000e+00	1.00000000e+01	1.30000000e+01
-195	1.31700000e+03	8.00000000e+00	1.00000000e+01	1.30000000e+01
-194	1.33200000e+03	8.00000000e+00	1.00000000e+01	1.30000000e+01
-193	1.33400000e+03	8.00000000e+00	1.00000000e+01	1.30000000e+01
-192	1.33800000e+03	8.00000000e+00	1.00000000e+01	1.30000000e+01
-191	1.34400000e+03	8.00000000e+00	1.00000000e+01	1.30000000e+01
-190	1.34900000e+03	8.00000000e+00	1.00000000e+01	1.30000000e+01
-189	1.35200000e+03	8.00000000e+00	1.00000000e+01	1.30000000e+01
-188	1.36200000e+03	8.00000000e+00	1.00000000e+01	1.30000000e+01
-187	1.36800000e+03	8.00000000e+00	1.00000000e+01	1.30000000e+01
-186	1.37400000e+03	8.00000000e+00	1.00000000e+01	1.30000000e+01
-185	1.37400000e+03	8.00000000e+00	1.00000000e+01	1.30000000e+01
-184	1.37600000e+03	8.00000000e+00	1.00000000e+01	1.30000000e+01
-183	1.37900000e+03	8.00000000e+00	1.00000000e+01	1.30000000e+01
-182	1.38200000e+03	8.00000000e+00	1.00000000e+01	1.30000000e+01
-181	1.38500000e+03	8.00000000e+00	1.00000000e+01	1.30000000e+01
-180	1.39400000e+03	8.00000000e+00	1.00000000e+01	1.30000000e+01
-179	1.39900000e+03	8.00000000e+00	1.00000000e+01	1.30000000e+01
-178	1.40400000e+03	8.00000000e+00	1.00000000e+01	1.30000000e+01
-177	1.40900000e+03	8.00000000e+00	1.00000000e+01	1.30000000e+01
-176	1.41500000e+03	8.00000000e+00	1.00000000e+01	1.30000000e+01
-175	1.41900000e+03	8.00000000e+00	1.00000000e+01	1.30000000e+01
-174	1.42700000e+03	8.00000000e+00	1.00000000e+01	1.30000000e+01
-173	1.43100000e+03	8.00000000e+00	1.00000000e+01	1.30000000e+01
-172	1.43900000e+03	8.00000000e+00	1.00000000e+01	1.30000000e+01
-171	1.44700000e+03	8.00000000e+00	1.00000000e+01	1.30000000e+01
-170	1.44700000e+03	8.00000000e+00	1.00000000e+01	1.30000000e+01
-169	1.45200000e+03	8.00000000e+00	1.00000000e+01	1.30000000e+01
-168	1.45400000e+03	8.00000000e+00	1.00000000e+01	1.30000000e+01
-167	1.45800000e+03	8.00000000e+00	1.00000000e+01	1.30000000e+01
-166	1.46400000e+03	8.00000000e+00	1.00000000e+01	1.30000000e+01
-165	1.46900000e+03	8.00000000e+00	1.00000000e+01	1.30000000e+01
-164	1.47100000e+03	8.00000000e+00	1.00000000e+01	1.30000000e+01
-163	1.47600000e+03	8.00000000e+00	1.00000000e+01	1.30000000e+01
-162	1.47900000e+03	8.00000000e+00	1.00000000e+01	1.30000000e+01
-161	1.48600000e+03	8.00000000e+00	1.00000000e+01	1.30000000e+01
-160	1.49100000e+03	8.00000000e+00	1.00000000e+01	1.30000000e+01
-159	1.49800000e+03	8.00000000e+00	1.00000000e+01	1.30000000e+01
-158	1.51200000e+03	8.00000000e+00	1.00000000e+01	1.30000000e+01
-157	1.52000000e+03	8.00000000e+00	1.00000000e+01	1.30000000e+01
-156	1.52400000e+03	8.00000000e+00	1.00000000e+01	1.30000000e+01
-155	1.52900000e+03	8.00000000e+00	1.00000000e+01	1.30000000e+01
-154	1.54000000e+03	8.00000000e+00	1.00000000e+01	1.30000000e+01
-153	1.54900000e+03	8.00000000e+00	1.00000000e+01	1.30000000e+01
-152	1.56200000e+03	8.00000000e+00	1.00000000e+01	1.30000000e+01
-151	1.56700000e+03	8.00000000e+00	1.00000000e+01	1.30000000e+01
-150	1.57500000e+03	8.00000000e+00	1.00000000e+01	1.30000000e+01
-149	1.59400000e+03	8.00000000e+00	1.00000000e+01	1.30000000e+01
-148	1.60700000e+03	8.00000000e+00	1.00000000e+01	1.30000000e+01
-147	1.61200000e+03	8.00000000e+00	1.00000000e+01	1.30000000e+01
-146	1.62000000e+03	8.00000000e+00	1.00000000e+01	1.30000000e+01
-145	1.62700000e+03	8.00000000e+00	1.00000000e+01	1.30000000e+01
-144	1.63200000e+03	8.00000000e+00	1.00000000e+01	1.30000000e+01
-143	1.63700000e+03	8.00000000e+00	1.00000000e+01	1.30000000e+01
-142	1.64700000e+03	8.00000000e+00	1.00000000e+01	1.30000000e+01
-141	1.65400000e+03	8.00000000e+00	1.00000000e+01	1.30000000e+01
-140	1.66400000e+03	8.00000000e+00	1.00000000e+01	1.30000000e+01
-139	1.67000000e+03	8.00000000e+00	1.00000000e+01	1.30000000e+01
-138	1.67800000e+03	8.00000000e+00	1.00000000e+01	1.30000000e+01
-137	1.69100000e+03	8.00000000e+00	1.00000000e+01	1.30000000e+01
-136	1.69700000e+03	8.00000000e+00	1.00000000e+01	1.30000000e+01
-135	1.70200000e+03	8.00000000e+00	1.00000000e+01	1.30000000e+01
-134	1.71000000e+03	8.00000000e+00	1.00000000e+01	1.30000000e+01
-133	1.71400000e+03	8.00000000e+00	1.00000000e+01	1.30000000e+01
-132	1.72000000e+03	8.00000000e+00	1.00000000e+01	1.30000000e+01
-131	1.72700000e+03	8.00000000e+00	1.00000000e+01	1.30000000e+01
-130	1.73300000e+03	8.00000000e+00	1.00000000e+01	1.30000000e+01
-129	1.73800000e+03	8.00000000e+00	1.00000000e+01	1.30000000e+01
-128	1.74500000e+03	8.00000000e+00	1.00000000e+01	0.00000000e+00
-127	1.75500000e+03	8.00000000e+00	1.00000000e+01	1.30000000e+01
-126	1.76000000e+03	8.00000000e+00	1.00000000e+01	1.30000000e+01
-125	1.76600000e+03	8.00000000e+00	1.00000000e+01	1.30000000e+01
-124	1.77500000e+03	8.00000000e+00	1.00000000e+01	1.30000000e+01
-123	1.78100000e+03	8.00000000e+00	1.00000000e+01	1.30000000e+01
-122	1.78500000e+03	8.00000000e+00	1.00000000e+01	1.30000000e+01
-121	1.79700000e+03	8.00000000e+00	1.00000000e+01	1.30000000e+01
-120	1.80400000e+03	8.00000000e+00	1.00000000e+01	1.30000000e+01
-119	1.81300000e+03	8.00000000e+00	1.00000000e+01	1.30000000e+01
-118	1.82000000e+03	8.00000000e+00	1.00000000e+01	1.30000000e+01
-117	1.83600000e+03	8.00000000e+00	1.00000000e+01	1.30000000e+01
-116	1.84500000e+03	8.00000000e+00	1.00000000e+01	1.30000000e+01
-115	1.85400000e+03	8.00000000e+00	1.00000000e+01	1.30000000e+01
-114	1.86000000e+03	8.00000000e+00	1.00000000e+01	1.30000000e+01
-113	1.86500000e+03	8.00000000e+00	1.00000000e+01	1.30000000e+01
-112	1.87200000e+03	8.00000000e+00	1.00000000e+01	1.30000000e+01
-111	1.88000000e+03	8.00000000e+00	1.00000000e+01	1.30000000e+01
-110	1.88400000e+03	8.00000000e+00	1.00000000e+01	1.30000000e+01
-109	1.88600000e+03	8.00000000e+00	1.00000000e+01	1.30000000e+01
-108	1.89400000e+03	8.00000000e+00	1.00000000e+01	1.30000000e+01
-107	1.89800000e+03	8.00000000e+00	1.00000000e+01	1.30000000e+01
-106	1.90900000e+03	8.00000000e+00	1.00000000e+01	1.30000000e+01
-105	1.91500000e+03	8.00000000e+00	1.00000000e+01	1.30000000e+01
-104	1.91800000e+03	8.00000000e+00	1.00000000e+01	1.30000000e+01
-103	1.92600000e+03	8.00000000e+00	1.00000000e+01	1.30000000e+01
-102	1.93100000e+03	8.00000000e+00	1.00000000e+01	1.30000000e+01
-101	1.93700000e+03	8.00000000e+00	1.00000000e+01	1.30000000e+01
-100	1.94500000e+03	8.00000000e+00	1.00000000e+01	1.30000000e+01
-99	1.95300000e+03	8.00000000e+00	1.00000000e+01	1.30000000e+01
-98	1.96300000e+03	8.00000000e+00	1.00000000e+01	1.30000000e+01
-97	1.97500000e+03	8.00000000e+00	1.00000000e+01	1.30000000e+01
-96	1.98500000e+03	8.00000000e+00	1.00000000e+01	1.30000000e+01
-95	1.98800000e+03	8.00000000e+00	1.00000000e+01	1.30000000e+01
-94	2.00100000e+03	8.00000000e+00	1.00000000e+01	1.30000000e+01
-93	2.00900000e+03	8.00000000e+00	1.00000000e+01	1.30000000e+01
-92	2.02100000e+03	8.00000000e+00	1.00000000e+01	1.30000000e+01
-91	2.02400000e+03	8.00000000e+00	1.00000000e+01	1.30000000e+01
-90	2.02900000e+03	8.00000000e+00	1.00000000e+01	1.30000000e+01
-89	2.03600000e+03	8.00000000e+00	1.00000000e+01	1.30000000e+01
-88	2.04800000e+03	8.00000000e+00	1.00000000e+01	1.30000000e+01
-87	2.05800000e+03	8.00000000e+00	1.00000000e+01	1.30000000e+01
-86	2.06800000e+03	8.00000000e+00	1.00000000e+01	1.30000000e+01
-85	2.07500000e+03	8.00000000e+00	1.00000000e+01	1.30000000e+01
-84	2.07700000e+03	8.00000000e+00	1.00000000e+01	1.30000000e+01
-83	2.08500000e+03	8.00000000e+00	1.00000000e+01	1.30000000e+01
-82	2.10100000e+03	8.00000000e+00	1.00000000e+01	1.30000000e+01
-81	2.11000000e+03	8.00000000e+00	1.00000000e+01	1.30000000e+01
-80	2.12000000e+03	8.00000000e+00	1.00000000e+01	1.30000000e+01
-79	2.12800000e+03	8.00000000e+00	1.00000000e+01	1.30000000e+01
-78	2.13600000e+03	8.00000000e+00	1.00000000e+01	1.30000000e+01
-77	2.14400000e+03	8.00000000e+00	1.00000000e+01	1.30000000e+01
-76	2.15100000e+03	8.00000000e+00	1.00000000e+01	1.30000000e+01
-75	2.16100000e+03	8.00000000e+00	1.00000000e+01	1.30000000e+01
-74	2.16800000e+03	8.00000000e+00	1.00000000e+01	1.30000000e+01
-73	2.17100000e+03	8.00000000e+00	1.00000000e+01	1.30000000e+01
-72	2.18100000e+03	8.00000000e+00	1.00000000e+01	1.30000000e+01
-71	2.19000000e+03	8.00000000e+00	1.00000000e+01	1.30000000e+01
-70	2.19800000e+03	8.00000000e+00	1.00000000e+01	1.30000000e+01
-69	2.20700000e+03	8.00000000e+00	1.00000000e+01	1.30000000e+01
-68	2.21300000e+03	8.00000000e+00	1.00000000e+01	1.30000000e+01
-67	2.22600000e+03	8.00000000e+00	1.00000000e+01	1.30000000e+01
-66	2.23000000e+03	8.00000000e+00	1.00000000e+01	1.30000000e+01
-65	2.25200000e+03	8.00000000e+00	1.00000000e+01	1.30000000e+01
-64	2.25800000e+03	8.00000000e+00	1.00000000e+01	1.30000000e+01
-63	2.26900000e+03	8.00000000e+00	1.00000000e+01	1.30000000e+01
-62	2.27200000e+03	8.00000000e+00	1.00000000e+01	1.30000000e+01
-61	2.27400000e+03	8.00000000e+00	1.00000000e+01	1.30000000e+01
-60	2.27600000e+03	8.00000000e+00	1.00000000e+01	1.30000000e+01
-59	2.27700000e+03	8.00000000e+00	1.00000000e+01	1.30000000e+01
-58	2.28000000e+03	8.00000000e+00	1.00000000e+01	1.30000000e+01
-57	2.28600000e+03	8.00000000e+00	1.00000000e+01	1.30000000e+01
-56	2.29800000e+03	8.00000000e+00	1.00000000e+01	1.30000000e+01
-55	2.30500000e+03	8.00000000e+00	1.00000000e+01	1.30000000e+01
-54	2.31500000e+03	8.00000000e+00	1.00000000e+01	1.30000000e+01
-53	2.32100000e+03	8.00000000e+00	1.00000000e+01	1.30000000e+01
-52	2.32700000e+03	8.00000000e+00	1.00000000e+01	1.30000000e+01
-51	2.33200000e+03	8.00000000e+00	1.00000000e+01	1.30000000e+01
-50	2.34700000e+03	8.00000000e+00	1.00000000e+01	1.30000000e+01
-49	2.35600000e+03	8.00000000e+00	1.00000000e+01	1.30000000e+01
-48	2.36400000e+03	8.00000000e+00	1.00000000e+01	1.30000000e+01
-47	2.36400000e+03	8.00000000e+00	1.00000000e+01	1.30000000e+01
-46	2.36900000e+03	8.00000000e+00	1.00000000e+01	1.30000000e+01
-45	2.36900000e+03	8.00000000e+00	1.00000000e+01	1.30000000e+01
-44	2.37300000e+03	8.00000000e+00	1.00000000e+01	1.30000000e+01
-43	2.38000000e+03	8.00000000e+00	1.00000000e+01	1.30000000e+01
-42	2.38500000e+03	8.00000000e+00	1.00000000e+01	1.30000000e+01
-41	2.38800000e+03	8.00000000e+00	1.00000000e+01	1.30000000e+01
-40	2.39200000e+03	8.00000000e+00	1.00000000e+01	1.30000000e+01
-39	2.40100000e+03	8.00000000e+00	1.00000000e+01	1.30000000e+01
-38	2.40100000e+03	8.00000000e+00	1.00000000e+01	1.30000000e+01
-37	2.40800000e+03	8.00000000e+00	1.00000000e+01	1.30000000e+01
-36	2.40800000e+03	8.00000000e+00	1.00000000e+01	1.30000000e+01
-35	2.40800000e+03	8.00000000e+00	1.00000000e+01	1.30000000e+01
-34	2.40800000e+03	8.00000000e+00	1.00000000e+01	1.30000000e+01
-33	2.40800000e+03	8.00000000e+00	1.00000000e+01	1.30000000e+01
-32	2.42600000e+03	8.00000000e+00	1.00000000e+01	1.30000000e+01
-31	2.43600000e+03	8.00000000e+00	1.00000000e+01	1.30000000e+01
-30	2.44000000e+03	8.00000000e+00	1.00000000e+01	1.30000000e+01
-29	2.45200000e+03	8.00000000e+00	1.00000000e+01	1.30000000e+01
-28	2.45800000e+03	8.00000000e+00	1.00000000e+01	1.30000000e+01
-27	2.46900000e+03	8.00000000e+00	1.00000000e+01	1.30000000e+01
-26	2.47800000e+03	8.00000000e+00	1.00000000e+01	1.30000000e+01
-25	2.48400000e+03	8.00000000e+00	1.00000000e+01	1.30000000e+01
-24	2.49700000e+03	8.00000000e+00	1.00000000e+01	1.30000000e+01
-23	2.50400000e+03	8.00000000e+00	1.00000000e+01	1.30000000e+01
-22	2.52600000e+03	8.00000000e+00	1.00000000e+01	1.30000000e+01
-21	2.54400000e+03	8.00000000e+00	1.00000000e+01	1.30000000e+01
-20	2.56700000e+03	8.00000000e+00	1.00000000e+01	1.30000000e+01
-19	2.57700000e+03	8.00000000e+00	1.00000000e+01	1.30000000e+01
-18	2.58900000e+03	8.00000000e+00	1.00000000e+01	1.30000000e+01
-17	2.60300000e+03	8.00000000e+00	1.00000000e+01	1.30000000e+01
-16	2.62200000e+03	8.00000000e+00	1.00000000e+01	1.30000000e+01
-15	2.66700000e+03	8.00000000e+00	1.00000000e+01	1.30000000e+01
-14	2.72600000e+03	8.00000000e+00	1.00000000e+01	1.30000000e+01
-13	2.77300000e+03	8.00000000e+00	1.00000000e+01	1.30000000e+01
-12	2.78900000e+03	8.00000000e+00	1.00000000e+01	1.30000000e+01
-11	2.80700000e+03	8.00000000e+00	1.00000000e+01	1.30000000e+01
-10	2.84300000e+03	8.00000000e+00	1.00000000e+01	1.30000000e+01
-9	2.95900000e+03	8.00000000e+00	1.00000000e+01	1.30000000e+01
-8	3.06800000e+03	8.00000000e+00	1.00000000e+01	1.30000000e+01
-7	3.27300000e+03	8.00000000e+00	1.00000000e+01	1.30000000e+01
-6	3.43700000e+03	9.00000000e+00	1.10000000e+01	1.40000000e+01
-5	3.49500000e+03	9.00000000e+00	1.10000000e+01	1.40000000e+01
-4	3.59500000e+03	9.00000000e+00	1.10000000e+01	1.40000000e+01
-3	3.78000000e+03	9.00000000e+00	1.10000000e+01	1.40000000e+01
-2	3.96600000e+03	9.00000000e+00	1.10000000e+01	1.40000000e+01
-1	4.11700000e+03	9.00000000e+00	1.10000000e+01	1.40000000e+01
0	4.32100000e+03	9.00000000e+00	1.10000000e+01	1.40000000e+01
1	4.51100000e+03	9.00000000e+00	1.10000000e+01	1.40000000e+01
2	4.68100000e+03	9.00000000e+00	1.10000000e+01	1.40000000e+01
3	4.86700000e+03	9.00000000e+00	1.10000000e+01	1.40000000e+01
4	5.04800000e+03	9.00000000e+00	1.10000000e+01	1.40000000e+01
5	5.19300000e+03	9.00000000e+00	1.10000000e+01	1.40000000e+01
6	5.30700000e+03	9.00000000e+00	1.10000000e+01	1.40000000e+01
7	5.37700000e+03	1.00000000e+01	1.20000000e+01	1.50000000e+01
8	5.45700000e+03	1.00000000e+01	1.20000000e+01	1.50000000e+01
9	5.55900000e+03	1.00000000e+01	1.20000000e+01	1.50000000e+01
10	5.65000000e+03	1.00000000e+01	1.20000000e+01	1.50000000e+01
11	5.78300000e+03	1.00000000e+01	1.20000000e+01	1.50000000e+01
12	5.89300000e+03	1.00000000e+01	1.20000000e+01	1.50000000e+01
13	5.97100000e+03	1.00000000e+01	1.20000000e+01	1.50000000e+01
14	6.07000000e+03	1.10000000e+01	1.30000000e+01	1.60000000e+01
15	6.15900000e+03	1.10000000e+01	1.30000000e+01	1.60000000e+01
16	6.23600000e+03	1.10000000e+01	1.30000000e+01	1.60000000e+01
17	6.30200000e+03	1.10000000e+01	1.30000000e+01	1.60000000e+01
18	6.38800000e+03	1.10000000e+01	1.30000000e+01	1.60000000e+01
19	6.42800000e+03	1.10000000e+01	1.30000000e+01	1.60000000e+01
20	6.47600000e+03	1.10000000e+01	1.30000000e+01	1.60000000e+01
21	6.51700000e+03	1.10000000e+01	1.30000000e+01	1.60000000e+01
22	6.58800000e+03	1.20000000e+01	1.40000000e+01	1.70000000e+01
23	6.65800000e+03	1.20000000e+01	1.40000000e+01	1.70000000e+01
24	6.70200000e+03	1.20000000e+01	1.40000000e+01	1.70000000e+01
25	6.75400000e+03	1.20000000e+01	1.40000000e+01	1.70000000e+01
26	6.80500000e+03	1.20000000e+01	1.40000000e+01	1.70000000e+01
27	6.84600000e+03	1.20000000e+01	1.40000000e+01	1.70000000e+01
28	6.93300000e+03	1.30000000e+01	1.50000000e+01	2.20000000e+01
29	6.99100000e+03	1.30000000e+01	1.50000000e+01	2.20000000e+01
30	7.03800000e+03	1.30000000e+01	1.50000000e+01	2.20000000e+01
31	7.08000000e+03	1.30000000e+01	1.50000000e+01	2.20000000e+01
32	7.11600000e+03	1.30000000e+01	1.50000000e+01	2.20000000e+01
33	7.16300000e+03	1.30000000e+01	1.50000000e+01	2.30000000e+01
34	7.18800000e+03	1.30000000e+01	1.50000000e+01	2.30000000e+01
35	7.21400000e+03	1.30000000e+01	1.50000000e+01	2.30000000e+01
36	7.24700000e+03	1.30000000e+01	1.50000000e+01	2.30000000e+01
37	7.27800000e+03	1.30000000e+01	1.50000000e+01	2.30000000e+01
38	7.31800000e+03	1.30000000e+01	1.50000000e+01	2.30000000e+01
39	7.35900000e+03	1.30000000e+01	1.50000000e+01	2.30000000e+01
40	7.38600000e+03	1.30000000e+01	1.50000000e+01	2.30000000e+01
41	7.40600000e+03	1.30000000e+01	1.50000000e+01	2.30000000e+01
42	7.43000000e+03	1.30000000e+01	1.50000000e+01	2.30000000e+01
43	7.45800000e+03	1.30000000e+01	1.50000000e+01	2.30000000e+01
44	7.47600000e+03	1.30000000e+01	1.50000000e+01	2.30000000e+01
45	7.51000000e+03	1.30000000e+01	1.50000000e+01	2.30000000e+01
46	7.54900000e+03	1.30000000e+01	1.50000000e+01	2.30000000e+01
47	7.60400000e+03	1.30000000e+01	1.50000000e+01	2.30000000e+01
48	7.64500000e+03	1.30000000e+01	1.50000000e+01	2.30000000e+01
49	7.68800000e+03	1.30000000e+01	1.50000000e+01	2.30000000e+01
50	7.72300000e+03	1.30000000e+01	1.50000000e+01	2.30000000e+01
51	7.76500000e+03	1.30000000e+01	1.50000000e+01	2.30000000e+01
52	7.80600000e+03	1.30000000e+01	1.50000000e+01	2.30000000e+01
53	7.85200000e+03	1.30000000e+01	1.50000000e+01	2.30000000e+01
54	7.89400000e+03	1.30000000e+01	1.50000000e+01	2.30000000e+01
55	7.92400000e+03	1.30000000e+01	1.50000000e+01	2.30000000e+01
56	7.95800000e+03	1.30000000e+01	1.50000000e+01	2.30000000e+01
57	8.00000000e+03	1.30000000e+01	1.50000000e+01	2.30000000e+01
58	8.02100000e+03	1.30000000e+01	1.50000000e+01	2.30000000e+01
59	8.04600000e+03	1.30000000e+01	1.50000000e+01	2.30000000e+01
60	8.08200000e+03	1.30000000e+01	1.50000000e+01	2.30000000e+01
61	8.11200000e+03	1.30000000e+01	1.50000000e+01	2.30000000e+01
62	8.13200000e+03	1.30000000e+01	1.50000000e+01	2.30000000e+01
63	8.17900000e+03	1.30000000e+01	1.50000000e+01	2.30000000e+01
64	8.23800000e+03	1.30000000e+01	1.50000000e+01	2.30000000e+01
65	8.27900000e+03	1.30000000e+01	1.50000000e+01	2.30000000e+01
66	8.34400000e+03	1.30000000e+01	1.50000000e+01	2.30000000e+01
67	8.39200000e+03	1.30000000e+01	1.50000000e+01	2.30000000e+01
68	8.43200000e+03	1.30000000e+01	1.50000000e+01	2.30000000e+01
69	8.46900000e+03	1.30000000e+01	1.50000000e+01	2.30000000e+01
70	8.51800000e+03	1.30000000e+01	1.50000000e+01	2.30000000e+01
71	8.55500000e+03	1.30000000e+01	1.50000000e+01	2.30000000e+01
72	8.60400000e+03	1.30000000e+01	1.50000000e+01	2.30000000e+01
73	8.64600000e+03	1.30000000e+01	1.50000000e+01	2.30000000e+01
74	8.68700000e+03	1.30000000e+01	1.50000000e+01	2.30000000e+01
75	8.71800000e+03	1.30000000e+01	1.50000000e+01	2.30000000e+01
76	8.75500000e+03	1.30000000e+01	1.50000000e+01	2.30000000e+01
77	8.79000000e+03	1.30000000e+01	1.50000000e+01	2.30000000e+01
78	8.82200000e+03	1.30000000e+01	1.50000000e+01	2.30000000e+01
79	8.85900000e+03	1.30000000e+01	1.50000000e+01	2.30000000e+01
80	8.91000000e+03	1.30000000e+01	1.50000000e+01	2.30000000e+01
81	8.93700000e+03	1.30000000e+01	1.50000000e+01	2.30000000e+01
82	8.98000000e+03	1.30000000e+01	1.50000000e+01	2.30000000e+01
83	9.01200000e+03	1.30000000e+01	1.50000000e+01	2.30000000e+01
84	9.03900000e+03	1.30000000e+01	1.50000000e+01	2.30000000e+01
85	9.06800000e+03	1.30000000e+01	8.00000000e+00	2.30000000e+01
86	9.09600000e+03	1.30000000e+01	1.50000000e+01	2.30000000e+01
87	9.14300000e+03	1.30000000e+01	1.50000000e+01	2.30000000e+01
88	9.17700000e+03	1.30000000e+01	1.50000000e+01	2.30000000e+01
89	9.21500000e+03	1.30000000e+01	1.50000000e+01	2.30000000e+01
90	9.24200000e+03	1.30000000e+01	1.50000000e+01	2.30000000e+01
91	9.26900000e+03	1.30000000e+01	1.50000000e+01	2.30000000e+01
92	9.30100000e+03	1.30000000e+01	1.50000000e+01	2.30000000e+01
93	9.34000000e+03	1.30000000e+01	1.50000000e+01	2.30000000e+01
94	9.36700000e+03	1.30000000e+01	1.50000000e+01	2.30000000e+01
95	9.39300000e+03	1.30000000e+01	1.50000000e+01	2.30000000e+01
96	9.42100000e+03	1.30000000e+01	1.50000000e+01	2.30000000e+01
97	9.44600000e+03	1.30000000e+01	1.50000000e+01	2.30000000e+01
98	9.47800000e+03	1.30000000e+01	1.50000000e+01	2.30000000e+01
99	9.50700000e+03	1.30000000e+01	1.50000000e+01	2.30000000e+01
100	9.52700000e+03	1.30000000e+01	1.50000000e+01	2.30000000e+01
