Day_(movie_time)	Views	Users	Rigor	Edits
-500	0.00000000e+00	3.00000000e+00	4.00000000e+00	1.10000000e+01
-499	2.71000000e+02	3.00000000e+00	4.00000000e+00	1.10000000e+01
-498	5.25000000e+02	3.00000000e+00	4.00000000e+00	1.10000000e+01
-497	7.80000000e+02	3.00000000e+00	4.00000000e+00	1.10000000e+01
-496	1.02600000e+03	3.00000000e+00	4.00000000e+00	1.10000000e+01
-495	1.27600000e+03	3.00000000e+00	4.00000000e+00	1.10000000e+01
-494	1.60200000e+03	3.00000000e+00	4.00000000e+00	1.10000000e+01
-493	1.94500000e+03	3.00000000e+00	4.00000000e+00	1.10000000e+01
-492	2.25100000e+03	3.00000000e+00	4.00000000e+00	1.10000000e+01
-491	2.51500000e+03	3.00000000e+00	4.00000000e+00	1.10000000e+01
-490	2.80900000e+03	3.00000000e+00	4.00000000e+00	1.10000000e+01
-489	3.06600000e+03	3.00000000e+00	4.00000000e+00	1.10000000e+01
-488	3.34600000e+03	3.00000000e+00	4.00000000e+00	1.10000000e+01
-487	3.63600000e+03	3.00000000e+00	4.00000000e+00	1.10000000e+01
-486	3.98600000e+03	3.00000000e+00	4.00000000e+00	1.10000000e+01
-485	4.30900000e+03	3.00000000e+00	4.00000000e+00	1.10000000e+01
-484	4.61400000e+03	3.00000000e+00	4.00000000e+00	1.10000000e+01
-483	4.89600000e+03	4.00000000e+00	5.00000000e+00	1.20000000e+01
-482	5.18900000e+03	4.00000000e+00	5.00000000e+00	1.20000000e+01
-481	5.44100000e+03	4.00000000e+00	5.00000000e+00	1.20000000e+01
-480	5.76700000e+03	4.00000000e+00	5.00000000e+00	1.20000000e+01
-479	6.10600000e+03	4.00000000e+00	5.00000000e+00	1.20000000e+01
-478	6.44300000e+03	4.00000000e+00	5.00000000e+00	1.20000000e+01
-477	6.83300000e+03	4.00000000e+00	5.00000000e+00	1.20000000e+01
-476	7.29700000e+03	4.00000000e+00	5.00000000e+00	1.20000000e+01
-475	7.60000000e+03	4.00000000e+00	5.00000000e+00	1.20000000e+01
-474	7.95300000e+03	4.00000000e+00	5.00000000e+00	1.20000000e+01
-473	8.26300000e+03	4.00000000e+00	5.00000000e+00	1.20000000e+01
-472	8.62300000e+03	4.00000000e+00	5.00000000e+00	1.20000000e+01
-471	8.93900000e+03	4.00000000e+00	5.00000000e+00	1.20000000e+01
-470	9.24100000e+03	4.00000000e+00	5.00000000e+00	1.20000000e+01
-469	9.57300000e+03	4.00000000e+00	5.00000000e+00	1.20000000e+01
-468	9.86300000e+03	4.00000000e+00	5.00000000e+00	1.20000000e+01
-467	1.01420000e+04	4.00000000e+00	5.00000000e+00	1.20000000e+01
-466	1.04460000e+04	4.00000000e+00	5.00000000e+00	1.20000000e+01
-465	1.08120000e+04	4.00000000e+00	5.00000000e+00	1.20000000e+01
-464	1.11230000e+04	4.00000000e+00	5.00000000e+00	1.20000000e+01
-463	1.14260000e+04	4.00000000e+00	5.00000000e+00	1.20000000e+01
-462	1.17010000e+04	4.00000000e+00	5.00000000e+00	1.20000000e+01
-461	1.19510000e+04	5.00000000e+00	6.00000000e+00	1.40000000e+01
-460	1.21960000e+04	5.00000000e+00	6.00000000e+00	1.40000000e+01
-459	1.25070000e+04	5.00000000e+00	6.00000000e+00	1.40000000e+01
-458	1.28070000e+04	5.00000000e+00	6.00000000e+00	1.50000000e+01
-457	1.28070000e+04	5.00000000e+00	6.00000000e+00	1.50000000e+01
-456	1.28070000e+04	5.00000000e+00	6.00000000e+00	1.50000000e+01
-455	1.31140000e+04	5.00000000e+00	6.00000000e+00	1.50000000e+01
-454	1.33590000e+04	5.00000000e+00	6.00000000e+00	1.50000000e+01
-453	1.35720000e+04	5.00000000e+00	6.00000000e+00	1.50000000e+01
-452	1.38490000e+04	5.00000000e+00	6.00000000e+00	1.50000000e+01
-451	1.41940000e+04	5.00000000e+00	6.00000000e+00	1.50000000e+01
-450	1.45220000e+04	5.00000000e+00	6.00000000e+00	1.50000000e+01
-449	1.48110000e+04	5.00000000e+00	6.00000000e+00	1.50000000e+01
-448	1.50710000e+04	5.00000000e+00	6.00000000e+00	1.50000000e+01
-447	1.53070000e+04	5.00000000e+00	6.00000000e+00	1.50000000e+01
-446	1.55530000e+04	5.00000000e+00	6.00000000e+00	1.50000000e+01
-445	1.58180000e+04	5.00000000e+00	6.00000000e+00	1.50000000e+01
-444	1.61820000e+04	5.00000000e+00	6.00000000e+00	1.50000000e+01
-443	1.64770000e+04	5.00000000e+00	6.00000000e+00	1.50000000e+01
-442	1.66760000e+04	5.00000000e+00	6.00000000e+00	1.50000000e+01
-441	1.69320000e+04	5.00000000e+00	6.00000000e+00	1.50000000e+01
-440	1.72000000e+04	5.00000000e+00	6.00000000e+00	1.50000000e+01
-439	1.75880000e+04	5.00000000e+00	6.00000000e+00	1.50000000e+01
-438	1.79300000e+04	5.00000000e+00	6.00000000e+00	1.50000000e+01
-437	1.82120000e+04	5.00000000e+00	6.00000000e+00	1.50000000e+01
-436	1.85120000e+04	5.00000000e+00	6.00000000e+00	1.50000000e+01
-435	1.87800000e+04	5.00000000e+00	6.00000000e+00	1.50000000e+01
-434	1.90130000e+04	5.00000000e+00	6.00000000e+00	1.50000000e+01
-433	1.92790000e+04	5.00000000e+00	6.00000000e+00	1.50000000e+01
-432	1.95800000e+04	5.00000000e+00	6.00000000e+00	1.50000000e+01
-431	1.98720000e+04	5.00000000e+00	6.00000000e+00	1.50000000e+01
-430	2.01370000e+04	5.00000000e+00	6.00000000e+00	1.50000000e+01
-429	2.03900000e+04	5.00000000e+00	6.00000000e+00	1.50000000e+01
-428	2.06040000e+04	5.00000000e+00	6.00000000e+00	1.50000000e+01
-427	2.08720000e+04	5.00000000e+00	6.00000000e+00	1.50000000e+01
-426	2.11010000e+04	5.00000000e+00	6.00000000e+00	1.50000000e+01
-425	2.13270000e+04	5.00000000e+00	6.00000000e+00	1.50000000e+01
-424	2.16360000e+04	5.00000000e+00	6.00000000e+00	1.50000000e+01
-423	2.19290000e+04	5.00000000e+00	6.00000000e+00	1.50000000e+01
-422	2.22230000e+04	5.00000000e+00	6.00000000e+00	1.50000000e+01
-421	2.24570000e+04	5.00000000e+00	6.00000000e+00	1.50000000e+01
-420	2.26920000e+04	5.00000000e+00	6.00000000e+00	1.50000000e+01
-419	2.29380000e+04	5.00000000e+00	6.00000000e+00	1.50000000e+01
-418	2.31990000e+04	5.00000000e+00	6.00000000e+00	1.50000000e+01
-417	2.35770000e+04	5.00000000e+00	6.00000000e+00	1.50000000e+01
-416	2.39710000e+04	5.00000000e+00	6.00000000e+00	1.50000000e+01
-415	2.42760000e+04	5.00000000e+00	6.00000000e+00	1.50000000e+01
-414	2.45570000e+04	5.00000000e+00	6.00000000e+00	1.50000000e+01
-413	2.48180000e+04	5.00000000e+00	6.00000000e+00	1.50000000e+01
-412	2.51460000e+04	5.00000000e+00	6.00000000e+00	1.50000000e+01
-411	2.54220000e+04	5.00000000e+00	6.00000000e+00	1.50000000e+01
-410	2.57340000e+04	5.00000000e+00	6.00000000e+00	1.50000000e+01
-409	2.60330000e+04	5.00000000e+00	6.00000000e+00	1.50000000e+01
-408	2.63360000e+04	5.00000000e+00	6.00000000e+00	1.50000000e+01
-407	2.66000000e+04	5.00000000e+00	6.00000000e+00	1.50000000e+01
-406	2.68820000e+04	5.00000000e+00	6.00000000e+00	1.50000000e+01
-405	2.72050000e+04	5.00000000e+00	6.00000000e+00	1.50000000e+01
-404	2.74700000e+04	5.00000000e+00	6.00000000e+00	1.50000000e+01
-403	2.77690000e+04	5.00000000e+00	6.00000000e+00	1.50000000e+01
-402	2.80780000e+04	5.00000000e+00	6.00000000e+00	1.50000000e+01
-401	2.84550000e+04	5.00000000e+00	6.00000000e+00	1.50000000e+01
-400	2.88230000e+04	5.00000000e+00	6.00000000e+00	1.50000000e+01
-399	2.91400000e+04	5.00000000e+00	6.00000000e+00	1.50000000e+01
-398	2.93910000e+04	5.00000000e+00	6.00000000e+00	1.50000000e+01
-397	2.97320000e+04	5.00000000e+00	6.00000000e+00	1.50000000e+01
-396	3.00550000e+04	6.00000000e+00	7.00000000e+00	1.60000000e+01
-395	3.04620000e+04	6.00000000e+00	7.00000000e+00	1.60000000e+01
-394	3.08010000e+04	6.00000000e+00	7.00000000e+00	1.60000000e+01
-393	3.11100000e+04	6.00000000e+00	7.00000000e+00	1.60000000e+01
-392	3.13160000e+04	6.00000000e+00	7.00000000e+00	1.60000000e+01
-391	3.15610000e+04	6.00000000e+00	7.00000000e+00	1.60000000e+01
-390	3.18600000e+04	6.00000000e+00	7.00000000e+00	1.60000000e+01
-389	3.21380000e+04	7.00000000e+00	8.00000000e+00	1.70000000e+01
-388	3.25740000e+04	8.00000000e+00	9.00000000e+00	1.80000000e+01
-387	3.29970000e+04	8.00000000e+00	9.00000000e+00	1.80000000e+01
-386	3.35750000e+04	8.00000000e+00	9.00000000e+00	1.80000000e+01
-385	3.40030000e+04	8.00000000e+00	9.00000000e+00	1.80000000e+01
-384	3.47930000e+04	8.00000000e+00	9.00000000e+00	1.80000000e+01
-383	3.54530000e+04	9.00000000e+00	1.00000000e+01	1.90000000e+01
-382	3.60450000e+04	9.00000000e+00	1.00000000e+01	1.90000000e+01
-381	3.67030000e+04	9.00000000e+00	1.00000000e+01	1.90000000e+01
-380	3.72560000e+04	9.00000000e+00	1.00000000e+01	1.90000000e+01
-379	3.77590000e+04	9.00000000e+00	1.00000000e+01	1.90000000e+01
-378	3.83030000e+04	9.00000000e+00	1.00000000e+01	1.90000000e+01
-377	3.88220000e+04	9.00000000e+00	1.00000000e+01	1.90000000e+01
-376	3.99280000e+04	9.00000000e+00	1.00000000e+01	1.90000000e+01
-375	4.05510000e+04	9.00000000e+00	1.00000000e+01	1.90000000e+01
-374	4.17520000e+04	9.00000000e+00	1.10000000e+01	2.00000000e+01
-373	4.24410000e+04	1.00000000e+01	1.20000000e+01	2.10000000e+01
-372	4.29760000e+04	1.20000000e+01	1.40000000e+01	2.30000000e+01
-371	4.36100000e+04	1.20000000e+01	1.40000000e+01	2.30000000e+01
-370	4.42460000e+04	1.40000000e+01	1.60000000e+01	2.50000000e+01
-369	4.48530000e+04	1.40000000e+01	1.60000000e+01	2.50000000e+01
-368	4.58920000e+04	1.40000000e+01	1.60000000e+01	2.50000000e+01
-367	4.67150000e+04	1.40000000e+01	1.60000000e+01	2.50000000e+01
-366	4.72440000e+04	1.40000000e+01	1.60000000e+01	2.50000000e+01
-365	4.77860000e+04	1.40000000e+01	1.60000000e+01	2.50000000e+01
-364	4.82830000e+04	1.40000000e+01	1.60000000e+01	2.50000000e+01
-363	4.88290000e+04	1.40000000e+01	1.60000000e+01	2.50000000e+01
-362	4.93690000e+04	1.40000000e+01	1.60000000e+01	2.50000000e+01
-361	4.99520000e+04	1.40000000e+01	1.60000000e+01	2.50000000e+01
-360	5.04990000e+04	1.40000000e+01	1.60000000e+01	2.50000000e+01
-359	5.10610000e+04	1.40000000e+01	1.60000000e+01	2.50000000e+01
-358	5.16330000e+04	1.40000000e+01	1.60000000e+01	2.50000000e+01
-357	5.21260000e+04	1.40000000e+01	1.60000000e+01	2.50000000e+01
-356	5.26370000e+04	1.40000000e+01	1.60000000e+01	2.50000000e+01
-355	5.31370000e+04	1.40000000e+01	1.60000000e+01	2.50000000e+01
-354	5.37170000e+04	1.40000000e+01	1.60000000e+01	2.50000000e+01
-353	5.45160000e+04	1.40000000e+01	1.60000000e+01	2.50000000e+01
-352	5.51500000e+04	1.40000000e+01	1.60000000e+01	2.50000000e+01
-351	5.57560000e+04	1.40000000e+01	1.60000000e+01	2.50000000e+01
-350	5.63340000e+04	1.40000000e+01	1.60000000e+01	2.50000000e+01
-349	5.68910000e+04	1.40000000e+01	1.60000000e+01	2.50000000e+01
-348	5.75170000e+04	1.40000000e+01	1.60000000e+01	2.50000000e+01
-347	5.81820000e+04	1.40000000e+01	1.60000000e+01	2.50000000e+01
-346	5.87240000e+04	1.40000000e+01	1.60000000e+01	2.50000000e+01
-345	5.91390000e+04	1.50000000e+01	1.70000000e+01	2.60000000e+01
-344	5.95690000e+04	1.50000000e+01	1.70000000e+01	2.60000000e+01
-343	6.00560000e+04	1.50000000e+01	1.70000000e+01	2.60000000e+01
-342	6.05460000e+04	1.50000000e+01	1.70000000e+01	2.60000000e+01
-341	6.11410000e+04	1.50000000e+01	1.70000000e+01	2.60000000e+01
-340	6.18050000e+04	1.50000000e+01	1.70000000e+01	2.60000000e+01
-339	6.24740000e+04	1.50000000e+01	1.70000000e+01	2.60000000e+01
-338	6.30930000e+04	1.50000000e+01	1.70000000e+01	2.60000000e+01
-337	6.35740000e+04	1.50000000e+01	1.70000000e+01	2.60000000e+01
-336	6.42560000e+04	1.50000000e+01	1.70000000e+01	2.60000000e+01
-335	6.48480000e+04	1.50000000e+01	1.70000000e+01	2.60000000e+01
-334	6.52630000e+04	1.50000000e+01	1.70000000e+01	2.60000000e+01
-333	6.57870000e+04	1.50000000e+01	1.70000000e+01	2.60000000e+01
-332	6.63930000e+04	1.50000000e+01	1.70000000e+01	2.60000000e+01
-331	6.68680000e+04	1.50000000e+01	1.70000000e+01	2.60000000e+01
-330	6.73560000e+04	1.50000000e+01	1.70000000e+01	2.60000000e+01
-329	6.78020000e+04	1.50000000e+01	1.70000000e+01	2.60000000e+01
-328	6.81990000e+04	1.50000000e+01	1.70000000e+01	2.60000000e+01
-327	6.86470000e+04	1.50000000e+01	1.70000000e+01	2.60000000e+01
-326	6.91660000e+04	1.50000000e+01	1.70000000e+01	2.60000000e+01
-325	6.97190000e+04	1.50000000e+01	1.70000000e+01	2.60000000e+01
-324	7.02230000e+04	1.50000000e+01	1.70000000e+01	2.60000000e+01
-323	7.08190000e+04	1.50000000e+01	1.80000000e+01	2.70000000e+01
-322	7.13450000e+04	1.50000000e+01	1.80000000e+01	2.70000000e+01
-321	7.18610000e+04	1.50000000e+01	1.80000000e+01	2.70000000e+01
-320	7.24340000e+04	1.50000000e+01	1.80000000e+01	2.70000000e+01
-319	7.29680000e+04	1.50000000e+01	1.80000000e+01	2.70000000e+01
-318	7.35290000e+04	1.50000000e+01	1.80000000e+01	2.70000000e+01
-317	7.40460000e+04	1.50000000e+01	1.80000000e+01	2.70000000e+01
-316	7.45950000e+04	1.50000000e+01	1.80000000e+01	2.70000000e+01
-315	7.51390000e+04	1.50000000e+01	1.80000000e+01	2.70000000e+01
-314	7.56130000e+04	1.50000000e+01	1.80000000e+01	2.70000000e+01
-313	7.61640000e+04	1.50000000e+01	1.80000000e+01	2.70000000e+01
-312	7.67990000e+04	1.50000000e+01	1.80000000e+01	2.70000000e+01
-311	7.74000000e+04	1.50000000e+01	1.80000000e+01	2.70000000e+01
-310	7.79540000e+04	1.50000000e+01	1.80000000e+01	2.70000000e+01
-309	7.85260000e+04	1.50000000e+01	1.80000000e+01	2.70000000e+01
-308	7.91280000e+04	1.70000000e+01	2.00000000e+01	2.90000000e+01
-307	7.96770000e+04	1.70000000e+01	2.00000000e+01	2.90000000e+01
-306	8.01810000e+04	1.70000000e+01	2.00000000e+01	2.90000000e+01
-305	8.10090000e+04	1.70000000e+01	2.00000000e+01	2.90000000e+01
-304	8.17110000e+04	1.70000000e+01	2.00000000e+01	2.90000000e+01
-303	8.22560000e+04	1.70000000e+01	2.00000000e+01	2.90000000e+01
-302	8.28160000e+04	1.70000000e+01	2.00000000e+01	2.90000000e+01
-301	8.35030000e+04	1.70000000e+01	2.00000000e+01	2.90000000e+01
-300	8.41040000e+04	1.70000000e+01	2.00000000e+01	2.90000000e+01
-299	8.47340000e+04	1.70000000e+01	2.00000000e+01	2.90000000e+01
-298	8.54530000e+04	1.70000000e+01	2.00000000e+01	2.90000000e+01
-297	8.60800000e+04	1.70000000e+01	2.00000000e+01	2.90000000e+01
-296	8.69600000e+04	1.70000000e+01	2.00000000e+01	2.90000000e+01
-295	8.77500000e+04	1.70000000e+01	2.00000000e+01	2.90000000e+01
-294	8.84910000e+04	1.70000000e+01	2.00000000e+01	2.90000000e+01
-293	8.93090000e+04	1.70000000e+01	2.00000000e+01	2.90000000e+01
-292	9.02640000e+04	1.70000000e+01	2.00000000e+01	2.90000000e+01
-291	9.12990000e+04	1.70000000e+01	2.00000000e+01	2.90000000e+01
-290	9.23230000e+04	1.70000000e+01	2.00000000e+01	2.90000000e+01
-289	9.31990000e+04	1.70000000e+01	2.00000000e+01	2.90000000e+01
-288	9.40910000e+04	1.70000000e+01	2.00000000e+01	2.90000000e+01
-287	9.49760000e+04	1.70000000e+01	2.00000000e+01	2.90000000e+01
-286	9.57790000e+04	1.70000000e+01	2.00000000e+01	2.90000000e+01
-285	9.65660000e+04	1.70000000e+01	2.00000000e+01	2.90000000e+01
-284	9.74360000e+04	1.90000000e+01	2.20000000e+01	3.30000000e+01
-283	9.83420000e+04	1.90000000e+01	2.20000000e+01	3.30000000e+01
-282	9.91140000e+04	1.90000000e+01	2.20000000e+01	3.30000000e+01
-281	9.98870000e+04	1.90000000e+01	2.20000000e+01	3.30000000e+01
-280	1.00554000e+05	1.90000000e+01	2.20000000e+01	3.30000000e+01
-279	1.01198000e+05	1.90000000e+01	2.30000000e+01	3.50000000e+01
-278	1.01895000e+05	1.90000000e+01	2.30000000e+01	3.50000000e+01
-277	1.02629000e+05	1.90000000e+01	2.30000000e+01	3.50000000e+01
-276	1.03362000e+05	1.90000000e+01	2.30000000e+01	3.50000000e+01
-275	1.04006000e+05	1.90000000e+01	2.30000000e+01	3.50000000e+01
-274	1.04585000e+05	1.90000000e+01	2.30000000e+01	3.50000000e+01
-273	1.05196000e+05	1.90000000e+01	2.30000000e+01	3.50000000e+01
-272	1.05883000e+05	1.90000000e+01	2.30000000e+01	3.50000000e+01
-271	1.06497000e+05	1.90000000e+01	2.30000000e+01	3.50000000e+01
-270	1.07276000e+05	1.90000000e+01	2.30000000e+01	3.50000000e+01
-269	1.08001000e+05	1.90000000e+01	2.30000000e+01	3.50000000e+01
-268	1.08598000e+05	1.90000000e+01	2.30000000e+01	3.50000000e+01
-267	1.09258000e+05	1.90000000e+01	2.30000000e+01	3.50000000e+01
-266	1.09966000e+05	1.90000000e+01	2.30000000e+01	3.50000000e+01
-265	1.10722000e+05	1.90000000e+01	2.30000000e+01	3.50000000e+01
-264	1.11620000e+05	1.90000000e+01	2.30000000e+01	3.50000000e+01
-263	1.12612000e+05	1.90000000e+01	2.30000000e+01	3.50000000e+01
-262	1.13602000e+05	1.90000000e+01	2.30000000e+01	3.50000000e+01
-261	1.14348000e+05	1.90000000e+01	2.30000000e+01	3.50000000e+01
-260	1.15085000e+05	1.90000000e+01	2.30000000e+01	3.50000000e+01
-259	1.15809000e+05	1.90000000e+01	2.30000000e+01	3.50000000e+01
-258	1.16438000e+05	1.90000000e+01	2.30000000e+01	3.50000000e+01
-257	1.17068000e+05	1.90000000e+01	2.30000000e+01	3.50000000e+01
-256	1.17790000e+05	1.90000000e+01	2.30000000e+01	3.50000000e+01
-255	1.18514000e+05	1.90000000e+01	2.30000000e+01	3.50000000e+01
-254	1.19180000e+05	1.90000000e+01	2.30000000e+01	3.50000000e+01
-253	1.19953000e+05	1.90000000e+01	2.30000000e+01	3.50000000e+01
-252	1.20657000e+05	1.90000000e+01	2.30000000e+01	3.50000000e+01
-251	1.21323000e+05	1.90000000e+01	2.30000000e+01	3.50000000e+01
-250	1.21927000e+05	1.90000000e+01	2.30000000e+01	3.50000000e+01
-249	1.22651000e+05	1.90000000e+01	2.30000000e+01	3.50000000e+01
-248	1.23369000e+05	1.90000000e+01	2.30000000e+01	3.50000000e+01
-247	1.24052000e+05	1.90000000e+01	2.30000000e+01	3.50000000e+01
-246	1.24594000e+05	1.90000000e+01	2.30000000e+01	3.50000000e+01
-245	1.25186000e+05	1.90000000e+01	2.30000000e+01	3.50000000e+01
-244	1.26101000e+05	1.90000000e+01	2.30000000e+01	3.50000000e+01
-243	1.26776000e+05	1.90000000e+01	2.30000000e+01	3.50000000e+01
-242	1.27379000e+05	1.90000000e+01	2.30000000e+01	3.50000000e+01
-241	1.28036000e+05	1.90000000e+01	2.30000000e+01	3.50000000e+01
-240	1.28799000e+05	1.90000000e+01	2.30000000e+01	3.50000000e+01
-239	1.29485000e+05	1.90000000e+01	2.30000000e+01	3.50000000e+01
-238	1.30230000e+05	1.90000000e+01	2.30000000e+01	3.50000000e+01
-237	1.30940000e+05	1.90000000e+01	2.30000000e+01	3.50000000e+01
-236	1.31589000e+05	1.90000000e+01	2.30000000e+01	3.50000000e+01
-235	1.32286000e+05	1.90000000e+01	2.30000000e+01	3.50000000e+01
-234	1.33085000e+05	1.90000000e+01	2.30000000e+01	3.50000000e+01
-233	1.33845000e+05	1.90000000e+01	2.30000000e+01	3.50000000e+01
-232	1.34518000e+05	1.90000000e+01	2.30000000e+01	3.50000000e+01
-231	1.35282000e+05	1.90000000e+01	2.30000000e+01	3.50000000e+01
-230	1.36134000e+05	1.90000000e+01	2.30000000e+01	3.50000000e+01
-229	1.36783000e+05	1.90000000e+01	2.30000000e+01	3.50000000e+01
-228	1.37529000e+05	1.90000000e+01	2.30000000e+01	3.50000000e+01
-227	1.38329000e+05	1.90000000e+01	2.30000000e+01	3.50000000e+01
-226	1.39113000e+05	1.90000000e+01	2.30000000e+01	3.50000000e+01
-225	1.39948000e+05	1.90000000e+01	2.30000000e+01	3.50000000e+01
-224	1.40678000e+05	1.90000000e+01	2.30000000e+01	3.50000000e+01
-223	1.41475000e+05	1.90000000e+01	2.30000000e+01	3.50000000e+01
-222	1.42121000e+05	1.90000000e+01	2.30000000e+01	3.50000000e+01
-221	1.42864000e+05	1.90000000e+01	2.30000000e+01	3.50000000e+01
-220	1.43748000e+05	1.90000000e+01	2.30000000e+01	3.50000000e+01
-219	1.44536000e+05	1.90000000e+01	2.30000000e+01	3.50000000e+01
-218	1.45391000e+05	1.90000000e+01	2.30000000e+01	3.50000000e+01
-217	1.46289000e+05	1.90000000e+01	2.30000000e+01	3.50000000e+01
-216	1.47098000e+05	1.90000000e+01	2.30000000e+01	3.50000000e+01
-215	1.47758000e+05	1.90000000e+01	2.30000000e+01	3.50000000e+01
-214	1.48638000e+05	1.90000000e+01	2.30000000e+01	3.50000000e+01
-213	1.49505000e+05	1.90000000e+01	2.30000000e+01	3.50000000e+01
-212	1.50346000e+05	2.00000000e+01	2.40000000e+01	3.60000000e+01
-211	1.51286000e+05	2.00000000e+01	2.40000000e+01	3.60000000e+01
-210	1.52252000e+05	2.00000000e+01	2.40000000e+01	3.60000000e+01
-209	1.53070000e+05	2.00000000e+01	2.40000000e+01	3.60000000e+01
-208	1.53813000e+05	2.00000000e+01	2.40000000e+01	3.60000000e+01
-207	1.54910000e+05	2.00000000e+01	2.40000000e+01	3.60000000e+01
-206	1.56319000e+05	2.00000000e+01	2.40000000e+01	3.60000000e+01
-205	1.57358000e+05	2.00000000e+01	2.40000000e+01	3.60000000e+01
-204	1.58307000e+05	2.00000000e+01	2.40000000e+01	3.60000000e+01
-203	1.59047000e+05	2.00000000e+01	2.40000000e+01	3.60000000e+01
-202	1.59864000e+05	2.00000000e+01	2.40000000e+01	3.60000000e+01
-201	1.60642000e+05	2.00000000e+01	2.40000000e+01	3.60000000e+01
-200	1.61358000e+05	2.00000000e+01	2.40000000e+01	3.60000000e+01
-199	1.62406000e+05	2.00000000e+01	2.40000000e+01	3.60000000e+01
-198	1.63409000e+05	2.00000000e+01	2.40000000e+01	3.60000000e+01
-197	1.64223000e+05	2.00000000e+01	2.40000000e+01	3.60000000e+01
-196	1.65105000e+05	2.00000000e+01	2.40000000e+01	3.60000000e+01
-195	1.65963000e+05	2.00000000e+01	2.40000000e+01	3.60000000e+01
-194	1.66595000e+05	2.00000000e+01	2.40000000e+01	3.60000000e+01
-193	1.67438000e+05	2.00000000e+01	2.40000000e+01	3.60000000e+01
-192	1.68541000e+05	2.00000000e+01	2.40000000e+01	3.60000000e+01
-191	1.69555000e+05	2.00000000e+01	2.40000000e+01	3.60000000e+01
-190	1.70531000e+05	2.30000000e+01	2.50000000e+01	3.70000000e+01
-189	1.71518000e+05	2.30000000e+01	2.50000000e+01	3.70000000e+01
-188	1.72405000e+05	2.30000000e+01	2.50000000e+01	3.70000000e+01
-187	1.73252000e+05	2.30000000e+01	2.50000000e+01	3.70000000e+01
-186	1.74296000e+05	2.30000000e+01	2.50000000e+01	3.70000000e+01
-185	1.75570000e+05	2.30000000e+01	2.50000000e+01	3.70000000e+01
-184	1.76872000e+05	2.30000000e+01	2.50000000e+01	3.70000000e+01
-183	1.79044000e+05	2.30000000e+01	2.50000000e+01	3.70000000e+01
-182	1.80602000e+05	2.30000000e+01	2.50000000e+01	3.70000000e+01
-181	1.81829000e+05	2.30000000e+01	2.50000000e+01	3.70000000e+01
-180	1.83474000e+05	2.20000000e+01	2.60000000e+01	3.80000000e+01
-179	1.85283000e+05	2.20000000e+01	2.60000000e+01	3.80000000e+01
-178	1.87064000e+05	2.20000000e+01	2.60000000e+01	3.80000000e+01
-177	1.88456000e+05	2.20000000e+01	2.60000000e+01	3.80000000e+01
-176	1.89701000e+05	2.20000000e+01	2.60000000e+01	3.80000000e+01
-175	1.90944000e+05	2.20000000e+01	2.60000000e+01	3.80000000e+01
-174	1.91941000e+05	2.20000000e+01	2.60000000e+01	3.80000000e+01
-173	1.92832000e+05	2.20000000e+01	2.60000000e+01	3.80000000e+01
-172	1.93890000e+05	2.20000000e+01	2.60000000e+01	3.80000000e+01
-171	1.95151000e+05	2.20000000e+01	2.60000000e+01	3.80000000e+01
-170	1.96261000e+05	2.20000000e+01	2.60000000e+01	3.80000000e+01
-169	1.97428000e+05	2.20000000e+01	2.60000000e+01	3.80000000e+01
-168	1.98421000e+05	2.20000000e+01	2.60000000e+01	3.80000000e+01
-167	1.99631000e+05	2.20000000e+01	2.60000000e+01	3.80000000e+01
-166	2.00660000e+05	2.20000000e+01	2.60000000e+01	3.80000000e+01
-165	2.01829000e+05	2.40000000e+01	2.70000000e+01	4.10000000e+01
-164	2.03065000e+05	2.40000000e+01	2.70000000e+01	4.10000000e+01
-163	2.04380000e+05	2.40000000e+01	2.70000000e+01	4.10000000e+01
-162	2.08145000e+05	2.40000000e+01	2.70000000e+01	4.10000000e+01
-161	2.23049000e+05	2.40000000e+01	2.80000000e+01	4.20000000e+01
-160	2.35551000e+05	2.90000000e+01	3.20000000e+01	4.60000000e+01
-159	2.45219000e+05	3.20000000e+01	3.30000000e+01	4.90000000e+01
-158	2.54026000e+05	3.40000000e+01	3.50000000e+01	5.10000000e+01
-157	2.63706000e+05	3.50000000e+01	3.60000000e+01	5.20000000e+01
-156	2.74730000e+05	3.50000000e+01	3.60000000e+01	5.20000000e+01
-155	2.82718000e+05	3.60000000e+01	3.80000000e+01	5.50000000e+01
-154	2.90051000e+05	3.70000000e+01	3.90000000e+01	5.60000000e+01
-153	2.96783000e+05	3.70000000e+01	3.90000000e+01	5.60000000e+01
-152	3.02376000e+05	3.70000000e+01	3.90000000e+01	5.60000000e+01
-151	3.07844000e+05	3.70000000e+01	3.90000000e+01	5.60000000e+01
-150	3.13359000e+05	3.70000000e+01	3.90000000e+01	5.60000000e+01
-149	3.18094000e+05	3.70000000e+01	3.90000000e+01	5.60000000e+01
-148	3.22253000e+05	3.70000000e+01	4.00000000e+01	5.70000000e+01
-147	3.25616000e+05	4.00000000e+01	4.10000000e+01	5.80000000e+01
-146	3.28581000e+05	4.00000000e+01	4.10000000e+01	5.80000000e+01
-145	3.31429000e+05	4.00000000e+01	4.10000000e+01	5.80000000e+01
-144	3.34604000e+05	4.00000000e+01	4.10000000e+01	5.80000000e+01
-143	3.37988000e+05	4.00000000e+01	4.10000000e+01	5.80000000e+01
-142	3.40618000e+05	4.00000000e+01	4.10000000e+01	5.80000000e+01
-141	3.43408000e+05	4.00000000e+01	4.10000000e+01	5.80000000e+01
-140	3.45821000e+05	4.00000000e+01	4.10000000e+01	5.80000000e+01
-139	3.48178000e+05	4.00000000e+01	4.10000000e+01	5.80000000e+01
-138	3.50562000e+05	4.00000000e+01	4.10000000e+01	5.80000000e+01
-137	3.53179000e+05	4.00000000e+01	4.10000000e+01	5.80000000e+01
-136	3.56164000e+05	4.00000000e+01	4.10000000e+01	5.80000000e+01
-135	3.58928000e+05	4.00000000e+01	4.30000000e+01	6.20000000e+01
-134	3.61692000e+05	4.00000000e+01	4.30000000e+01	6.20000000e+01
-133	3.64186000e+05	4.00000000e+01	4.30000000e+01	6.20000000e+01
-132	3.66967000e+05	4.00000000e+01	4.30000000e+01	6.20000000e+01
-131	3.69505000e+05	4.00000000e+01	4.30000000e+01	6.20000000e+01
-130	3.72587000e+05	4.00000000e+01	4.30000000e+01	6.20000000e+01
-129	3.75409000e+05	4.00000000e+01	4.30000000e+01	6.20000000e+01
-128	3.77724000e+05	4.00000000e+01	4.30000000e+01	6.20000000e+01
-127	3.79967000e+05	4.00000000e+01	4.30000000e+01	6.20000000e+01
-126	3.82083000e+05	4.00000000e+01	4.30000000e+01	6.20000000e+01
-125	3.84358000e+05	4.00000000e+01	4.30000000e+01	6.20000000e+01
-124	3.86391000e+05	4.00000000e+01	4.30000000e+01	6.20000000e+01
-123	3.88542000e+05	4.00000000e+01	4.30000000e+01	6.20000000e+01
-122	3.90756000e+05	4.00000000e+01	4.30000000e+01	6.20000000e+01
-121	3.92895000e+05	4.00000000e+01	4.30000000e+01	6.20000000e+01
-120	3.92895000e+05	4.00000000e+01	4.30000000e+01	6.20000000e+01
-119	3.94946000e+05	4.00000000e+01	4.30000000e+01	6.20000000e+01
-118	3.94946000e+05	4.00000000e+01	4.30000000e+01	6.20000000e+01
-117	3.94946000e+05	4.00000000e+01	4.30000000e+01	6.20000000e+01
-116	3.94946000e+05	4.00000000e+01	4.30000000e+01	6.20000000e+01
-115	3.97208000e+05	4.00000000e+01	4.30000000e+01	6.20000000e+01
-114	3.99136000e+05	4.00000000e+01	4.30000000e+01	6.20000000e+01
-113	4.00910000e+05	4.00000000e+01	4.30000000e+01	6.20000000e+01
-112	4.02634000e+05	4.00000000e+01	4.30000000e+01	6.20000000e+01
-111	4.04676000e+05	4.00000000e+01	4.30000000e+01	6.20000000e+01
-110	4.07363000e+05	4.00000000e+01	4.30000000e+01	6.20000000e+01
-109	4.10629000e+05	4.00000000e+01	4.30000000e+01	6.20000000e+01
-108	4.13944000e+05	4.00000000e+01	4.30000000e+01	6.20000000e+01
-107	4.16537000e+05	4.00000000e+01	4.30000000e+01	6.20000000e+01
-106	4.19034000e+05	4.30000000e+01	4.40000000e+01	6.30000000e+01
-105	4.21252000e+05	4.30000000e+01	4.40000000e+01	6.30000000e+01
-104	4.23353000e+05	4.30000000e+01	4.40000000e+01	6.30000000e+01
-103	4.25593000e+05	4.30000000e+01	4.40000000e+01	6.30000000e+01
-102	4.28315000e+05	4.30000000e+01	4.40000000e+01	6.30000000e+01
-101	4.31371000e+05	4.20000000e+01	4.50000000e+01	6.40000000e+01
-100	4.34086000e+05	4.20000000e+01	4.50000000e+01	6.40000000e+01
-99	4.34086000e+05	4.20000000e+01	4.50000000e+01	6.40000000e+01
-98	4.34086000e+05	4.20000000e+01	4.50000000e+01	6.40000000e+01
-97	4.34086000e+05	4.30000000e+01	4.60000000e+01	6.50000000e+01
-96	4.36841000e+05	4.30000000e+01	4.60000000e+01	6.50000000e+01
-95	4.39496000e+05	4.30000000e+01	4.60000000e+01	6.50000000e+01
-94	4.42287000e+05	4.30000000e+01	4.60000000e+01	6.50000000e+01
-93	4.44635000e+05	4.40000000e+01	4.70000000e+01	6.70000000e+01
-92	4.47044000e+05	4.40000000e+01	4.70000000e+01	6.70000000e+01
-91	4.49483000e+05	4.40000000e+01	4.70000000e+01	6.70000000e+01
-90	4.51787000e+05	4.40000000e+01	4.70000000e+01	6.70000000e+01
-89	4.54190000e+05	4.40000000e+01	4.70000000e+01	6.70000000e+01
-88	4.56918000e+05	4.40000000e+01	4.70000000e+01	6.70000000e+01
-87	4.59796000e+05	4.40000000e+01	4.70000000e+01	6.70000000e+01
-86	4.62208000e+05	4.40000000e+01	4.70000000e+01	6.70000000e+01
-85	4.64682000e+05	4.40000000e+01	4.70000000e+01	6.70000000e+01
-84	4.66869000e+05	4.40000000e+01	4.70000000e+01	6.70000000e+01
-83	4.69132000e+05	4.40000000e+01	4.70000000e+01	6.70000000e+01
-82	4.71468000e+05	4.40000000e+01	4.70000000e+01	6.70000000e+01
-81	4.73795000e+05	4.40000000e+01	4.70000000e+01	6.70000000e+01
-80	4.76327000e+05	4.40000000e+01	4.70000000e+01	6.70000000e+01
-79	4.78545000e+05	4.40000000e+01	4.70000000e+01	6.70000000e+01
-78	4.80906000e+05	4.40000000e+01	4.70000000e+01	6.70000000e+01
-77	4.83511000e+05	4.40000000e+01	4.70000000e+01	6.70000000e+01
-76	4.86162000e+05	4.40000000e+01	4.70000000e+01	6.70000000e+01
-75	4.88487000e+05	4.40000000e+01	4.70000000e+01	6.70000000e+01
-74	4.91191000e+05	4.40000000e+01	4.70000000e+01	6.70000000e+01
-73	4.93794000e+05	4.40000000e+01	4.70000000e+01	6.70000000e+01
-72	4.96200000e+05	4.40000000e+01	4.80000000e+01	6.80000000e+01
-71	4.98580000e+05	4.70000000e+01	4.90000000e+01	6.90000000e+01
-70	5.00719000e+05	4.70000000e+01	4.90000000e+01	6.90000000e+01
-69	5.02919000e+05	4.70000000e+01	4.90000000e+01	6.90000000e+01
-68	5.05236000e+05	4.70000000e+01	4.90000000e+01	6.90000000e+01
-67	5.05236000e+05	4.70000000e+01	4.90000000e+01	6.90000000e+01
-66	5.07898000e+05	4.70000000e+01	4.90000000e+01	6.90000000e+01
-65	5.09862000e+05	4.70000000e+01	4.90000000e+01	6.90000000e+01
-64	5.12094000e+05	4.70000000e+01	4.90000000e+01	6.90000000e+01
-63	5.14237000e+05	4.70000000e+01	4.90000000e+01	6.90000000e+01
-62	5.16383000e+05	4.80000000e+01	5.00000000e+01	7.00000000e+01
-61	5.18353000e+05	4.80000000e+01	5.00000000e+01	7.00000000e+01
-60	5.18353000e+05	4.80000000e+01	5.00000000e+01	7.00000000e+01
-59	5.20704000e+05	4.70000000e+01	5.10000000e+01	7.10000000e+01
-58	5.22672000e+05	4.70000000e+01	5.10000000e+01	7.10000000e+01
-57	5.24614000e+05	4.70000000e+01	5.10000000e+01	7.10000000e+01
-56	5.26488000e+05	4.70000000e+01	5.10000000e+01	7.10000000e+01
-55	5.28428000e+05	4.70000000e+01	5.10000000e+01	7.10000000e+01
-54	5.30444000e+05	4.70000000e+01	5.10000000e+01	7.10000000e+01
-53	5.32686000e+05	5.00000000e+01	5.20000000e+01	7.20000000e+01
-52	5.34864000e+05	5.00000000e+01	5.20000000e+01	7.20000000e+01
-51	5.36744000e+05	5.00000000e+01	5.20000000e+01	7.20000000e+01
-50	5.38675000e+05	4.90000000e+01	5.30000000e+01	7.30000000e+01
-49	5.40658000e+05	4.90000000e+01	5.30000000e+01	7.30000000e+01
-48	5.42699000e+05	4.90000000e+01	5.30000000e+01	7.30000000e+01
-47	5.44758000e+05	4.90000000e+01	5.30000000e+01	7.30000000e+01
-46	5.46829000e+05	4.90000000e+01	5.30000000e+01	7.30000000e+01
-45	5.49316000e+05	5.50000000e+01	5.70000000e+01	7.80000000e+01
-44	5.51115000e+05	5.50000000e+01	5.70000000e+01	7.80000000e+01
-43	5.54729000e+05	5.50000000e+01	5.70000000e+01	7.80000000e+01
-42	5.57811000e+05	5.50000000e+01	5.70000000e+01	7.80000000e+01
-41	5.60220000e+05	5.70000000e+01	5.90000000e+01	8.00000000e+01
-40	5.63223000e+05	5.90000000e+01	6.20000000e+01	8.30000000e+01
-39	5.66391000e+05	5.90000000e+01	6.20000000e+01	8.30000000e+01
-38	5.69683000e+05	5.60000000e+01	6.30000000e+01	8.50000000e+01
-37	5.72230000e+05	5.60000000e+01	6.30000000e+01	8.50000000e+01
-36	5.74777000e+05	5.60000000e+01	6.30000000e+01	8.50000000e+01
-35	5.77554000e+05	6.00000000e+01	6.40000000e+01	8.60000000e+01
-34	5.80287000e+05	6.10000000e+01	6.50000000e+01	8.70000000e+01
-33	5.83506000e+05	6.10000000e+01	6.50000000e+01	8.70000000e+01
-32	5.86773000e+05	6.40000000e+01	6.80000000e+01	9.00000000e+01
-31	5.91003000e+05	6.40000000e+01	6.80000000e+01	9.00000000e+01
-30	5.99805000e+05	6.40000000e+01	6.80000000e+01	9.00000000e+01
-29	6.08132000e+05	6.40000000e+01	6.80000000e+01	9.00000000e+01
-28	6.14453000e+05	6.20000000e+01	7.10000000e+01	9.30000000e+01
-27	6.20110000e+05	6.70000000e+01	7.30000000e+01	9.60000000e+01
-26	6.30503000e+05	6.70000000e+01	7.30000000e+01	9.60000000e+01
-25	6.38660000e+05	7.60000000e+01	7.80000000e+01	1.05000000e+02
-24	6.51622000e+05	7.50000000e+01	7.90000000e+01	1.06000000e+02
-23	6.66321000e+05	7.50000000e+01	7.90000000e+01	1.06000000e+02
-22	6.80351000e+05	7.50000000e+01	7.90000000e+01	1.06000000e+02
-21	6.93609000e+05	8.40000000e+01	8.70000000e+01	1.16000000e+02
-20	7.03494000e+05	9.00000000e+01	9.10000000e+01	1.20000000e+02
-19	7.16912000e+05	9.00000000e+01	9.50000000e+01	1.25000000e+02
-18	7.29313000e+05	9.20000000e+01	9.60000000e+01	1.26000000e+02
-17	7.43133000e+05	9.20000000e+01	9.60000000e+01	1.26000000e+02
-16	7.56445000e+05	9.60000000e+01	9.90000000e+01	1.29000000e+02
-15	7.79896000e+05	9.70000000e+01	1.03000000e+02	1.34000000e+02
-14	7.96790000e+05	9.80000000e+01	1.05000000e+02	1.36000000e+02
-13	8.09264000e+05	9.80000000e+01	1.05000000e+02	1.36000000e+02
-12	8.21956000e+05	1.01000000e+02	1.06000000e+02	1.41000000e+02
-11	8.35711000e+05	1.03000000e+02	1.08000000e+02	1.43000000e+02
-10	8.52575000e+05	1.10000000e+02	1.13000000e+02	1.50000000e+02
-9	8.69063000e+05	1.14000000e+02	1.18000000e+02	1.55000000e+02
-8	8.83123000e+05	1.16000000e+02	1.21000000e+02	1.58000000e+02
-7	8.96636000e+05	1.18000000e+02	1.26000000e+02	1.64000000e+02
-6	9.14721000e+05	1.24000000e+02	1.29000000e+02	1.68000000e+02
-5	9.28432000e+05	1.21000000e+02	1.31000000e+02	1.73000000e+02
-4	9.43180000e+05	1.27000000e+02	1.36000000e+02	1.78000000e+02
-3	9.66980000e+05	1.31000000e+02	1.37000000e+02	1.79000000e+02
-2	9.90816000e+05	1.36000000e+02	1.41000000e+02	1.83000000e+02
-1	1.01654700e+06	1.32000000e+02	1.44000000e+02	1.87000000e+02
0	1.04348600e+06	1.50000000e+02	1.64000000e+02	2.11000000e+02
1	1.08611300e+06	1.64000000e+02	1.83000000e+02	2.34000000e+02
2	1.08611300e+06	1.87000000e+02	2.04000000e+02	2.60000000e+02
3	1.08611300e+06	1.93000000e+02	2.28000000e+02	2.89000000e+02
4	1.13456300e+06	2.04000000e+02	2.36000000e+02	3.01000000e+02
5	1.16333100e+06	2.14000000e+02	2.49000000e+02	3.14000000e+02
6	1.17923200e+06	2.25000000e+02	2.65000000e+02	3.33000000e+02
7	1.19560300e+06	2.31000000e+02	2.70000000e+02	3.41000000e+02
8	1.21406700e+06	2.32000000e+02	2.71000000e+02	3.42000000e+02
9	1.23241300e+06	2.32000000e+02	2.71000000e+02	3.42000000e+02
10	1.25127500e+06	2.33000000e+02	2.72000000e+02	3.43000000e+02
11	1.26560700e+06	2.36000000e+02	2.74000000e+02	3.45000000e+02
12	1.27592300e+06	2.38000000e+02	2.77000000e+02	3.48000000e+02
13	1.28499100e+06	2.38000000e+02	2.78000000e+02	3.49000000e+02
14	1.29392400e+06	2.37000000e+02	2.80000000e+02	3.51000000e+02
15	1.30263800e+06	2.46000000e+02	2.84000000e+02	3.55000000e+02
16	1.31376000e+06	2.46000000e+02	2.84000000e+02	3.55000000e+02
17	1.32443600e+06	2.43000000e+02	2.86000000e+02	3.59000000e+02
18	1.32443600e+06	2.46000000e+02	2.87000000e+02	3.60000000e+02
19	1.33182000e+06	2.42000000e+02	2.90000000e+02	3.64000000e+02
20	1.33848500e+06	2.46000000e+02	2.91000000e+02	3.65000000e+02
21	1.34479400e+06	2.40000000e+02	2.92000000e+02	3.66000000e+02
22	1.35134600e+06	2.42000000e+02	2.94000000e+02	3.72000000e+02
23	1.35759600e+06	2.44000000e+02	2.97000000e+02	3.75000000e+02
24	1.36367700e+06	2.44000000e+02	2.97000000e+02	3.75000000e+02
25	1.37001600e+06	2.56000000e+02	3.06000000e+02	3.85000000e+02
26	1.37501400e+06	2.49000000e+02	3.09000000e+02	3.89000000e+02
27	1.38010300e+06	2.47000000e+02	3.11000000e+02	3.91000000e+02
28	1.38980200e+06	2.47000000e+02	3.13000000e+02	3.94000000e+02
29	1.39891800e+06	2.49000000e+02	3.14000000e+02	3.95000000e+02
30	1.40978100e+06	2.49000000e+02	3.14000000e+02	3.95000000e+02
31	1.42168400e+06	2.49000000e+02	3.14000000e+02	3.95000000e+02
32	1.43114400e+06	2.72000000e+02	3.27000000e+02	4.13000000e+02
33	1.43114400e+06	2.67000000e+02	3.28000000e+02	4.14000000e+02
34	1.43747600e+06	2.69000000e+02	3.29000000e+02	4.18000000e+02
35	1.44291300e+06	2.71000000e+02	3.31000000e+02	4.20000000e+02
36	1.44946700e+06	2.82000000e+02	3.36000000e+02	4.25000000e+02
37	1.45711900e+06	2.85000000e+02	3.42000000e+02	4.31000000e+02
38	1.46475100e+06	2.85000000e+02	3.47000000e+02	4.36000000e+02
39	1.47168400e+06	2.86000000e+02	3.52000000e+02	4.41000000e+02
40	1.47749500e+06	2.88000000e+02	3.56000000e+02	4.45000000e+02
41	1.48386500e+06	2.89000000e+02	3.59000000e+02	4.51000000e+02
42	1.49101500e+06	2.92000000e+02	3.61000000e+02	4.53000000e+02
43	1.49868700e+06	2.90000000e+02	3.63000000e+02	4.55000000e+02
44	1.50615100e+06	3.00000000e+02	3.65000000e+02	4.57000000e+02
45	1.51367100e+06	3.02000000e+02	3.69000000e+02	4.61000000e+02
46	1.52007600e+06	2.96000000e+02	3.73000000e+02	4.66000000e+02
47	1.52502500e+06	3.03000000e+02	3.79000000e+02	4.73000000e+02
48	1.52959300e+06	2.96000000e+02	3.84000000e+02	4.83000000e+02
49	1.53399500e+06	3.07000000e+02	3.85000000e+02	4.84000000e+02
50	1.53919800e+06	3.01000000e+02	3.88000000e+02	4.87000000e+02
51	1.54508700e+06	3.01000000e+02	3.88000000e+02	4.87000000e+02
52	1.55041600e+06	3.01000000e+02	3.88000000e+02	4.87000000e+02
53	1.55515900e+06	3.14000000e+02	3.89000000e+02	4.88000000e+02
54	1.55955300e+06	3.13000000e+02	3.91000000e+02	4.91000000e+02
55	1.56400100e+06	3.17000000e+02	4.05000000e+02	5.09000000e+02
56	1.56848200e+06	3.17000000e+02	4.05000000e+02	5.09000000e+02
57	1.57341900e+06	3.13000000e+02	4.06000000e+02	5.10000000e+02
58	1.57866800e+06	3.36000000e+02	4.09000000e+02	5.13000000e+02
59	1.58396700e+06	3.36000000e+02	4.09000000e+02	5.13000000e+02
60	1.58815200e+06	3.22000000e+02	4.11000000e+02	5.16000000e+02
61	1.59174800e+06	3.22000000e+02	4.11000000e+02	5.16000000e+02
62	1.59484200e+06	3.22000000e+02	4.11000000e+02	5.16000000e+02
63	1.59817300e+06	3.24000000e+02	4.13000000e+02	5.25000000e+02
64	1.60196900e+06	3.43000000e+02	4.14000000e+02	5.26000000e+02
65	1.60598800e+06	3.43000000e+02	4.14000000e+02	5.26000000e+02
66	1.61001700e+06	3.36000000e+02	4.16000000e+02	5.29000000e+02
67	1.61387900e+06	3.36000000e+02	4.16000000e+02	5.29000000e+02
68	1.61725000e+06	3.36000000e+02	4.16000000e+02	5.29000000e+02
69	1.62071300e+06	3.36000000e+02	4.16000000e+02	5.29000000e+02
70	1.62429400e+06	3.40000000e+02	4.20000000e+02	5.35000000e+02
71	1.62836500e+06	3.40000000e+02	4.20000000e+02	5.35000000e+02
72	1.63257700e+06	3.40000000e+02	4.20000000e+02	5.35000000e+02
73	1.63707700e+06	3.40000000e+02	4.20000000e+02	5.35000000e+02
74	1.64091000e+06	3.47000000e+02	4.23000000e+02	5.38000000e+02
75	1.64392100e+06	3.41000000e+02	4.27000000e+02	5.42000000e+02
76	1.64688100e+06	3.48000000e+02	4.29000000e+02	5.44000000e+02
77	1.65000200e+06	3.49000000e+02	4.31000000e+02	5.48000000e+02
78	1.65313800e+06	3.55000000e+02	4.32000000e+02	5.49000000e+02
79	1.65630600e+06	3.33000000e+02	4.33000000e+02	5.50000000e+02
80	1.65987600e+06	3.33000000e+02	4.33000000e+02	5.50000000e+02
81	1.66262300e+06	3.33000000e+02	4.33000000e+02	5.50000000e+02
82	1.66519400e+06	3.33000000e+02	4.33000000e+02	5.50000000e+02
83	1.66761000e+06	3.33000000e+02	4.33000000e+02	5.50000000e+02
84	1.67003600e+06	3.33000000e+02	4.33000000e+02	5.50000000e+02
85	1.67289300e+06	3.58000000e+02	4.35000000e+02	5.53000000e+02
86	1.67598900e+06	3.58000000e+02	4.35000000e+02	5.53000000e+02
87	1.67890100e+06	3.58000000e+02	4.35000000e+02	5.53000000e+02
88	1.68150400e+06	3.58000000e+02	4.35000000e+02	5.53000000e+02
89	1.68473000e+06	3.56000000e+02	4.38000000e+02	5.57000000e+02
90	1.68800400e+06	3.65000000e+02	4.40000000e+02	5.59000000e+02
91	1.69099800e+06	3.59000000e+02	4.41000000e+02	5.60000000e+02
92	1.69457200e+06	3.59000000e+02	4.41000000e+02	5.60000000e+02
93	1.69885700e+06	3.59000000e+02	4.41000000e+02	5.60000000e+02
94	1.70324400e+06	3.58000000e+02	4.43000000e+02	5.62000000e+02
95	1.70680500e+06	3.58000000e+02	4.43000000e+02	5.62000000e+02
96	1.71006100e+06	3.58000000e+02	4.43000000e+02	5.62000000e+02
97	1.71294700e+06	3.58000000e+02	4.43000000e+02	5.62000000e+02
98	1.71568000e+06	3.58000000e+02	4.43000000e+02	5.62000000e+02
99	1.71883000e+06	3.60000000e+02	4.45000000e+02	5.64000000e+02
100	1.72279800e+06	3.61000000e+02	4.46000000e+02	5.65000000e+02
