Day_(movie_time)	Views	Users	Rigor	Edits
-500	0.00000000e+00	0.00000000e+00	0.00000000e+00	0.00000000e+00
-499	5.00000000e+00	0.00000000e+00	0.00000000e+00	0.00000000e+00
-498	8.00000000e+00	0.00000000e+00	0.00000000e+00	0.00000000e+00
-497	1.60000000e+01	0.00000000e+00	0.00000000e+00	0.00000000e+00
-496	2.00000000e+01	0.00000000e+00	0.00000000e+00	0.00000000e+00
-495	2.40000000e+01	0.00000000e+00	0.00000000e+00	0.00000000e+00
-494	2.90000000e+01	0.00000000e+00	0.00000000e+00	0.00000000e+00
-493	3.60000000e+01	0.00000000e+00	0.00000000e+00	0.00000000e+00
-492	4.20000000e+01	0.00000000e+00	0.00000000e+00	0.00000000e+00
-491	5.00000000e+01	0.00000000e+00	0.00000000e+00	0.00000000e+00
-490	5.30000000e+01	0.00000000e+00	0.00000000e+00	0.00000000e+00
-489	6.20000000e+01	0.00000000e+00	0.00000000e+00	0.00000000e+00
-488	6.80000000e+01	0.00000000e+00	0.00000000e+00	0.00000000e+00
-487	7.10000000e+01	0.00000000e+00	0.00000000e+00	0.00000000e+00
-486	7.50000000e+01	0.00000000e+00	0.00000000e+00	0.00000000e+00
-485	8.00000000e+01	0.00000000e+00	0.00000000e+00	0.00000000e+00
-484	8.40000000e+01	0.00000000e+00	0.00000000e+00	0.00000000e+00
-483	8.90000000e+01	0.00000000e+00	0.00000000e+00	0.00000000e+00
-482	9.60000000e+01	0.00000000e+00	0.00000000e+00	0.00000000e+00
-481	1.06000000e+02	0.00000000e+00	0.00000000e+00	0.00000000e+00
-480	1.09000000e+02	0.00000000e+00	0.00000000e+00	0.00000000e+00
-479	1.13000000e+02	0.00000000e+00	0.00000000e+00	0.00000000e+00
-478	1.19000000e+02	0.00000000e+00	0.00000000e+00	0.00000000e+00
-477	1.26000000e+02	0.00000000e+00	0.00000000e+00	0.00000000e+00
-476	1.30000000e+02	0.00000000e+00	0.00000000e+00	0.00000000e+00
-475	1.33000000e+02	0.00000000e+00	0.00000000e+00	0.00000000e+00
-474	1.36000000e+02	0.00000000e+00	0.00000000e+00	0.00000000e+00
-473	1.38000000e+02	0.00000000e+00	0.00000000e+00	0.00000000e+00
-472	1.47000000e+02	0.00000000e+00	0.00000000e+00	0.00000000e+00
-471	1.50000000e+02	0.00000000e+00	0.00000000e+00	0.00000000e+00
-470	1.61000000e+02	0.00000000e+00	0.00000000e+00	0.00000000e+00
-469	1.65000000e+02	0.00000000e+00	0.00000000e+00	0.00000000e+00
-468	1.71000000e+02	0.00000000e+00	0.00000000e+00	0.00000000e+00
-467	1.76000000e+02	0.00000000e+00	0.00000000e+00	0.00000000e+00
-466	1.78000000e+02	0.00000000e+00	0.00000000e+00	0.00000000e+00
-465	1.83000000e+02	0.00000000e+00	0.00000000e+00	0.00000000e+00
-464	1.90000000e+02	0.00000000e+00	0.00000000e+00	0.00000000e+00
-463	2.01000000e+02	0.00000000e+00	0.00000000e+00	0.00000000e+00
-462	2.05000000e+02	0.00000000e+00	0.00000000e+00	0.00000000e+00
-461	2.11000000e+02	0.00000000e+00	0.00000000e+00	0.00000000e+00
-460	2.16000000e+02	0.00000000e+00	0.00000000e+00	0.00000000e+00
-459	2.19000000e+02	0.00000000e+00	0.00000000e+00	0.00000000e+00
-458	2.30000000e+02	0.00000000e+00	0.00000000e+00	0.00000000e+00
-457	2.42000000e+02	0.00000000e+00	0.00000000e+00	0.00000000e+00
-456	2.44000000e+02	0.00000000e+00	0.00000000e+00	0.00000000e+00
-455	2.48000000e+02	0.00000000e+00	0.00000000e+00	0.00000000e+00
-454	2.50000000e+02	0.00000000e+00	0.00000000e+00	0.00000000e+00
-453	2.57000000e+02	0.00000000e+00	0.00000000e+00	0.00000000e+00
-452	2.63000000e+02	0.00000000e+00	0.00000000e+00	0.00000000e+00
-451	2.71000000e+02	0.00000000e+00	0.00000000e+00	0.00000000e+00
-450	2.80000000e+02	0.00000000e+00	0.00000000e+00	0.00000000e+00
-449	2.83000000e+02	0.00000000e+00	0.00000000e+00	0.00000000e+00
-448	2.89000000e+02	0.00000000e+00	0.00000000e+00	0.00000000e+00
-447	2.98000000e+02	0.00000000e+00	0.00000000e+00	0.00000000e+00
-446	3.03000000e+02	0.00000000e+00	0.00000000e+00	0.00000000e+00
-445	3.05000000e+02	0.00000000e+00	0.00000000e+00	0.00000000e+00
-444	3.10000000e+02	0.00000000e+00	0.00000000e+00	0.00000000e+00
-443	3.14000000e+02	0.00000000e+00	0.00000000e+00	0.00000000e+00
-442	3.18000000e+02	0.00000000e+00	0.00000000e+00	0.00000000e+00
-441	3.29000000e+02	1.00000000e+00	1.00000000e+00	2.00000000e+00
-440	3.38000000e+02	1.00000000e+00	1.00000000e+00	2.00000000e+00
-439	3.46000000e+02	1.00000000e+00	1.00000000e+00	2.00000000e+00
-438	3.52000000e+02	1.00000000e+00	1.00000000e+00	2.00000000e+00
-437	3.60000000e+02	1.00000000e+00	1.00000000e+00	2.00000000e+00
-436	3.68000000e+02	1.00000000e+00	1.00000000e+00	2.00000000e+00
-435	3.73000000e+02	1.00000000e+00	1.00000000e+00	2.00000000e+00
-434	3.80000000e+02	1.00000000e+00	1.00000000e+00	2.00000000e+00
-433	3.90000000e+02	1.00000000e+00	1.00000000e+00	2.00000000e+00
-432	3.96000000e+02	1.00000000e+00	1.00000000e+00	2.00000000e+00
-431	4.03000000e+02	1.00000000e+00	1.00000000e+00	2.00000000e+00
-430	4.15000000e+02	1.00000000e+00	1.00000000e+00	2.00000000e+00
-429	4.21000000e+02	1.00000000e+00	1.00000000e+00	2.00000000e+00
-428	4.30000000e+02	1.00000000e+00	1.00000000e+00	2.00000000e+00
-427	4.46000000e+02	1.00000000e+00	1.00000000e+00	2.00000000e+00
-426	4.56000000e+02	1.00000000e+00	1.00000000e+00	2.00000000e+00
-425	4.67000000e+02	1.00000000e+00	1.00000000e+00	2.00000000e+00
-424	4.78000000e+02	1.00000000e+00	1.00000000e+00	2.00000000e+00
-423	4.95000000e+02	1.00000000e+00	1.00000000e+00	2.00000000e+00
-422	5.09000000e+02	1.00000000e+00	1.00000000e+00	2.00000000e+00
-421	5.26000000e+02	1.00000000e+00	1.00000000e+00	2.00000000e+00
-420	5.35000000e+02	1.00000000e+00	1.00000000e+00	2.00000000e+00
-419	5.43000000e+02	1.00000000e+00	1.00000000e+00	2.00000000e+00
-418	5.54000000e+02	1.00000000e+00	1.00000000e+00	2.00000000e+00
-417	5.63000000e+02	1.00000000e+00	1.00000000e+00	2.00000000e+00
-416	5.74000000e+02	1.00000000e+00	1.00000000e+00	2.00000000e+00
-415	5.79000000e+02	1.00000000e+00	1.00000000e+00	2.00000000e+00
-414	5.94000000e+02	1.00000000e+00	1.00000000e+00	2.00000000e+00
-413	6.06000000e+02	1.00000000e+00	1.00000000e+00	2.00000000e+00
-412	6.17000000e+02	1.00000000e+00	1.00000000e+00	2.00000000e+00
-411	6.19000000e+02	1.00000000e+00	1.00000000e+00	3.00000000e+00
-410	6.30000000e+02	1.00000000e+00	1.00000000e+00	3.00000000e+00
-409	6.43000000e+02	1.00000000e+00	1.00000000e+00	3.00000000e+00
-408	6.51000000e+02	1.00000000e+00	1.00000000e+00	3.00000000e+00
-407	6.59000000e+02	1.00000000e+00	1.00000000e+00	3.00000000e+00
-406	6.69000000e+02	1.00000000e+00	1.00000000e+00	3.00000000e+00
-405	6.76000000e+02	1.00000000e+00	1.00000000e+00	3.00000000e+00
-404	6.83000000e+02	1.00000000e+00	1.00000000e+00	3.00000000e+00
-403	6.87000000e+02	1.00000000e+00	1.00000000e+00	3.00000000e+00
-402	6.98000000e+02	1.00000000e+00	1.00000000e+00	3.00000000e+00
-401	7.04000000e+02	1.00000000e+00	1.00000000e+00	3.00000000e+00
-400	7.07000000e+02	1.00000000e+00	1.00000000e+00	3.00000000e+00
-399	7.18000000e+02	1.00000000e+00	1.00000000e+00	3.00000000e+00
-398	7.32000000e+02	1.00000000e+00	1.00000000e+00	3.00000000e+00
-397	7.38000000e+02	1.00000000e+00	1.00000000e+00	3.00000000e+00
-396	7.42000000e+02	1.00000000e+00	1.00000000e+00	3.00000000e+00
-395	7.48000000e+02	1.00000000e+00	1.00000000e+00	3.00000000e+00
-394	7.57000000e+02	1.00000000e+00	1.00000000e+00	3.00000000e+00
-393	7.70000000e+02	1.00000000e+00	1.00000000e+00	3.00000000e+00
-392	7.82000000e+02	1.00000000e+00	1.00000000e+00	3.00000000e+00
-391	7.92000000e+02	1.00000000e+00	1.00000000e+00	3.00000000e+00
-390	8.02000000e+02	1.00000000e+00	1.00000000e+00	3.00000000e+00
-389	8.12000000e+02	1.00000000e+00	1.00000000e+00	3.00000000e+00
-388	8.27000000e+02	1.00000000e+00	1.00000000e+00	3.00000000e+00
-387	8.35000000e+02	1.00000000e+00	1.00000000e+00	3.00000000e+00
-386	8.37000000e+02	1.00000000e+00	1.00000000e+00	3.00000000e+00
-385	8.43000000e+02	1.00000000e+00	1.00000000e+00	3.00000000e+00
-384	8.49000000e+02	1.00000000e+00	1.00000000e+00	3.00000000e+00
-383	8.53000000e+02	1.00000000e+00	1.00000000e+00	3.00000000e+00
-382	8.61000000e+02	1.00000000e+00	1.00000000e+00	3.00000000e+00
-381	8.66000000e+02	1.00000000e+00	1.00000000e+00	3.00000000e+00
-380	8.71000000e+02	1.00000000e+00	1.00000000e+00	3.00000000e+00
-379	8.76000000e+02	1.00000000e+00	1.00000000e+00	3.00000000e+00
-378	8.85000000e+02	1.00000000e+00	1.00000000e+00	3.00000000e+00
-377	8.97000000e+02	1.00000000e+00	1.00000000e+00	3.00000000e+00
-376	9.00000000e+02	1.00000000e+00	1.00000000e+00	3.00000000e+00
-375	9.04000000e+02	1.00000000e+00	1.00000000e+00	3.00000000e+00
-374	9.09000000e+02	1.00000000e+00	1.00000000e+00	3.00000000e+00
-373	9.20000000e+02	1.00000000e+00	1.00000000e+00	4.00000000e+00
-372	9.20000000e+02	1.00000000e+00	1.00000000e+00	4.00000000e+00
-371	9.27000000e+02	1.00000000e+00	1.00000000e+00	4.00000000e+00
-370	9.27000000e+02	1.00000000e+00	1.00000000e+00	4.00000000e+00
-369	9.27000000e+02	1.00000000e+00	1.00000000e+00	4.00000000e+00
-368	9.27000000e+02	1.00000000e+00	1.00000000e+00	4.00000000e+00
-367	9.30000000e+02	1.00000000e+00	1.00000000e+00	4.00000000e+00
-366	9.36000000e+02	1.00000000e+00	1.00000000e+00	4.00000000e+00
-365	9.39000000e+02	1.00000000e+00	1.00000000e+00	4.00000000e+00
-364	1.04700000e+03	1.00000000e+00	1.00000000e+00	4.00000000e+00
-363	1.21600000e+03	1.00000000e+00	1.00000000e+00	5.00000000e+00
-362	1.34400000e+03	1.00000000e+00	1.00000000e+00	5.00000000e+00
-361	1.46600000e+03	1.00000000e+00	1.00000000e+00	5.00000000e+00
-360	1.58300000e+03	1.00000000e+00	1.00000000e+00	5.00000000e+00
-359	1.70200000e+03	1.00000000e+00	1.00000000e+00	5.00000000e+00
-358	1.82300000e+03	1.00000000e+00	1.00000000e+00	5.00000000e+00
-357	1.91200000e+03	1.00000000e+00	1.00000000e+00	5.00000000e+00
-356	2.01400000e+03	1.00000000e+00	1.00000000e+00	5.00000000e+00
-355	2.09100000e+03	1.00000000e+00	1.00000000e+00	5.00000000e+00
-354	2.20800000e+03	1.00000000e+00	1.00000000e+00	5.00000000e+00
-353	2.34700000e+03	1.00000000e+00	1.00000000e+00	5.00000000e+00
-352	2.44500000e+03	1.00000000e+00	1.00000000e+00	5.00000000e+00
-351	2.44500000e+03	1.00000000e+00	1.00000000e+00	5.00000000e+00
-350	2.44500000e+03	1.00000000e+00	1.00000000e+00	5.00000000e+00
-349	2.44500000e+03	1.00000000e+00	1.00000000e+00	5.00000000e+00
-348	2.54000000e+03	1.00000000e+00	1.00000000e+00	5.00000000e+00
-347	2.63700000e+03	1.00000000e+00	1.00000000e+00	5.00000000e+00
-346	2.72400000e+03	1.00000000e+00	1.00000000e+00	5.00000000e+00
-345	2.82000000e+03	1.00000000e+00	1.00000000e+00	5.00000000e+00
-344	2.92000000e+03	1.00000000e+00	1.00000000e+00	5.00000000e+00
-343	3.03200000e+03	1.00000000e+00	1.00000000e+00	5.00000000e+00
-342	3.14300000e+03	1.00000000e+00	1.00000000e+00	5.00000000e+00
-341	3.23700000e+03	1.00000000e+00	1.00000000e+00	5.00000000e+00
-340	3.32100000e+03	1.00000000e+00	1.00000000e+00	5.00000000e+00
-339	3.42900000e+03	1.00000000e+00	1.00000000e+00	5.00000000e+00
-338	3.56300000e+03	1.00000000e+00	1.00000000e+00	5.00000000e+00
-337	3.70600000e+03	1.00000000e+00	1.00000000e+00	5.00000000e+00
-336	3.81400000e+03	1.00000000e+00	1.00000000e+00	5.00000000e+00
-335	3.93100000e+03	1.00000000e+00	1.00000000e+00	5.00000000e+00
-334	4.05200000e+03	1.00000000e+00	1.00000000e+00	5.00000000e+00
-333	4.16900000e+03	1.00000000e+00	1.00000000e+00	5.00000000e+00
-332	4.27600000e+03	1.00000000e+00	1.00000000e+00	5.00000000e+00
-331	4.44300000e+03	1.00000000e+00	1.00000000e+00	5.00000000e+00
-330	4.62100000e+03	1.00000000e+00	1.00000000e+00	1.60000000e+01
-329	4.92900000e+03	1.00000000e+00	1.00000000e+00	1.70000000e+01
-328	5.17100000e+03	1.00000000e+00	1.00000000e+00	1.70000000e+01
-327	5.49900000e+03	1.00000000e+00	1.00000000e+00	1.80000000e+01
-326	5.92000000e+03	1.00000000e+00	1.00000000e+00	2.10000000e+01
-325	6.29700000e+03	2.00000000e+00	2.00000000e+00	2.20000000e+01
-324	6.66800000e+03	2.00000000e+00	2.00000000e+00	2.20000000e+01
-323	9.51300000e+03	3.00000000e+00	4.00000000e+00	2.70000000e+01
-322	9.98700000e+03	4.00000000e+00	5.00000000e+00	2.80000000e+01
-321	1.03560000e+04	4.00000000e+00	5.00000000e+00	2.80000000e+01
-320	1.07460000e+04	4.00000000e+00	5.00000000e+00	2.80000000e+01
-319	1.07460000e+04	4.00000000e+00	5.00000000e+00	2.80000000e+01
-318	1.12920000e+04	7.00000000e+00	9.00000000e+00	3.30000000e+01
-317	1.16140000e+04	7.00000000e+00	9.00000000e+00	3.30000000e+01
-316	1.19280000e+04	7.00000000e+00	9.00000000e+00	3.30000000e+01
-315	1.22380000e+04	7.00000000e+00	9.00000000e+00	3.30000000e+01
-314	1.26820000e+04	7.00000000e+00	9.00000000e+00	3.30000000e+01
-313	1.31040000e+04	7.00000000e+00	9.00000000e+00	3.30000000e+01
-312	1.31040000e+04	7.00000000e+00	9.00000000e+00	3.30000000e+01
-311	1.35910000e+04	7.00000000e+00	9.00000000e+00	3.30000000e+01
-310	1.39470000e+04	7.00000000e+00	9.00000000e+00	3.30000000e+01
-309	1.43500000e+04	7.00000000e+00	9.00000000e+00	3.30000000e+01
-308	1.47470000e+04	7.00000000e+00	9.00000000e+00	3.30000000e+01
-307	1.51400000e+04	7.00000000e+00	9.00000000e+00	3.30000000e+01
-306	1.55770000e+04	7.00000000e+00	9.00000000e+00	3.30000000e+01
-305	1.60770000e+04	9.00000000e+00	1.10000000e+01	3.60000000e+01
-304	1.65420000e+04	1.00000000e+01	1.20000000e+01	3.70000000e+01
-303	1.69260000e+04	1.20000000e+01	1.40000000e+01	4.50000000e+01
-302	1.72300000e+04	1.20000000e+01	1.40000000e+01	4.50000000e+01
-301	1.76620000e+04	1.40000000e+01	1.60000000e+01	4.90000000e+01
-300	1.80140000e+04	1.40000000e+01	1.60000000e+01	4.90000000e+01
-299	1.83860000e+04	1.40000000e+01	1.60000000e+01	4.90000000e+01
-298	1.87560000e+04	1.70000000e+01	1.70000000e+01	5.00000000e+01
-297	1.92270000e+04	1.60000000e+01	1.80000000e+01	5.10000000e+01
-296	1.96130000e+04	1.60000000e+01	1.90000000e+01	5.20000000e+01
-295	1.99210000e+04	1.60000000e+01	1.90000000e+01	5.20000000e+01
-294	2.02070000e+04	1.60000000e+01	1.90000000e+01	5.20000000e+01
-293	2.04940000e+04	1.60000000e+01	1.90000000e+01	5.20000000e+01
-292	2.08190000e+04	1.70000000e+01	2.00000000e+01	5.30000000e+01
-291	2.11710000e+04	1.70000000e+01	2.00000000e+01	5.30000000e+01
-290	2.16290000e+04	2.10000000e+01	2.10000000e+01	5.40000000e+01
-289	2.20110000e+04	2.10000000e+01	2.10000000e+01	5.40000000e+01
-288	2.25130000e+04	2.10000000e+01	2.10000000e+01	5.40000000e+01
-287	2.28850000e+04	2.10000000e+01	2.10000000e+01	5.40000000e+01
-286	2.32980000e+04	2.10000000e+01	2.20000000e+01	5.50000000e+01
-285	2.37250000e+04	2.10000000e+01	2.40000000e+01	5.70000000e+01
-284	2.41910000e+04	2.20000000e+01	2.60000000e+01	5.90000000e+01
-283	2.47240000e+04	2.20000000e+01	2.60000000e+01	5.90000000e+01
-282	2.56010000e+04	2.40000000e+01	2.80000000e+01	6.10000000e+01
-281	2.63280000e+04	2.70000000e+01	2.90000000e+01	6.20000000e+01
-280	2.68950000e+04	2.70000000e+01	2.90000000e+01	6.20000000e+01
-279	2.73760000e+04	2.70000000e+01	2.90000000e+01	6.20000000e+01
-278	2.79100000e+04	2.70000000e+01	2.90000000e+01	6.20000000e+01
-277	2.84860000e+04	2.70000000e+01	2.90000000e+01	6.20000000e+01
-276	2.92140000e+04	2.70000000e+01	2.90000000e+01	6.20000000e+01
-275	2.98460000e+04	2.70000000e+01	2.90000000e+01	6.20000000e+01
-274	3.04500000e+04	2.70000000e+01	2.90000000e+01	6.20000000e+01
-273	3.11150000e+04	2.70000000e+01	2.90000000e+01	6.20000000e+01
-272	3.16360000e+04	2.70000000e+01	2.90000000e+01	6.20000000e+01
-271	3.22770000e+04	2.70000000e+01	2.90000000e+01	6.20000000e+01
-270	3.30450000e+04	2.60000000e+01	3.00000000e+01	6.40000000e+01
-269	3.36950000e+04	3.00000000e+01	3.10000000e+01	6.50000000e+01
-268	3.43380000e+04	3.00000000e+01	3.10000000e+01	6.50000000e+01
-267	3.49630000e+04	3.10000000e+01	3.30000000e+01	6.70000000e+01
-266	3.59640000e+04	3.10000000e+01	3.50000000e+01	6.90000000e+01
-265	3.68610000e+04	3.30000000e+01	3.70000000e+01	7.10000000e+01
-264	3.78320000e+04	3.40000000e+01	3.80000000e+01	7.20000000e+01
-263	3.87300000e+04	3.50000000e+01	4.10000000e+01	7.50000000e+01
-262	3.96370000e+04	3.70000000e+01	4.50000000e+01	8.00000000e+01
-261	4.04310000e+04	3.70000000e+01	4.50000000e+01	8.00000000e+01
-260	4.12010000e+04	3.70000000e+01	4.50000000e+01	8.00000000e+01
-259	4.18450000e+04	3.70000000e+01	4.50000000e+01	8.00000000e+01
-258	4.24710000e+04	3.70000000e+01	4.50000000e+01	8.00000000e+01
-257	4.36230000e+04	3.70000000e+01	4.50000000e+01	8.00000000e+01
-256	4.46400000e+04	3.70000000e+01	4.50000000e+01	8.00000000e+01
-255	4.58280000e+04	3.70000000e+01	4.50000000e+01	8.00000000e+01
-254	4.67320000e+04	3.70000000e+01	4.50000000e+01	8.00000000e+01
-253	4.75880000e+04	3.70000000e+01	4.50000000e+01	8.00000000e+01
-252	4.83210000e+04	3.70000000e+01	4.50000000e+01	8.00000000e+01
-251	4.90170000e+04	3.70000000e+01	4.50000000e+01	8.00000000e+01
-250	4.90170000e+04	3.80000000e+01	4.60000000e+01	8.10000000e+01
-249	4.90170000e+04	4.00000000e+01	4.90000000e+01	8.40000000e+01
-248	4.98040000e+04	4.00000000e+01	4.90000000e+01	8.40000000e+01
-247	5.04410000e+04	4.00000000e+01	4.90000000e+01	8.40000000e+01
-246	5.10390000e+04	4.00000000e+01	4.90000000e+01	8.40000000e+01
-245	5.16740000e+04	4.00000000e+01	4.90000000e+01	8.40000000e+01
-244	5.22170000e+04	4.00000000e+01	4.90000000e+01	8.40000000e+01
-243	5.28420000e+04	4.10000000e+01	5.00000000e+01	8.50000000e+01
-242	5.36110000e+04	4.10000000e+01	5.00000000e+01	8.50000000e+01
-241	5.42860000e+04	4.30000000e+01	5.10000000e+01	8.60000000e+01
-240	5.49470000e+04	4.30000000e+01	5.10000000e+01	8.60000000e+01
-239	5.56030000e+04	4.30000000e+01	5.10000000e+01	8.60000000e+01
-238	5.62640000e+04	4.60000000e+01	5.40000000e+01	8.90000000e+01
-237	5.69960000e+04	5.00000000e+01	5.60000000e+01	9.50000000e+01
-236	5.80130000e+04	5.00000000e+01	5.60000000e+01	9.50000000e+01
-235	5.89080000e+04	4.80000000e+01	5.70000000e+01	9.60000000e+01
-234	5.89080000e+04	4.80000000e+01	5.70000000e+01	9.60000000e+01
-233	5.95760000e+04	5.00000000e+01	5.80000000e+01	9.70000000e+01
-232	6.02250000e+04	5.00000000e+01	5.80000000e+01	9.70000000e+01
-231	6.08500000e+04	5.00000000e+01	5.80000000e+01	9.70000000e+01
-230	6.14320000e+04	5.00000000e+01	5.80000000e+01	9.70000000e+01
-229	6.20360000e+04	4.80000000e+01	6.00000000e+01	9.90000000e+01
-228	6.27310000e+04	4.80000000e+01	6.00000000e+01	9.90000000e+01
-227	6.34500000e+04	4.80000000e+01	6.00000000e+01	9.90000000e+01
-226	6.41500000e+04	4.80000000e+01	6.00000000e+01	9.90000000e+01
-225	6.47990000e+04	4.80000000e+01	6.00000000e+01	9.90000000e+01
-224	6.55550000e+04	4.90000000e+01	6.10000000e+01	1.00000000e+02
-223	6.61700000e+04	4.90000000e+01	6.10000000e+01	1.00000000e+02
-222	6.70090000e+04	4.90000000e+01	6.10000000e+01	1.00000000e+02
-221	6.80180000e+04	4.90000000e+01	6.10000000e+01	1.00000000e+02
-220	6.89060000e+04	4.90000000e+01	6.10000000e+01	1.00000000e+02
-219	6.89060000e+04	4.90000000e+01	6.10000000e+01	1.00000000e+02
-218	6.96580000e+04	4.90000000e+01	6.10000000e+01	1.00000000e+02
-217	7.03010000e+04	4.90000000e+01	6.10000000e+01	1.00000000e+02
-216	7.09960000e+04	4.90000000e+01	6.10000000e+01	1.00000000e+02
-215	7.16530000e+04	4.90000000e+01	6.10000000e+01	1.00000000e+02
-214	7.24200000e+04	4.90000000e+01	6.10000000e+01	1.00000000e+02
-213	7.30990000e+04	4.90000000e+01	6.10000000e+01	1.00000000e+02
-212	7.36870000e+04	4.90000000e+01	6.10000000e+01	1.00000000e+02
-211	7.42290000e+04	4.90000000e+01	6.10000000e+01	1.00000000e+02
-210	7.48220000e+04	4.90000000e+01	6.10000000e+01	1.00000000e+02
-209	7.55200000e+04	4.90000000e+01	6.10000000e+01	1.00000000e+02
-208	7.61760000e+04	4.90000000e+01	6.10000000e+01	1.00000000e+02
-207	7.68320000e+04	4.90000000e+01	6.10000000e+01	1.00000000e+02
-206	7.78040000e+04	4.90000000e+01	6.10000000e+01	1.00000000e+02
-205	7.86280000e+04	4.90000000e+01	6.10000000e+01	1.00000000e+02
-204	7.92480000e+04	4.90000000e+01	6.10000000e+01	1.00000000e+02
-203	7.98470000e+04	4.90000000e+01	6.10000000e+01	1.00000000e+02
-202	8.05870000e+04	4.90000000e+01	6.10000000e+01	1.00000000e+02
-201	8.17290000e+04	4.90000000e+01	6.10000000e+01	1.00000000e+02
-200	8.27290000e+04	4.90000000e+01	6.10000000e+01	1.00000000e+02
-199	8.38310000e+04	4.80000000e+01	6.20000000e+01	1.01000000e+02
-198	8.46050000e+04	4.80000000e+01	6.20000000e+01	1.01000000e+02
-197	8.53200000e+04	4.80000000e+01	6.20000000e+01	1.01000000e+02
-196	8.62180000e+04	5.30000000e+01	6.40000000e+01	1.04000000e+02
-195	8.72520000e+04	5.30000000e+01	6.40000000e+01	1.04000000e+02
-194	8.82540000e+04	5.30000000e+01	6.40000000e+01	1.04000000e+02
-193	8.92890000e+04	5.30000000e+01	6.40000000e+01	1.04000000e+02
-192	9.04090000e+04	5.30000000e+01	6.40000000e+01	1.04000000e+02
-191	9.13430000e+04	5.30000000e+01	6.40000000e+01	1.04000000e+02
-190	9.23280000e+04	5.30000000e+01	6.50000000e+01	1.05000000e+02
-189	9.31620000e+04	5.30000000e+01	6.50000000e+01	1.05000000e+02
-188	9.41220000e+04	5.30000000e+01	6.50000000e+01	1.05000000e+02
-187	9.52250000e+04	5.30000000e+01	6.50000000e+01	1.05000000e+02
-186	9.63850000e+04	5.30000000e+01	6.50000000e+01	1.05000000e+02
-185	9.75030000e+04	6.00000000e+01	7.20000000e+01	1.15000000e+02
-184	9.85080000e+04	6.00000000e+01	7.20000000e+01	1.15000000e+02
-183	9.94920000e+04	6.00000000e+01	7.20000000e+01	1.15000000e+02
-182	1.00649000e+05	6.00000000e+01	7.20000000e+01	1.15000000e+02
-181	1.01719000e+05	6.00000000e+01	7.20000000e+01	1.15000000e+02
-180	1.02781000e+05	6.00000000e+01	7.20000000e+01	1.15000000e+02
-179	1.03904000e+05	6.00000000e+01	7.20000000e+01	1.15000000e+02
-178	1.05020000e+05	6.50000000e+01	7.30000000e+01	1.18000000e+02
-177	1.06055000e+05	6.70000000e+01	7.80000000e+01	1.25000000e+02
-176	1.06945000e+05	6.70000000e+01	7.80000000e+01	1.25000000e+02
-175	1.07944000e+05	7.00000000e+01	8.10000000e+01	1.28000000e+02
-174	1.08946000e+05	7.00000000e+01	8.10000000e+01	1.28000000e+02
-173	1.09862000e+05	7.00000000e+01	8.10000000e+01	1.28000000e+02
-172	1.10881000e+05	7.20000000e+01	8.20000000e+01	1.29000000e+02
-171	1.11907000e+05	7.20000000e+01	8.20000000e+01	1.29000000e+02
-170	1.13107000e+05	7.20000000e+01	8.20000000e+01	1.29000000e+02
-169	1.14242000e+05	7.20000000e+01	8.20000000e+01	1.29000000e+02
-168	1.15686000e+05	7.20000000e+01	8.20000000e+01	1.29000000e+02
-167	1.18089000e+05	7.10000000e+01	8.30000000e+01	1.30000000e+02
-166	1.21617000e+05	7.10000000e+01	8.40000000e+01	1.32000000e+02
-165	1.25221000e+05	7.10000000e+01	8.40000000e+01	1.32000000e+02
-164	1.27999000e+05	7.10000000e+01	8.40000000e+01	1.32000000e+02
-163	1.29942000e+05	7.10000000e+01	8.40000000e+01	1.32000000e+02
-162	1.31371000e+05	7.10000000e+01	8.40000000e+01	1.32000000e+02
-161	1.32688000e+05	7.10000000e+01	8.40000000e+01	1.32000000e+02
-160	1.34139000e+05	7.10000000e+01	8.40000000e+01	1.32000000e+02
-159	1.35969000e+05	7.10000000e+01	8.40000000e+01	1.32000000e+02
-158	1.37975000e+05	7.10000000e+01	8.40000000e+01	1.32000000e+02
-157	1.39630000e+05	7.10000000e+01	8.40000000e+01	1.32000000e+02
-156	1.40951000e+05	7.10000000e+01	8.40000000e+01	1.32000000e+02
-155	1.41970000e+05	7.10000000e+01	8.40000000e+01	1.32000000e+02
-154	1.43075000e+05	7.10000000e+01	8.40000000e+01	1.32000000e+02
-153	1.44074000e+05	7.10000000e+01	8.40000000e+01	1.32000000e+02
-152	1.45206000e+05	7.10000000e+01	8.40000000e+01	1.32000000e+02
-151	1.46514000e+05	7.10000000e+01	8.40000000e+01	1.32000000e+02
-150	1.47783000e+05	7.10000000e+01	8.40000000e+01	1.32000000e+02
-149	1.48783000e+05	7.10000000e+01	8.40000000e+01	1.32000000e+02
-148	1.49719000e+05	7.10000000e+01	8.40000000e+01	1.32000000e+02
-147	1.50640000e+05	7.10000000e+01	8.40000000e+01	1.32000000e+02
-146	1.51942000e+05	7.00000000e+01	8.50000000e+01	1.33000000e+02
-145	1.53817000e+05	8.60000000e+01	9.40000000e+01	1.59000000e+02
-144	1.55829000e+05	8.60000000e+01	9.40000000e+01	1.59000000e+02
-143	1.57856000e+05	8.40000000e+01	9.60000000e+01	1.61000000e+02
-142	1.59272000e+05	8.00000000e+01	9.70000000e+01	1.62000000e+02
-141	1.60560000e+05	8.00000000e+01	9.70000000e+01	1.62000000e+02
-140	1.61503000e+05	8.00000000e+01	9.70000000e+01	1.63000000e+02
-139	1.62473000e+05	8.00000000e+01	9.70000000e+01	1.63000000e+02
-138	1.63817000e+05	8.00000000e+01	9.70000000e+01	1.63000000e+02
-137	1.65145000e+05	8.00000000e+01	9.70000000e+01	1.63000000e+02
-136	1.66226000e+05	8.00000000e+01	9.70000000e+01	1.63000000e+02
-135	1.67063000e+05	8.00000000e+01	9.70000000e+01	1.63000000e+02
-134	1.67738000e+05	8.00000000e+01	9.70000000e+01	1.63000000e+02
-133	1.68612000e+05	7.80000000e+01	9.90000000e+01	1.65000000e+02
-132	1.69520000e+05	7.80000000e+01	9.90000000e+01	1.65000000e+02
-131	1.70641000e+05	7.80000000e+01	9.90000000e+01	1.65000000e+02
-130	1.71903000e+05	7.80000000e+01	9.90000000e+01	1.65000000e+02
-129	1.72928000e+05	7.80000000e+01	9.90000000e+01	1.65000000e+02
-128	1.73809000e+05	7.80000000e+01	9.90000000e+01	1.65000000e+02
-127	1.74694000e+05	7.80000000e+01	9.90000000e+01	1.65000000e+02
-126	1.75525000e+05	7.80000000e+01	9.90000000e+01	1.65000000e+02
-125	1.76327000e+05	7.80000000e+01	9.90000000e+01	1.65000000e+02
-124	1.77347000e+05	7.80000000e+01	9.90000000e+01	1.65000000e+02
-123	1.78399000e+05	7.80000000e+01	9.90000000e+01	1.65000000e+02
-122	1.79467000e+05	7.80000000e+01	9.90000000e+01	1.65000000e+02
-121	1.80400000e+05	7.80000000e+01	9.90000000e+01	1.65000000e+02
-120	1.81386000e+05	7.80000000e+01	9.90000000e+01	1.65000000e+02
-119	1.82293000e+05	7.80000000e+01	9.90000000e+01	1.65000000e+02
-118	1.83232000e+05	8.10000000e+01	1.01000000e+02	1.69000000e+02
-117	1.84335000e+05	8.30000000e+01	1.02000000e+02	1.71000000e+02
-116	1.85525000e+05	8.30000000e+01	1.02000000e+02	1.71000000e+02
-115	1.86792000e+05	8.30000000e+01	1.02000000e+02	1.71000000e+02
-114	1.87683000e+05	8.30000000e+01	1.02000000e+02	1.71000000e+02
-113	1.88378000e+05	8.30000000e+01	1.02000000e+02	1.71000000e+02
-112	1.89113000e+05	8.30000000e+01	1.02000000e+02	1.71000000e+02
-111	1.89600000e+05	8.30000000e+01	1.02000000e+02	1.71000000e+02
-110	1.89775000e+05	8.30000000e+01	1.02000000e+02	1.71000000e+02
-109	1.89979000e+05	8.30000000e+01	1.02000000e+02	1.71000000e+02
-108	1.90165000e+05	8.30000000e+01	1.02000000e+02	1.71000000e+02
-107	1.90525000e+05	8.30000000e+01	1.02000000e+02	1.71000000e+02
-106	1.91078000e+05	8.30000000e+01	1.02000000e+02	1.71000000e+02
-105	1.91834000e+05	8.30000000e+01	1.02000000e+02	1.71000000e+02
-104	1.92552000e+05	8.30000000e+01	1.02000000e+02	1.71000000e+02
-103	1.93404000e+05	9.50000000e+01	1.03000000e+02	1.72000000e+02
-102	1.94237000e+05	9.50000000e+01	1.03000000e+02	1.72000000e+02
-101	1.95205000e+05	9.50000000e+01	1.03000000e+02	1.72000000e+02
-100	1.96022000e+05	9.50000000e+01	1.03000000e+02	1.72000000e+02
-99	1.96812000e+05	9.50000000e+01	1.03000000e+02	1.72000000e+02
-98	1.97495000e+05	9.50000000e+01	1.03000000e+02	1.72000000e+02
-97	1.98272000e+05	9.50000000e+01	1.03000000e+02	1.72000000e+02
-96	1.98272000e+05	9.50000000e+01	1.03000000e+02	1.72000000e+02
-95	1.98640000e+05	9.50000000e+01	1.03000000e+02	1.72000000e+02
-94	1.98640000e+05	9.50000000e+01	1.03000000e+02	1.72000000e+02
-93	1.99819000e+05	9.50000000e+01	1.03000000e+02	1.72000000e+02
-92	2.00969000e+05	9.50000000e+01	1.03000000e+02	1.72000000e+02
-91	2.03887000e+05	9.00000000e+01	1.04000000e+02	1.73000000e+02
-90	2.07818000e+05	9.00000000e+01	1.04000000e+02	1.73000000e+02
-89	2.10013000e+05	9.00000000e+01	1.04000000e+02	1.73000000e+02
-88	2.11914000e+05	9.40000000e+01	1.07000000e+02	1.77000000e+02
-87	2.11914000e+05	9.90000000e+01	1.09000000e+02	1.79000000e+02
-86	2.15191000e+05	1.08000000e+02	1.14000000e+02	1.87000000e+02
-85	2.15191000e+05	1.00000000e+02	1.16000000e+02	1.89000000e+02
-84	2.15191000e+05	9.70000000e+01	1.19000000e+02	1.92000000e+02
-83	2.15191000e+05	1.00000000e+02	1.20000000e+02	1.93000000e+02
-82	2.15191000e+05	1.00000000e+02	1.20000000e+02	1.93000000e+02
-81	2.16561000e+05	1.00000000e+02	1.23000000e+02	1.98000000e+02
-80	2.17775000e+05	1.00000000e+02	1.23000000e+02	1.98000000e+02
-79	2.18911000e+05	1.04000000e+02	1.24000000e+02	2.00000000e+02
-78	2.19914000e+05	1.04000000e+02	1.24000000e+02	2.00000000e+02
-77	2.21048000e+05	1.02000000e+02	1.26000000e+02	2.02000000e+02
-76	2.22198000e+05	1.02000000e+02	1.26000000e+02	2.02000000e+02
-75	2.23425000e+05	1.02000000e+02	1.26000000e+02	2.02000000e+02
-74	2.24776000e+05	1.02000000e+02	1.26000000e+02	2.02000000e+02
-73	2.25967000e+05	1.02000000e+02	1.26000000e+02	2.02000000e+02
-72	2.26995000e+05	1.02000000e+02	1.26000000e+02	2.02000000e+02
-71	2.28071000e+05	1.02000000e+02	1.26000000e+02	2.02000000e+02
-70	2.29632000e+05	1.02000000e+02	1.26000000e+02	2.02000000e+02
-69	2.31792000e+05	1.02000000e+02	1.26000000e+02	2.02000000e+02
-68	2.33899000e+05	1.02000000e+02	1.26000000e+02	2.02000000e+02
-67	2.37844000e+05	9.90000000e+01	1.28000000e+02	2.04000000e+02
-66	2.42403000e+05	9.90000000e+01	1.28000000e+02	2.04000000e+02
-65	2.47165000e+05	9.90000000e+01	1.28000000e+02	2.04000000e+02
-64	2.53136000e+05	9.90000000e+01	1.28000000e+02	2.04000000e+02
-63	2.57351000e+05	9.90000000e+01	1.28000000e+02	2.04000000e+02
-62	2.61291000e+05	9.90000000e+01	1.28000000e+02	2.04000000e+02
-61	2.64173000e+05	9.90000000e+01	1.28000000e+02	2.04000000e+02
-60	2.67397000e+05	9.90000000e+01	1.28000000e+02	2.04000000e+02
-59	2.71376000e+05	9.90000000e+01	1.28000000e+02	2.04000000e+02
-58	2.75733000e+05	9.90000000e+01	1.28000000e+02	2.04000000e+02
-57	2.79680000e+05	9.90000000e+01	1.28000000e+02	2.04000000e+02
-56	2.83215000e+05	1.10000000e+02	1.29000000e+02	2.05000000e+02
-55	2.86975000e+05	1.10000000e+02	1.29000000e+02	2.05000000e+02
-54	2.89762000e+05	1.08000000e+02	1.30000000e+02	2.06000000e+02
-53	2.93006000e+05	1.02000000e+02	1.32000000e+02	2.09000000e+02
-52	2.96319000e+05	1.13000000e+02	1.33000000e+02	2.10000000e+02
-51	2.99044000e+05	1.13000000e+02	1.33000000e+02	2.10000000e+02
-50	3.10735000e+05	1.11000000e+02	1.35000000e+02	2.12000000e+02
-49	3.15144000e+05	1.14000000e+02	1.36000000e+02	2.14000000e+02
-48	3.17990000e+05	1.12000000e+02	1.41000000e+02	2.22000000e+02
-47	3.20350000e+05	1.12000000e+02	1.41000000e+02	2.22000000e+02
-46	3.23066000e+05	1.13000000e+02	1.42000000e+02	2.25000000e+02
-45	3.25635000e+05	1.13000000e+02	1.42000000e+02	2.25000000e+02
-44	3.28164000e+05	1.13000000e+02	1.42000000e+02	2.25000000e+02
-43	3.31499000e+05	1.17000000e+02	1.44000000e+02	2.28000000e+02
-42	3.35057000e+05	1.17000000e+02	1.44000000e+02	2.28000000e+02
-41	3.37994000e+05	1.17000000e+02	1.44000000e+02	2.28000000e+02
-40	3.40815000e+05	1.17000000e+02	1.44000000e+02	2.28000000e+02
-39	3.43914000e+05	1.18000000e+02	1.45000000e+02	2.29000000e+02
-38	3.46893000e+05	1.18000000e+02	1.45000000e+02	2.29000000e+02
-37	3.49380000e+05	1.18000000e+02	1.45000000e+02	2.29000000e+02
-36	3.51814000e+05	1.21000000e+02	1.47000000e+02	2.32000000e+02
-35	3.54089000e+05	1.21000000e+02	1.47000000e+02	2.32000000e+02
-34	3.56407000e+05	1.21000000e+02	1.47000000e+02	2.32000000e+02
-33	3.58918000e+05	1.23000000e+02	1.51000000e+02	2.36000000e+02
-32	3.61428000e+05	1.24000000e+02	1.52000000e+02	2.37000000e+02
-31	3.64048000e+05	1.24000000e+02	1.52000000e+02	2.37000000e+02
-30	3.67028000e+05	1.24000000e+02	1.52000000e+02	2.37000000e+02
-29	3.71494000e+05	1.24000000e+02	1.52000000e+02	2.37000000e+02
-28	3.74973000e+05	1.24000000e+02	1.52000000e+02	2.37000000e+02
-27	3.78650000e+05	1.24000000e+02	1.52000000e+02	2.37000000e+02
-26	3.82670000e+05	1.24000000e+02	1.52000000e+02	2.37000000e+02
-25	3.87200000e+05	1.25000000e+02	1.53000000e+02	2.38000000e+02
-24	3.99864000e+05	1.29000000e+02	1.57000000e+02	2.42000000e+02
-23	4.14270000e+05	1.29000000e+02	1.57000000e+02	2.42000000e+02
-22	4.30783000e+05	1.26000000e+02	1.58000000e+02	2.43000000e+02
-21	4.45389000e+05	1.37000000e+02	1.60000000e+02	2.45000000e+02
-20	4.56970000e+05	1.37000000e+02	1.60000000e+02	2.45000000e+02
-19	4.76000000e+05	1.37000000e+02	1.60000000e+02	2.45000000e+02
-18	4.89358000e+05	1.30000000e+02	1.61000000e+02	2.46000000e+02
-17	5.00212000e+05	1.42000000e+02	1.65000000e+02	2.51000000e+02
-16	5.10088000e+05	1.42000000e+02	1.65000000e+02	2.51000000e+02
-15	5.19932000e+05	1.42000000e+02	1.68000000e+02	2.54000000e+02
-14	5.28871000e+05	1.42000000e+02	1.68000000e+02	2.54000000e+02
-13	5.38068000e+05	1.42000000e+02	1.68000000e+02	2.54000000e+02
-12	5.45794000e+05	1.39000000e+02	1.69000000e+02	2.56000000e+02
-11	5.54222000e+05	1.39000000e+02	1.69000000e+02	2.56000000e+02
-10	5.62407000e+05	1.38000000e+02	1.74000000e+02	2.62000000e+02
-9	5.72466000e+05	1.47000000e+02	1.75000000e+02	2.64000000e+02
-8	5.82268000e+05	1.48000000e+02	1.76000000e+02	2.65000000e+02
-7	5.92947000e+05	1.55000000e+02	1.77000000e+02	2.71000000e+02
-6	6.07420000e+05	1.44000000e+02	1.80000000e+02	2.74000000e+02
-5	6.19453000e+05	1.44000000e+02	1.80000000e+02	2.74000000e+02
-4	6.31248000e+05	1.44000000e+02	1.80000000e+02	2.74000000e+02
-3	6.46426000e+05	1.58000000e+02	1.82000000e+02	2.76000000e+02
-2	6.63124000e+05	1.54000000e+02	1.85000000e+02	2.80000000e+02
-1	6.81613000e+05	1.57000000e+02	1.90000000e+02	2.85000000e+02
0	7.02440000e+05	1.66000000e+02	1.97000000e+02	2.96000000e+02
1	7.39773000e+05	1.75000000e+02	2.03000000e+02	3.08000000e+02
2	7.74922000e+05	1.78000000e+02	2.10000000e+02	3.15000000e+02
3	8.05874000e+05	1.88000000e+02	2.33000000e+02	3.45000000e+02
4	8.36437000e+05	2.03000000e+02	2.40000000e+02	3.54000000e+02
5	8.53206000e+05	2.17000000e+02	2.58000000e+02	3.78000000e+02
6	8.67698000e+05	2.16000000e+02	2.62000000e+02	3.83000000e+02
7	8.80482000e+05	2.23000000e+02	2.67000000e+02	3.88000000e+02
8	8.93590000e+05	2.29000000e+02	2.76000000e+02	4.01000000e+02
9	9.07276000e+05	2.48000000e+02	2.87000000e+02	4.18000000e+02
10	9.21580000e+05	2.50000000e+02	2.91000000e+02	4.32000000e+02
11	9.35972000e+05	2.60000000e+02	3.02000000e+02	4.49000000e+02
12	9.46255000e+05	2.59000000e+02	3.09000000e+02	4.56000000e+02
13	9.56596000e+05	2.64000000e+02	3.14000000e+02	4.63000000e+02
14	9.69023000e+05	2.66000000e+02	3.15000000e+02	4.64000000e+02
15	9.79176000e+05	2.65000000e+02	3.18000000e+02	4.67000000e+02
16	9.89076000e+05	2.67000000e+02	3.22000000e+02	4.72000000e+02
17	1.00009700e+06	2.71000000e+02	3.29000000e+02	4.83000000e+02
18	1.00903800e+06	2.86000000e+02	3.38000000e+02	5.03000000e+02
19	1.01659800e+06	3.09000000e+02	3.57000000e+02	5.25000000e+02
20	1.02352600e+06	3.16000000e+02	3.66000000e+02	5.37000000e+02
21	1.02980600e+06	3.10000000e+02	3.78000000e+02	5.52000000e+02
22	1.03733400e+06	3.10000000e+02	3.78000000e+02	5.52000000e+02
23	1.04522300e+06	3.00000000e+02	3.79000000e+02	5.53000000e+02
24	1.05326400e+06	3.00000000e+02	3.79000000e+02	5.53000000e+02
25	1.06117200e+06	3.00000000e+02	3.79000000e+02	5.53000000e+02
26	1.06857100e+06	3.00000000e+02	3.79000000e+02	5.53000000e+02
27	1.07501000e+06	3.00000000e+02	3.79000000e+02	5.53000000e+02
28	1.08201200e+06	3.00000000e+02	3.79000000e+02	5.53000000e+02
29	1.08874400e+06	3.00000000e+02	3.79000000e+02	5.53000000e+02
30	1.09695700e+06	3.12000000e+02	3.80000000e+02	5.68000000e+02
31	1.10680100e+06	3.28000000e+02	3.83000000e+02	5.72000000e+02
32	1.11516500e+06	3.28000000e+02	3.83000000e+02	5.72000000e+02
33	1.12285500e+06	3.16000000e+02	3.86000000e+02	5.80000000e+02
34	1.12953300e+06	3.16000000e+02	3.86000000e+02	5.80000000e+02
35	1.13943200e+06	3.19000000e+02	3.87000000e+02	5.82000000e+02
36	1.14887000e+06	3.19000000e+02	3.89000000e+02	5.87000000e+02
37	1.15834200e+06	3.12000000e+02	3.90000000e+02	5.88000000e+02
38	1.16732000e+06	3.22000000e+02	3.91000000e+02	5.89000000e+02
39	1.17459300e+06	3.21000000e+02	3.93000000e+02	5.93000000e+02
40	1.18145700e+06	3.28000000e+02	3.99000000e+02	6.03000000e+02
41	1.18829800e+06	3.56000000e+02	4.11000000e+02	6.21000000e+02
42	1.19536900e+06	3.56000000e+02	4.11000000e+02	6.21000000e+02
43	1.20144800e+06	3.47000000e+02	4.14000000e+02	6.29000000e+02
44	1.20721400e+06	3.51000000e+02	4.18000000e+02	6.33000000e+02
45	1.21260800e+06	3.56000000e+02	4.22000000e+02	6.39000000e+02
46	1.21735400e+06	3.55000000e+02	4.27000000e+02	6.46000000e+02
47	1.22140700e+06	3.53000000e+02	4.28000000e+02	6.47000000e+02
48	1.22567700e+06	3.59000000e+02	4.33000000e+02	6.54000000e+02
49	1.23010600e+06	3.65000000e+02	4.35000000e+02	6.59000000e+02
50	1.23401400e+06	3.67000000e+02	4.36000000e+02	6.61000000e+02
51	1.23804000e+06	3.63000000e+02	4.37000000e+02	6.63000000e+02
52	1.24219500e+06	3.71000000e+02	4.39000000e+02	6.65000000e+02
53	1.24584500e+06	3.71000000e+02	4.39000000e+02	6.65000000e+02
54	1.24918700e+06	3.71000000e+02	4.39000000e+02	6.65000000e+02
55	1.25287600e+06	3.71000000e+02	4.39000000e+02	6.65000000e+02
56	1.25672000e+06	3.68000000e+02	4.40000000e+02	6.67000000e+02
57	1.26068500e+06	3.64000000e+02	4.41000000e+02	6.68000000e+02
58	1.26441400e+06	3.55000000e+02	4.42000000e+02	6.70000000e+02
59	1.26856500e+06	3.55000000e+02	4.42000000e+02	6.70000000e+02
60	1.27212700e+06	3.55000000e+02	4.42000000e+02	6.70000000e+02
61	1.27524900e+06	3.55000000e+02	4.42000000e+02	6.70000000e+02
62	1.27825800e+06	3.55000000e+02	4.42000000e+02	6.70000000e+02
63	1.28113100e+06	3.67000000e+02	4.45000000e+02	6.74000000e+02
64	1.28482000e+06	3.63000000e+02	4.46000000e+02	6.75000000e+02
65	1.28939400e+06	3.63000000e+02	4.46000000e+02	6.75000000e+02
66	1.29321600e+06	3.63000000e+02	4.47000000e+02	6.76000000e+02
67	1.29650100e+06	3.63000000e+02	4.47000000e+02	6.76000000e+02
68	1.29940500e+06	3.64000000e+02	4.48000000e+02	6.77000000e+02
69	1.30287800e+06	3.64000000e+02	4.48000000e+02	6.77000000e+02
70	1.30747100e+06	3.64000000e+02	4.48000000e+02	6.77000000e+02
71	1.31117700e+06	3.66000000e+02	4.49000000e+02	6.78000000e+02
72	1.31505900e+06	3.65000000e+02	4.52000000e+02	6.82000000e+02
73	1.32108000e+06	3.64000000e+02	4.53000000e+02	6.83000000e+02
74	1.32659000e+06	3.67000000e+02	4.54000000e+02	6.84000000e+02
75	1.33156400e+06	3.65000000e+02	4.55000000e+02	6.85000000e+02
76	1.33621800e+06	3.73000000e+02	4.56000000e+02	6.87000000e+02
77	1.34105300e+06	3.65000000e+02	4.57000000e+02	6.88000000e+02
78	1.34544200e+06	3.66000000e+02	4.58000000e+02	6.89000000e+02
79	1.35014000e+06	3.79000000e+02	4.60000000e+02	6.91000000e+02
80	1.35471900e+06	3.73000000e+02	4.61000000e+02	6.92000000e+02
81	1.35920400e+06	3.73000000e+02	4.61000000e+02	6.92000000e+02
82	1.36383600e+06	3.73000000e+02	4.61000000e+02	6.92000000e+02
83	1.36849900e+06	3.73000000e+02	4.61000000e+02	6.92000000e+02
84	1.37270800e+06	3.68000000e+02	4.62000000e+02	6.93000000e+02
85	1.37629000e+06	3.68000000e+02	4.62000000e+02	6.93000000e+02
86	1.37986100e+06	3.68000000e+02	4.62000000e+02	6.93000000e+02
87	1.38434300e+06	3.68000000e+02	4.62000000e+02	6.93000000e+02
88	1.38899800e+06	3.68000000e+02	4.62000000e+02	6.93000000e+02
89	1.39333700e+06	3.68000000e+02	4.62000000e+02	6.93000000e+02
90	1.39770700e+06	3.87000000e+02	4.62000000e+02	6.94000000e+02
91	1.40216300e+06	3.87000000e+02	4.62000000e+02	6.94000000e+02
92	1.40639600e+06	3.88000000e+02	4.65000000e+02	6.97000000e+02
93	1.41115300e+06	3.74000000e+02	4.67000000e+02	7.00000000e+02
94	1.41618800e+06	3.76000000e+02	4.68000000e+02	7.03000000e+02
95	1.42067800e+06	3.80000000e+02	4.70000000e+02	7.11000000e+02
96	1.42447600e+06	3.76000000e+02	4.71000000e+02	7.12000000e+02
97	1.42799000e+06	3.76000000e+02	4.71000000e+02	7.12000000e+02
98	1.43211300e+06	3.81000000e+02	4.72000000e+02	7.14000000e+02
99	1.43600700e+06	3.79000000e+02	4.73000000e+02	7.15000000e+02
100	1.44025900e+06	3.83000000e+02	4.75000000e+02	7.17000000e+02
