Day_(movie_time)	Views	Users	Rigor	Edits
-500	0.00000000e+00	0.00000000e+00	0.00000000e+00	0.00000000e+00
-499	3.00000000e+00	0.00000000e+00	0.00000000e+00	0.00000000e+00
-498	7.00000000e+00	0.00000000e+00	0.00000000e+00	0.00000000e+00
-497	1.20000000e+01	0.00000000e+00	0.00000000e+00	0.00000000e+00
-496	1.80000000e+01	0.00000000e+00	0.00000000e+00	0.00000000e+00
-495	2.50000000e+01	0.00000000e+00	0.00000000e+00	0.00000000e+00
-494	3.10000000e+01	0.00000000e+00	0.00000000e+00	0.00000000e+00
-493	3.40000000e+01	0.00000000e+00	0.00000000e+00	0.00000000e+00
-492	3.90000000e+01	0.00000000e+00	0.00000000e+00	0.00000000e+00
-491	4.10000000e+01	0.00000000e+00	0.00000000e+00	0.00000000e+00
-490	4.30000000e+01	0.00000000e+00	0.00000000e+00	0.00000000e+00
-489	4.40000000e+01	0.00000000e+00	0.00000000e+00	0.00000000e+00
-488	4.90000000e+01	0.00000000e+00	0.00000000e+00	0.00000000e+00
-487	5.10000000e+01	0.00000000e+00	0.00000000e+00	0.00000000e+00
-486	6.30000000e+01	0.00000000e+00	0.00000000e+00	0.00000000e+00
-485	6.30000000e+01	0.00000000e+00	0.00000000e+00	0.00000000e+00
-484	6.50000000e+01	0.00000000e+00	0.00000000e+00	0.00000000e+00
-483	6.90000000e+01	0.00000000e+00	0.00000000e+00	0.00000000e+00
-482	7.40000000e+01	0.00000000e+00	0.00000000e+00	0.00000000e+00
-481	7.80000000e+01	0.00000000e+00	0.00000000e+00	0.00000000e+00
-480	8.00000000e+01	0.00000000e+00	0.00000000e+00	0.00000000e+00
-479	9.00000000e+01	0.00000000e+00	0.00000000e+00	0.00000000e+00
-478	9.80000000e+01	0.00000000e+00	0.00000000e+00	0.00000000e+00
-477	1.06000000e+02	0.00000000e+00	0.00000000e+00	0.00000000e+00
-476	1.11000000e+02	0.00000000e+00	0.00000000e+00	0.00000000e+00
-475	1.21000000e+02	0.00000000e+00	0.00000000e+00	0.00000000e+00
-474	1.27000000e+02	0.00000000e+00	0.00000000e+00	0.00000000e+00
-473	1.29000000e+02	0.00000000e+00	0.00000000e+00	0.00000000e+00
-472	1.36000000e+02	0.00000000e+00	0.00000000e+00	0.00000000e+00
-471	1.41000000e+02	0.00000000e+00	0.00000000e+00	0.00000000e+00
-470	1.48000000e+02	0.00000000e+00	0.00000000e+00	0.00000000e+00
-469	1.50000000e+02	0.00000000e+00	0.00000000e+00	0.00000000e+00
-468	1.57000000e+02	0.00000000e+00	0.00000000e+00	0.00000000e+00
-467	1.60000000e+02	0.00000000e+00	0.00000000e+00	0.00000000e+00
-466	1.66000000e+02	0.00000000e+00	0.00000000e+00	0.00000000e+00
-465	1.70000000e+02	0.00000000e+00	0.00000000e+00	0.00000000e+00
-464	1.74000000e+02	0.00000000e+00	0.00000000e+00	0.00000000e+00
-463	1.77000000e+02	0.00000000e+00	0.00000000e+00	0.00000000e+00
-462	1.82000000e+02	0.00000000e+00	0.00000000e+00	0.00000000e+00
-461	1.85000000e+02	0.00000000e+00	0.00000000e+00	0.00000000e+00
-460	1.89000000e+02	0.00000000e+00	0.00000000e+00	0.00000000e+00
-459	1.92000000e+02	0.00000000e+00	0.00000000e+00	0.00000000e+00
-458	1.96000000e+02	0.00000000e+00	0.00000000e+00	0.00000000e+00
-457	2.02000000e+02	0.00000000e+00	0.00000000e+00	0.00000000e+00
-456	2.07000000e+02	0.00000000e+00	0.00000000e+00	0.00000000e+00
-455	2.15000000e+02	0.00000000e+00	0.00000000e+00	0.00000000e+00
-454	2.15000000e+02	0.00000000e+00	0.00000000e+00	0.00000000e+00
-453	2.19000000e+02	0.00000000e+00	0.00000000e+00	0.00000000e+00
-452	2.21000000e+02	0.00000000e+00	0.00000000e+00	0.00000000e+00
-451	2.27000000e+02	0.00000000e+00	0.00000000e+00	0.00000000e+00
-450	2.28000000e+02	0.00000000e+00	0.00000000e+00	0.00000000e+00
-449	2.31000000e+02	0.00000000e+00	0.00000000e+00	0.00000000e+00
-448	2.39000000e+02	0.00000000e+00	0.00000000e+00	0.00000000e+00
-447	2.42000000e+02	0.00000000e+00	0.00000000e+00	0.00000000e+00
-446	2.44000000e+02	0.00000000e+00	0.00000000e+00	0.00000000e+00
-445	2.45000000e+02	0.00000000e+00	0.00000000e+00	0.00000000e+00
-444	2.51000000e+02	0.00000000e+00	0.00000000e+00	0.00000000e+00
-443	2.55000000e+02	0.00000000e+00	0.00000000e+00	0.00000000e+00
-442	2.62000000e+02	0.00000000e+00	0.00000000e+00	0.00000000e+00
-441	2.68000000e+02	0.00000000e+00	0.00000000e+00	0.00000000e+00
-440	2.74000000e+02	0.00000000e+00	0.00000000e+00	0.00000000e+00
-439	2.77000000e+02	0.00000000e+00	0.00000000e+00	0.00000000e+00
-438	2.80000000e+02	0.00000000e+00	0.00000000e+00	0.00000000e+00
-437	2.84000000e+02	0.00000000e+00	0.00000000e+00	0.00000000e+00
-436	2.86000000e+02	0.00000000e+00	0.00000000e+00	0.00000000e+00
-435	2.91000000e+02	0.00000000e+00	0.00000000e+00	0.00000000e+00
-434	2.95000000e+02	0.00000000e+00	0.00000000e+00	0.00000000e+00
-433	2.97000000e+02	0.00000000e+00	0.00000000e+00	0.00000000e+00
-432	3.01000000e+02	0.00000000e+00	0.00000000e+00	0.00000000e+00
-431	3.04000000e+02	0.00000000e+00	0.00000000e+00	0.00000000e+00
-430	3.05000000e+02	0.00000000e+00	0.00000000e+00	0.00000000e+00
-429	3.09000000e+02	0.00000000e+00	0.00000000e+00	0.00000000e+00
-428	3.12000000e+02	0.00000000e+00	0.00000000e+00	0.00000000e+00
-427	3.14000000e+02	0.00000000e+00	0.00000000e+00	0.00000000e+00
-426	3.19000000e+02	0.00000000e+00	0.00000000e+00	0.00000000e+00
-425	3.21000000e+02	0.00000000e+00	0.00000000e+00	0.00000000e+00
-424	3.26000000e+02	0.00000000e+00	0.00000000e+00	0.00000000e+00
-423	3.30000000e+02	0.00000000e+00	0.00000000e+00	0.00000000e+00
-422	3.34000000e+02	0.00000000e+00	0.00000000e+00	0.00000000e+00
-421	3.39000000e+02	0.00000000e+00	0.00000000e+00	0.00000000e+00
-420	3.45000000e+02	0.00000000e+00	0.00000000e+00	0.00000000e+00
-419	3.48000000e+02	0.00000000e+00	0.00000000e+00	0.00000000e+00
-418	3.51000000e+02	0.00000000e+00	0.00000000e+00	0.00000000e+00
-417	3.54000000e+02	0.00000000e+00	0.00000000e+00	0.00000000e+00
-416	3.59000000e+02	0.00000000e+00	0.00000000e+00	0.00000000e+00
-415	3.62000000e+02	0.00000000e+00	0.00000000e+00	0.00000000e+00
-414	3.66000000e+02	0.00000000e+00	0.00000000e+00	0.00000000e+00
-413	3.68000000e+02	0.00000000e+00	0.00000000e+00	0.00000000e+00
-412	3.71000000e+02	0.00000000e+00	0.00000000e+00	0.00000000e+00
-411	3.72000000e+02	0.00000000e+00	0.00000000e+00	0.00000000e+00
-410	3.78000000e+02	0.00000000e+00	0.00000000e+00	0.00000000e+00
-409	3.81000000e+02	0.00000000e+00	0.00000000e+00	0.00000000e+00
-408	3.86000000e+02	0.00000000e+00	0.00000000e+00	0.00000000e+00
-407	3.90000000e+02	0.00000000e+00	0.00000000e+00	0.00000000e+00
-406	3.93000000e+02	0.00000000e+00	0.00000000e+00	0.00000000e+00
-405	3.93000000e+02	0.00000000e+00	0.00000000e+00	0.00000000e+00
-404	3.93000000e+02	0.00000000e+00	0.00000000e+00	0.00000000e+00
-403	3.95000000e+02	0.00000000e+00	0.00000000e+00	0.00000000e+00
-402	4.01000000e+02	0.00000000e+00	0.00000000e+00	0.00000000e+00
-401	4.06000000e+02	0.00000000e+00	0.00000000e+00	0.00000000e+00
-400	4.12000000e+02	0.00000000e+00	0.00000000e+00	0.00000000e+00
-399	4.12000000e+02	0.00000000e+00	0.00000000e+00	0.00000000e+00
-398	4.16000000e+02	0.00000000e+00	0.00000000e+00	0.00000000e+00
-397	4.19000000e+02	0.00000000e+00	0.00000000e+00	0.00000000e+00
-396	4.22000000e+02	0.00000000e+00	0.00000000e+00	0.00000000e+00
-395	4.29000000e+02	0.00000000e+00	0.00000000e+00	0.00000000e+00
-394	4.34000000e+02	0.00000000e+00	0.00000000e+00	0.00000000e+00
-393	4.37000000e+02	0.00000000e+00	0.00000000e+00	0.00000000e+00
-392	4.43000000e+02	0.00000000e+00	0.00000000e+00	0.00000000e+00
-391	4.44000000e+02	0.00000000e+00	0.00000000e+00	0.00000000e+00
-390	4.45000000e+02	0.00000000e+00	0.00000000e+00	0.00000000e+00
-389	4.46000000e+02	0.00000000e+00	0.00000000e+00	0.00000000e+00
-388	4.51000000e+02	0.00000000e+00	0.00000000e+00	0.00000000e+00
-387	4.54000000e+02	0.00000000e+00	0.00000000e+00	0.00000000e+00
-386	4.96000000e+02	2.00000000e+00	2.00000000e+00	1.30000000e+01
-385	5.52000000e+02	2.00000000e+00	2.00000000e+00	1.30000000e+01
-384	6.15000000e+02	2.00000000e+00	2.00000000e+00	1.30000000e+01
-383	6.59000000e+02	2.00000000e+00	2.00000000e+00	1.30000000e+01
-382	7.05000000e+02	2.00000000e+00	2.00000000e+00	1.30000000e+01
-381	7.51000000e+02	2.00000000e+00	2.00000000e+00	1.30000000e+01
-380	7.99000000e+02	2.00000000e+00	2.00000000e+00	1.30000000e+01
-379	8.53000000e+02	2.00000000e+00	2.00000000e+00	1.30000000e+01
-378	9.04000000e+02	2.00000000e+00	2.00000000e+00	1.30000000e+01
-377	9.25000000e+02	2.00000000e+00	2.00000000e+00	1.30000000e+01
-376	9.64000000e+02	2.00000000e+00	2.00000000e+00	1.30000000e+01
-375	1.01800000e+03	2.00000000e+00	2.00000000e+00	1.30000000e+01
-374	1.07200000e+03	2.00000000e+00	2.00000000e+00	1.30000000e+01
-373	1.10700000e+03	2.00000000e+00	2.00000000e+00	1.30000000e+01
-372	1.15900000e+03	2.00000000e+00	2.00000000e+00	1.30000000e+01
-371	1.18800000e+03	2.00000000e+00	2.00000000e+00	1.30000000e+01
-370	1.23200000e+03	2.00000000e+00	2.00000000e+00	1.30000000e+01
-369	1.29200000e+03	2.00000000e+00	2.00000000e+00	1.30000000e+01
-368	1.32900000e+03	2.00000000e+00	2.00000000e+00	1.30000000e+01
-367	1.36800000e+03	2.00000000e+00	2.00000000e+00	1.30000000e+01
-366	1.41500000e+03	2.00000000e+00	2.00000000e+00	1.30000000e+01
-365	1.41500000e+03	2.00000000e+00	2.00000000e+00	1.30000000e+01
-364	1.45100000e+03	2.00000000e+00	2.00000000e+00	1.30000000e+01
-363	1.45100000e+03	2.00000000e+00	2.00000000e+00	1.30000000e+01
-362	1.45100000e+03	2.00000000e+00	2.00000000e+00	1.30000000e+01
-361	1.45100000e+03	2.00000000e+00	2.00000000e+00	1.30000000e+01
-360	1.48700000e+03	2.00000000e+00	2.00000000e+00	1.30000000e+01
-359	1.51600000e+03	2.00000000e+00	2.00000000e+00	1.30000000e+01
-358	1.56200000e+03	2.00000000e+00	2.00000000e+00	1.30000000e+01
-357	1.60600000e+03	2.00000000e+00	2.00000000e+00	1.30000000e+01
-356	1.64600000e+03	2.00000000e+00	2.00000000e+00	1.30000000e+01
-355	1.68300000e+03	2.00000000e+00	2.00000000e+00	1.30000000e+01
-354	1.73800000e+03	2.00000000e+00	2.00000000e+00	1.30000000e+01
-353	1.78400000e+03	2.00000000e+00	2.00000000e+00	1.30000000e+01
-352	1.82200000e+03	2.00000000e+00	2.00000000e+00	1.30000000e+01
-351	1.86200000e+03	2.00000000e+00	2.00000000e+00	1.30000000e+01
-350	1.90900000e+03	2.00000000e+00	2.00000000e+00	1.30000000e+01
-349	1.95900000e+03	2.00000000e+00	2.00000000e+00	1.30000000e+01
-348	1.99900000e+03	2.00000000e+00	2.00000000e+00	1.30000000e+01
-347	2.05100000e+03	2.00000000e+00	2.00000000e+00	1.30000000e+01
-346	2.09400000e+03	2.00000000e+00	2.00000000e+00	1.30000000e+01
-345	2.13800000e+03	2.00000000e+00	2.00000000e+00	1.30000000e+01
-344	2.13800000e+03	2.00000000e+00	2.00000000e+00	1.30000000e+01
-343	2.13800000e+03	2.00000000e+00	2.00000000e+00	1.30000000e+01
-342	2.13800000e+03	2.00000000e+00	2.00000000e+00	1.30000000e+01
-341	2.17000000e+03	2.00000000e+00	2.00000000e+00	1.30000000e+01
-340	2.21500000e+03	2.00000000e+00	2.00000000e+00	1.30000000e+01
-339	2.25900000e+03	2.00000000e+00	2.00000000e+00	1.30000000e+01
-338	2.29700000e+03	2.00000000e+00	2.00000000e+00	1.30000000e+01
-337	2.33600000e+03	2.00000000e+00	2.00000000e+00	1.30000000e+01
-336	2.37300000e+03	2.00000000e+00	2.00000000e+00	1.30000000e+01
-335	2.40300000e+03	2.00000000e+00	2.00000000e+00	1.30000000e+01
-334	2.42900000e+03	2.00000000e+00	2.00000000e+00	1.30000000e+01
-333	2.46800000e+03	2.00000000e+00	2.00000000e+00	1.30000000e+01
-332	2.51900000e+03	2.00000000e+00	2.00000000e+00	1.30000000e+01
-331	2.55200000e+03	2.00000000e+00	2.00000000e+00	1.30000000e+01
-330	2.59000000e+03	2.00000000e+00	2.00000000e+00	1.30000000e+01
-329	2.62000000e+03	2.00000000e+00	2.00000000e+00	1.30000000e+01
-328	2.65200000e+03	2.00000000e+00	2.00000000e+00	1.30000000e+01
-327	2.67600000e+03	2.00000000e+00	2.00000000e+00	1.30000000e+01
-326	2.71400000e+03	2.00000000e+00	2.00000000e+00	1.30000000e+01
-325	2.74800000e+03	2.00000000e+00	2.00000000e+00	1.30000000e+01
-324	2.79000000e+03	2.00000000e+00	2.00000000e+00	1.30000000e+01
-323	2.82300000e+03	2.00000000e+00	2.00000000e+00	1.30000000e+01
-322	2.84500000e+03	2.00000000e+00	2.00000000e+00	1.30000000e+01
-321	2.89000000e+03	2.00000000e+00	2.00000000e+00	1.30000000e+01
-320	2.93100000e+03	2.00000000e+00	2.00000000e+00	1.30000000e+01
-319	2.96900000e+03	2.00000000e+00	2.00000000e+00	1.30000000e+01
-318	3.03900000e+03	2.00000000e+00	2.00000000e+00	1.30000000e+01
-317	3.08500000e+03	2.00000000e+00	2.00000000e+00	1.30000000e+01
-316	3.13700000e+03	2.00000000e+00	2.00000000e+00	1.30000000e+01
-315	3.17800000e+03	2.00000000e+00	2.00000000e+00	1.30000000e+01
-314	3.21100000e+03	2.00000000e+00	2.00000000e+00	1.30000000e+01
-313	3.25200000e+03	2.00000000e+00	2.00000000e+00	1.30000000e+01
-312	3.25200000e+03	2.00000000e+00	2.00000000e+00	1.30000000e+01
-311	3.30600000e+03	2.00000000e+00	2.00000000e+00	1.30000000e+01
-310	3.34700000e+03	3.00000000e+00	3.00000000e+00	1.50000000e+01
-309	3.37700000e+03	3.00000000e+00	3.00000000e+00	1.50000000e+01
-308	3.40200000e+03	3.00000000e+00	3.00000000e+00	1.50000000e+01
-307	3.43800000e+03	3.00000000e+00	3.00000000e+00	1.50000000e+01
-306	3.46400000e+03	3.00000000e+00	3.00000000e+00	1.50000000e+01
-305	3.46400000e+03	3.00000000e+00	3.00000000e+00	1.50000000e+01
-304	3.50000000e+03	3.00000000e+00	3.00000000e+00	1.50000000e+01
-303	3.53100000e+03	3.00000000e+00	3.00000000e+00	1.50000000e+01
-302	3.55400000e+03	3.00000000e+00	3.00000000e+00	1.50000000e+01
-301	3.58300000e+03	3.00000000e+00	3.00000000e+00	1.50000000e+01
-300	3.61000000e+03	3.00000000e+00	3.00000000e+00	1.50000000e+01
-299	3.66100000e+03	3.00000000e+00	3.00000000e+00	1.50000000e+01
-298	3.71000000e+03	3.00000000e+00	3.00000000e+00	1.50000000e+01
-297	3.76900000e+03	3.00000000e+00	3.00000000e+00	1.70000000e+01
-296	3.80400000e+03	3.00000000e+00	3.00000000e+00	1.70000000e+01
-295	3.83600000e+03	3.00000000e+00	3.00000000e+00	1.70000000e+01
-294	3.87400000e+03	3.00000000e+00	3.00000000e+00	1.70000000e+01
-293	3.91600000e+03	3.00000000e+00	3.00000000e+00	1.70000000e+01
-292	3.95200000e+03	3.00000000e+00	3.00000000e+00	1.70000000e+01
-291	3.97700000e+03	3.00000000e+00	3.00000000e+00	1.70000000e+01
-290	4.03000000e+03	3.00000000e+00	3.00000000e+00	1.70000000e+01
-289	4.07700000e+03	3.00000000e+00	3.00000000e+00	1.70000000e+01
-288	4.11300000e+03	3.00000000e+00	3.00000000e+00	1.70000000e+01
-287	4.13600000e+03	3.00000000e+00	3.00000000e+00	1.70000000e+01
-286	4.16200000e+03	3.00000000e+00	3.00000000e+00	1.70000000e+01
-285	4.19900000e+03	3.00000000e+00	3.00000000e+00	1.70000000e+01
-284	4.22500000e+03	3.00000000e+00	3.00000000e+00	1.70000000e+01
-283	4.26000000e+03	3.00000000e+00	3.00000000e+00	1.70000000e+01
-282	4.29100000e+03	4.00000000e+00	5.00000000e+00	1.90000000e+01
-281	4.33400000e+03	4.00000000e+00	6.00000000e+00	2.10000000e+01
-280	4.36100000e+03	4.00000000e+00	6.00000000e+00	2.10000000e+01
-279	4.49000000e+03	4.00000000e+00	6.00000000e+00	2.30000000e+01
-278	4.51900000e+03	4.00000000e+00	6.00000000e+00	2.30000000e+01
-277	4.55100000e+03	4.00000000e+00	6.00000000e+00	2.30000000e+01
-276	4.60100000e+03	4.00000000e+00	6.00000000e+00	2.30000000e+01
-275	4.63400000e+03	4.00000000e+00	6.00000000e+00	2.30000000e+01
-274	4.68300000e+03	4.00000000e+00	6.00000000e+00	2.30000000e+01
-273	4.71700000e+03	4.00000000e+00	6.00000000e+00	2.30000000e+01
-272	4.74300000e+03	4.00000000e+00	6.00000000e+00	2.30000000e+01
-271	4.77900000e+03	4.00000000e+00	6.00000000e+00	2.30000000e+01
-270	4.81500000e+03	4.00000000e+00	6.00000000e+00	2.30000000e+01
-269	4.87100000e+03	4.00000000e+00	6.00000000e+00	2.30000000e+01
-268	4.92000000e+03	4.00000000e+00	6.00000000e+00	2.30000000e+01
-267	4.96200000e+03	4.00000000e+00	6.00000000e+00	2.30000000e+01
-266	5.03100000e+03	4.00000000e+00	6.00000000e+00	2.30000000e+01
-265	5.06500000e+03	4.00000000e+00	6.00000000e+00	2.30000000e+01
-264	5.12100000e+03	4.00000000e+00	6.00000000e+00	2.30000000e+01
-263	5.16500000e+03	4.00000000e+00	6.00000000e+00	2.30000000e+01
-262	5.20500000e+03	4.00000000e+00	6.00000000e+00	2.30000000e+01
-261	5.23600000e+03	4.00000000e+00	6.00000000e+00	2.30000000e+01
-260	5.28200000e+03	4.00000000e+00	6.00000000e+00	2.30000000e+01
-259	5.32800000e+03	4.00000000e+00	6.00000000e+00	2.30000000e+01
-258	5.36000000e+03	4.00000000e+00	6.00000000e+00	2.30000000e+01
-257	5.41700000e+03	5.00000000e+00	7.00000000e+00	2.40000000e+01
-256	5.45100000e+03	5.00000000e+00	7.00000000e+00	2.40000000e+01
-255	5.51100000e+03	5.00000000e+00	7.00000000e+00	2.40000000e+01
-254	5.54500000e+03	5.00000000e+00	7.00000000e+00	2.40000000e+01
-253	5.59400000e+03	5.00000000e+00	7.00000000e+00	2.40000000e+01
-252	5.63100000e+03	5.00000000e+00	7.00000000e+00	2.40000000e+01
-251	5.69800000e+03	5.00000000e+00	7.00000000e+00	2.40000000e+01
-250	5.74400000e+03	5.00000000e+00	7.00000000e+00	2.40000000e+01
-249	5.80100000e+03	5.00000000e+00	7.00000000e+00	2.40000000e+01
-248	5.86600000e+03	5.00000000e+00	7.00000000e+00	2.40000000e+01
-247	5.92200000e+03	5.00000000e+00	7.00000000e+00	2.40000000e+01
-246	5.96500000e+03	5.00000000e+00	7.00000000e+00	2.40000000e+01
-245	5.99100000e+03	5.00000000e+00	7.00000000e+00	2.40000000e+01
-244	6.01800000e+03	5.00000000e+00	7.00000000e+00	2.40000000e+01
-243	6.01800000e+03	5.00000000e+00	7.00000000e+00	2.40000000e+01
-242	6.01800000e+03	5.00000000e+00	7.00000000e+00	2.40000000e+01
-241	6.07500000e+03	5.00000000e+00	8.00000000e+00	2.50000000e+01
-240	6.11100000e+03	5.00000000e+00	8.00000000e+00	2.50000000e+01
-239	6.15700000e+03	5.00000000e+00	8.00000000e+00	2.50000000e+01
-238	6.19600000e+03	5.00000000e+00	8.00000000e+00	2.50000000e+01
-237	6.24500000e+03	5.00000000e+00	8.00000000e+00	2.50000000e+01
-236	6.28900000e+03	5.00000000e+00	8.00000000e+00	2.50000000e+01
-235	6.34200000e+03	5.00000000e+00	8.00000000e+00	2.50000000e+01
-234	6.39400000e+03	5.00000000e+00	8.00000000e+00	2.50000000e+01
-233	6.44400000e+03	5.00000000e+00	8.00000000e+00	2.50000000e+01
-232	6.48800000e+03	5.00000000e+00	8.00000000e+00	2.50000000e+01
-231	6.54600000e+03	5.00000000e+00	8.00000000e+00	2.50000000e+01
-230	6.59700000e+03	5.00000000e+00	8.00000000e+00	2.50000000e+01
-229	6.63800000e+03	5.00000000e+00	8.00000000e+00	2.50000000e+01
-228	6.69100000e+03	5.00000000e+00	8.00000000e+00	2.50000000e+01
-227	6.69100000e+03	5.00000000e+00	8.00000000e+00	2.50000000e+01
-226	6.72700000e+03	5.00000000e+00	8.00000000e+00	2.50000000e+01
-225	6.76900000e+03	5.00000000e+00	8.00000000e+00	2.50000000e+01
-224	6.81000000e+03	5.00000000e+00	8.00000000e+00	2.50000000e+01
-223	6.85500000e+03	5.00000000e+00	8.00000000e+00	2.50000000e+01
-222	6.90000000e+03	5.00000000e+00	8.00000000e+00	2.50000000e+01
-221	6.93300000e+03	5.00000000e+00	8.00000000e+00	2.50000000e+01
-220	6.99400000e+03	5.00000000e+00	8.00000000e+00	2.50000000e+01
-219	7.02700000e+03	5.00000000e+00	8.00000000e+00	2.50000000e+01
-218	7.06700000e+03	5.00000000e+00	8.00000000e+00	2.50000000e+01
-217	7.11600000e+03	5.00000000e+00	8.00000000e+00	2.50000000e+01
-216	7.14900000e+03	5.00000000e+00	8.00000000e+00	2.50000000e+01
-215	7.19800000e+03	5.00000000e+00	8.00000000e+00	2.50000000e+01
-214	7.25900000e+03	5.00000000e+00	8.00000000e+00	2.50000000e+01
-213	7.29700000e+03	5.00000000e+00	8.00000000e+00	2.50000000e+01
-212	7.29700000e+03	5.00000000e+00	8.00000000e+00	2.50000000e+01
-211	7.32400000e+03	5.00000000e+00	8.00000000e+00	2.50000000e+01
-210	7.34500000e+03	5.00000000e+00	8.00000000e+00	2.50000000e+01
-209	7.38200000e+03	5.00000000e+00	8.00000000e+00	2.50000000e+01
-208	7.42400000e+03	5.00000000e+00	8.00000000e+00	2.50000000e+01
-207	7.47500000e+03	5.00000000e+00	8.00000000e+00	2.50000000e+01
-206	7.51800000e+03	5.00000000e+00	8.00000000e+00	2.50000000e+01
-205	7.55200000e+03	5.00000000e+00	8.00000000e+00	2.50000000e+01
-204	7.57600000e+03	5.00000000e+00	8.00000000e+00	2.50000000e+01
-203	7.60700000e+03	6.00000000e+00	8.00000000e+00	2.60000000e+01
-202	7.64400000e+03	6.00000000e+00	8.00000000e+00	2.60000000e+01
-201	7.69600000e+03	6.00000000e+00	8.00000000e+00	2.60000000e+01
-200	7.76700000e+03	6.00000000e+00	8.00000000e+00	2.60000000e+01
-199	7.82900000e+03	6.00000000e+00	8.00000000e+00	2.60000000e+01
-198	7.86600000e+03	6.00000000e+00	8.00000000e+00	2.60000000e+01
-197	7.90200000e+03	6.00000000e+00	8.00000000e+00	2.60000000e+01
-196	7.94200000e+03	6.00000000e+00	8.00000000e+00	2.60000000e+01
-195	7.99400000e+03	6.00000000e+00	8.00000000e+00	2.60000000e+01
-194	8.03900000e+03	6.00000000e+00	8.00000000e+00	2.60000000e+01
-193	8.07200000e+03	6.00000000e+00	8.00000000e+00	2.60000000e+01
-192	8.12400000e+03	6.00000000e+00	8.00000000e+00	2.60000000e+01
-191	8.15100000e+03	6.00000000e+00	8.00000000e+00	2.60000000e+01
-190	8.18800000e+03	6.00000000e+00	8.00000000e+00	2.60000000e+01
-189	8.21300000e+03	6.00000000e+00	8.00000000e+00	2.60000000e+01
-188	8.26000000e+03	6.00000000e+00	8.00000000e+00	2.60000000e+01
-187	8.30500000e+03	6.00000000e+00	8.00000000e+00	2.60000000e+01
-186	8.34100000e+03	6.00000000e+00	8.00000000e+00	2.60000000e+01
-185	8.39100000e+03	6.00000000e+00	8.00000000e+00	2.60000000e+01
-184	8.42300000e+03	6.00000000e+00	8.00000000e+00	2.60000000e+01
-183	8.44800000e+03	6.00000000e+00	8.00000000e+00	2.60000000e+01
-182	8.47500000e+03	6.00000000e+00	8.00000000e+00	2.60000000e+01
-181	8.50500000e+03	6.00000000e+00	8.00000000e+00	2.60000000e+01
-180	8.55800000e+03	6.00000000e+00	8.00000000e+00	2.60000000e+01
-179	8.61000000e+03	6.00000000e+00	8.00000000e+00	2.60000000e+01
-178	8.65600000e+03	6.00000000e+00	8.00000000e+00	2.60000000e+01
-177	8.68700000e+03	6.00000000e+00	8.00000000e+00	2.60000000e+01
-176	8.71600000e+03	6.00000000e+00	8.00000000e+00	2.60000000e+01
-175	8.75300000e+03	6.00000000e+00	8.00000000e+00	2.60000000e+01
-174	8.79000000e+03	6.00000000e+00	8.00000000e+00	2.60000000e+01
-173	8.83100000e+03	6.00000000e+00	8.00000000e+00	2.60000000e+01
-172	8.88200000e+03	6.00000000e+00	8.00000000e+00	2.60000000e+01
-171	8.94100000e+03	6.00000000e+00	8.00000000e+00	2.60000000e+01
-170	8.97200000e+03	6.00000000e+00	8.00000000e+00	2.60000000e+01
-169	9.00600000e+03	6.00000000e+00	8.00000000e+00	2.60000000e+01
-168	9.03400000e+03	6.00000000e+00	8.00000000e+00	2.60000000e+01
-167	9.06600000e+03	6.00000000e+00	8.00000000e+00	2.60000000e+01
-166	9.11300000e+03	6.00000000e+00	8.00000000e+00	2.60000000e+01
-165	9.15900000e+03	6.00000000e+00	8.00000000e+00	2.60000000e+01
-164	9.19900000e+03	6.00000000e+00	8.00000000e+00	2.60000000e+01
-163	9.22500000e+03	6.00000000e+00	8.00000000e+00	2.60000000e+01
-162	9.25400000e+03	6.00000000e+00	8.00000000e+00	2.60000000e+01
-161	9.28300000e+03	6.00000000e+00	8.00000000e+00	2.60000000e+01
-160	9.32500000e+03	6.00000000e+00	8.00000000e+00	2.60000000e+01
-159	9.37300000e+03	6.00000000e+00	8.00000000e+00	2.60000000e+01
-158	9.40800000e+03	6.00000000e+00	8.00000000e+00	2.60000000e+01
-157	9.42900000e+03	6.00000000e+00	8.00000000e+00	2.60000000e+01
-156	9.45900000e+03	6.00000000e+00	8.00000000e+00	2.60000000e+01
-155	9.48800000e+03	6.00000000e+00	8.00000000e+00	2.60000000e+01
-154	9.53000000e+03	6.00000000e+00	8.00000000e+00	2.60000000e+01
-153	9.55700000e+03	6.00000000e+00	8.00000000e+00	2.60000000e+01
-152	9.60300000e+03	6.00000000e+00	8.00000000e+00	2.60000000e+01
-151	9.66900000e+03	6.00000000e+00	9.00000000e+00	2.70000000e+01
-150	9.75000000e+03	8.00000000e+00	1.00000000e+01	2.80000000e+01
-149	9.79400000e+03	8.00000000e+00	1.00000000e+01	2.80000000e+01
-148	9.86000000e+03	9.00000000e+00	1.10000000e+01	3.10000000e+01
-147	9.91300000e+03	9.00000000e+00	1.10000000e+01	3.10000000e+01
-146	9.95900000e+03	9.00000000e+00	1.10000000e+01	3.10000000e+01
-145	9.99900000e+03	9.00000000e+00	1.10000000e+01	3.10000000e+01
-144	1.00350000e+04	9.00000000e+00	1.10000000e+01	3.10000000e+01
-143	1.00800000e+04	9.00000000e+00	1.10000000e+01	3.10000000e+01
-142	1.01230000e+04	9.00000000e+00	1.10000000e+01	3.10000000e+01
-141	1.01610000e+04	9.00000000e+00	1.10000000e+01	3.10000000e+01
-140	1.02190000e+04	9.00000000e+00	1.10000000e+01	3.10000000e+01
-139	1.02640000e+04	9.00000000e+00	1.10000000e+01	3.10000000e+01
-138	1.03100000e+04	9.00000000e+00	1.10000000e+01	3.10000000e+01
-137	1.03490000e+04	9.00000000e+00	1.10000000e+01	3.10000000e+01
-136	1.03890000e+04	9.00000000e+00	1.10000000e+01	3.10000000e+01
-135	1.04270000e+04	9.00000000e+00	1.10000000e+01	3.10000000e+01
-134	1.04580000e+04	9.00000000e+00	1.10000000e+01	3.10000000e+01
-133	1.04920000e+04	9.00000000e+00	1.10000000e+01	3.10000000e+01
-132	1.05290000e+04	9.00000000e+00	1.10000000e+01	3.10000000e+01
-131	1.05740000e+04	9.00000000e+00	1.10000000e+01	3.10000000e+01
-130	1.06220000e+04	9.00000000e+00	1.10000000e+01	3.10000000e+01
-129	1.06670000e+04	9.00000000e+00	1.10000000e+01	3.10000000e+01
-128	1.06960000e+04	9.00000000e+00	1.10000000e+01	2.30000000e+01
-127	1.07390000e+04	9.00000000e+00	1.10000000e+01	3.10000000e+01
-126	1.07890000e+04	9.00000000e+00	1.10000000e+01	3.10000000e+01
-125	1.08290000e+04	9.00000000e+00	1.10000000e+01	3.10000000e+01
-124	1.08760000e+04	9.00000000e+00	1.10000000e+01	3.10000000e+01
-123	1.09180000e+04	9.00000000e+00	1.10000000e+01	3.10000000e+01
-122	1.09650000e+04	9.00000000e+00	1.10000000e+01	3.10000000e+01
-121	1.09980000e+04	9.00000000e+00	1.10000000e+01	3.10000000e+01
-120	1.10320000e+04	9.00000000e+00	1.10000000e+01	3.10000000e+01
-119	1.10760000e+04	9.00000000e+00	1.10000000e+01	3.10000000e+01
-118	1.11080000e+04	9.00000000e+00	1.10000000e+01	3.10000000e+01
-117	1.11590000e+04	9.00000000e+00	1.10000000e+01	3.10000000e+01
-116	1.11980000e+04	9.00000000e+00	1.10000000e+01	3.10000000e+01
-115	1.12470000e+04	9.00000000e+00	1.10000000e+01	3.10000000e+01
-114	1.12770000e+04	9.00000000e+00	1.10000000e+01	3.10000000e+01
-113	1.13180000e+04	9.00000000e+00	1.10000000e+01	3.10000000e+01
-112	1.13460000e+04	9.00000000e+00	1.10000000e+01	3.10000000e+01
-111	1.13770000e+04	9.00000000e+00	1.10000000e+01	3.10000000e+01
-110	1.14190000e+04	9.00000000e+00	1.10000000e+01	3.10000000e+01
-109	1.14620000e+04	9.00000000e+00	1.10000000e+01	3.10000000e+01
-108	1.14970000e+04	9.00000000e+00	1.10000000e+01	3.10000000e+01
-107	1.15260000e+04	9.00000000e+00	1.10000000e+01	3.10000000e+01
-106	1.15530000e+04	9.00000000e+00	1.10000000e+01	3.10000000e+01
-105	1.15870000e+04	9.00000000e+00	1.10000000e+01	3.10000000e+01
-104	1.16270000e+04	9.00000000e+00	1.20000000e+01	3.20000000e+01
-103	1.16320000e+04	9.00000000e+00	1.20000000e+01	3.20000000e+01
-102	1.16360000e+04	9.00000000e+00	1.20000000e+01	3.20000000e+01
-101	1.16430000e+04	9.00000000e+00	1.20000000e+01	3.20000000e+01
-100	1.16560000e+04	9.00000000e+00	1.20000000e+01	3.20000000e+01
-99	1.16810000e+04	9.00000000e+00	1.20000000e+01	3.20000000e+01
-98	1.17260000e+04	9.00000000e+00	1.20000000e+01	3.20000000e+01
-97	1.17590000e+04	9.00000000e+00	1.20000000e+01	3.20000000e+01
-96	1.18080000e+04	9.00000000e+00	1.20000000e+01	3.20000000e+01
-95	1.18630000e+04	1.10000000e+01	1.30000000e+01	3.30000000e+01
-94	1.19000000e+04	1.10000000e+01	1.30000000e+01	3.30000000e+01
-93	1.19380000e+04	1.10000000e+01	1.30000000e+01	3.30000000e+01
-92	1.19800000e+04	1.10000000e+01	1.30000000e+01	3.30000000e+01
-91	1.20310000e+04	1.10000000e+01	1.30000000e+01	3.30000000e+01
-90	1.20670000e+04	1.10000000e+01	1.30000000e+01	3.30000000e+01
-89	1.20670000e+04	1.10000000e+01	1.30000000e+01	3.30000000e+01
-88	1.20900000e+04	1.10000000e+01	1.30000000e+01	3.30000000e+01
-87	1.20900000e+04	1.10000000e+01	1.30000000e+01	3.30000000e+01
-86	1.21250000e+04	1.10000000e+01	1.30000000e+01	3.30000000e+01
-85	1.21620000e+04	1.10000000e+01	1.30000000e+01	3.30000000e+01
-84	1.22070000e+04	1.10000000e+01	1.30000000e+01	3.30000000e+01
-83	1.22440000e+04	1.10000000e+01	1.30000000e+01	3.30000000e+01
-82	1.22840000e+04	1.10000000e+01	1.40000000e+01	3.40000000e+01
-81	1.23420000e+04	1.10000000e+01	1.40000000e+01	3.40000000e+01
-80	1.23420000e+04	1.10000000e+01	1.40000000e+01	3.40000000e+01
-79	1.23830000e+04	1.10000000e+01	1.40000000e+01	3.40000000e+01
-78	1.23830000e+04	1.10000000e+01	1.40000000e+01	3.40000000e+01
-77	1.23830000e+04	1.10000000e+01	1.40000000e+01	3.40000000e+01
-76	1.23830000e+04	1.10000000e+01	1.40000000e+01	3.40000000e+01
-75	1.23830000e+04	1.10000000e+01	1.40000000e+01	3.40000000e+01
-74	1.24100000e+04	1.10000000e+01	1.40000000e+01	3.40000000e+01
-73	1.24380000e+04	1.10000000e+01	1.40000000e+01	3.40000000e+01
-72	1.24710000e+04	1.10000000e+01	1.40000000e+01	3.40000000e+01
-71	1.25080000e+04	1.10000000e+01	1.40000000e+01	3.40000000e+01
-70	1.25410000e+04	1.10000000e+01	1.40000000e+01	3.40000000e+01
-69	1.25630000e+04	1.10000000e+01	1.40000000e+01	3.40000000e+01
-68	1.25860000e+04	1.10000000e+01	1.40000000e+01	3.40000000e+01
-67	1.26380000e+04	1.10000000e+01	1.40000000e+01	3.40000000e+01
-66	1.26770000e+04	1.10000000e+01	1.40000000e+01	3.40000000e+01
-65	1.27090000e+04	1.10000000e+01	1.40000000e+01	3.40000000e+01
-64	1.27440000e+04	1.10000000e+01	1.40000000e+01	3.40000000e+01
-63	1.28060000e+04	1.10000000e+01	1.40000000e+01	3.40000000e+01
-62	1.28600000e+04	1.10000000e+01	1.40000000e+01	3.40000000e+01
-61	1.29220000e+04	1.10000000e+01	1.40000000e+01	3.40000000e+01
-60	1.29740000e+04	1.10000000e+01	1.40000000e+01	3.40000000e+01
-59	1.30330000e+04	1.10000000e+01	1.40000000e+01	3.40000000e+01
-58	1.30890000e+04	1.10000000e+01	1.40000000e+01	3.40000000e+01
-57	1.31480000e+04	1.10000000e+01	1.40000000e+01	3.40000000e+01
-56	1.31830000e+04	1.10000000e+01	1.40000000e+01	3.40000000e+01
-55	1.32280000e+04	1.10000000e+01	1.40000000e+01	3.40000000e+01
-54	1.32620000e+04	1.10000000e+01	1.40000000e+01	3.40000000e+01
-53	1.33120000e+04	1.10000000e+01	1.40000000e+01	3.40000000e+01
-52	1.33760000e+04	1.10000000e+01	1.40000000e+01	3.40000000e+01
-51	1.34520000e+04	1.10000000e+01	1.40000000e+01	3.40000000e+01
-50	1.34930000e+04	1.10000000e+01	1.40000000e+01	3.40000000e+01
-49	1.35340000e+04	1.10000000e+01	1.40000000e+01	3.40000000e+01
-48	1.35740000e+04	1.10000000e+01	1.40000000e+01	3.40000000e+01
-47	1.36140000e+04	1.10000000e+01	1.40000000e+01	3.40000000e+01
-46	1.36780000e+04	1.10000000e+01	1.40000000e+01	3.40000000e+01
-45	1.38100000e+04	1.10000000e+01	1.40000000e+01	3.40000000e+01
-44	1.39090000e+04	1.10000000e+01	1.40000000e+01	3.40000000e+01
-43	1.39770000e+04	1.10000000e+01	1.40000000e+01	3.40000000e+01
-42	1.40360000e+04	1.10000000e+01	1.40000000e+01	3.40000000e+01
-41	1.40920000e+04	1.10000000e+01	1.40000000e+01	3.40000000e+01
-40	1.41590000e+04	1.10000000e+01	1.40000000e+01	3.40000000e+01
-39	1.41960000e+04	1.10000000e+01	1.40000000e+01	3.40000000e+01
-38	1.42680000e+04	1.10000000e+01	1.40000000e+01	3.40000000e+01
-37	1.43550000e+04	1.10000000e+01	1.40000000e+01	3.40000000e+01
-36	1.44440000e+04	1.10000000e+01	1.40000000e+01	3.40000000e+01
-35	1.45670000e+04	1.10000000e+01	1.40000000e+01	3.40000000e+01
-34	1.49370000e+04	1.10000000e+01	1.40000000e+01	3.40000000e+01
-33	1.51900000e+04	1.10000000e+01	1.40000000e+01	3.40000000e+01
-32	1.54250000e+04	1.10000000e+01	1.40000000e+01	3.40000000e+01
-31	1.56840000e+04	1.10000000e+01	1.40000000e+01	3.40000000e+01
-30	1.59340000e+04	1.10000000e+01	1.40000000e+01	3.40000000e+01
-29	1.60900000e+04	1.10000000e+01	1.40000000e+01	3.40000000e+01
-28	1.61940000e+04	1.10000000e+01	1.40000000e+01	3.40000000e+01
-27	1.62900000e+04	1.10000000e+01	1.40000000e+01	3.40000000e+01
-26	1.64080000e+04	1.10000000e+01	1.40000000e+01	3.40000000e+01
-25	1.64770000e+04	1.10000000e+01	1.40000000e+01	3.40000000e+01
-24	1.65810000e+04	1.10000000e+01	1.40000000e+01	3.40000000e+01
-23	1.67020000e+04	1.10000000e+01	1.40000000e+01	3.40000000e+01
-22	1.67780000e+04	1.10000000e+01	1.40000000e+01	3.40000000e+01
-21	1.69090000e+04	1.20000000e+01	1.50000000e+01	3.50000000e+01
-20	1.70280000e+04	1.20000000e+01	1.50000000e+01	3.50000000e+01
-19	1.71380000e+04	1.20000000e+01	1.50000000e+01	3.50000000e+01
-18	1.72270000e+04	1.20000000e+01	1.50000000e+01	3.50000000e+01
-17	1.73350000e+04	1.20000000e+01	1.50000000e+01	3.50000000e+01
-16	1.74560000e+04	1.20000000e+01	1.50000000e+01	3.50000000e+01
-15	1.75870000e+04	1.20000000e+01	1.50000000e+01	3.50000000e+01
-14	1.77130000e+04	1.20000000e+01	1.50000000e+01	3.50000000e+01
-13	1.78760000e+04	1.20000000e+01	1.50000000e+01	3.50000000e+01
-12	1.80330000e+04	1.20000000e+01	1.50000000e+01	3.50000000e+01
-11	1.81680000e+04	1.20000000e+01	1.50000000e+01	3.50000000e+01
-10	1.83280000e+04	1.20000000e+01	1.50000000e+01	3.50000000e+01
-9	1.89870000e+04	1.20000000e+01	1.50000000e+01	3.50000000e+01
-8	1.92390000e+04	1.20000000e+01	1.50000000e+01	3.50000000e+01
-7	1.93830000e+04	1.20000000e+01	1.50000000e+01	3.50000000e+01
-6	1.99080000e+04	1.30000000e+01	1.60000000e+01	3.60000000e+01
-5	2.10100000e+04	1.50000000e+01	1.80000000e+01	3.80000000e+01
-4	2.18590000e+04	1.50000000e+01	1.80000000e+01	3.80000000e+01
-3	2.27190000e+04	1.50000000e+01	1.80000000e+01	3.80000000e+01
-2	2.33340000e+04	1.50000000e+01	1.80000000e+01	3.80000000e+01
-1	2.39800000e+04	1.50000000e+01	1.80000000e+01	3.80000000e+01
0	2.44820000e+04	1.50000000e+01	1.80000000e+01	3.80000000e+01
1	2.53560000e+04	1.50000000e+01	1.80000000e+01	3.80000000e+01
2	2.60960000e+04	1.50000000e+01	1.80000000e+01	3.80000000e+01
3	2.66280000e+04	1.50000000e+01	1.80000000e+01	3.80000000e+01
4	2.71720000e+04	1.50000000e+01	1.80000000e+01	3.80000000e+01
5	2.75830000e+04	1.50000000e+01	1.80000000e+01	3.80000000e+01
6	2.79700000e+04	1.50000000e+01	1.80000000e+01	3.80000000e+01
7	2.83480000e+04	1.50000000e+01	1.80000000e+01	3.80000000e+01
8	2.87050000e+04	1.50000000e+01	1.80000000e+01	3.80000000e+01
9	2.90470000e+04	1.50000000e+01	1.80000000e+01	3.80000000e+01
10	2.93530000e+04	1.50000000e+01	1.80000000e+01	3.80000000e+01
11	2.96090000e+04	1.50000000e+01	1.80000000e+01	3.80000000e+01
12	2.98050000e+04	1.50000000e+01	1.80000000e+01	3.80000000e+01
13	3.01740000e+04	1.50000000e+01	1.80000000e+01	3.80000000e+01
14	3.04080000e+04	1.50000000e+01	1.80000000e+01	3.80000000e+01
15	3.07360000e+04	1.50000000e+01	1.80000000e+01	3.80000000e+01
16	3.11900000e+04	1.60000000e+01	1.90000000e+01	3.90000000e+01
17	3.14890000e+04	1.60000000e+01	1.90000000e+01	3.90000000e+01
18	3.18150000e+04	1.60000000e+01	1.90000000e+01	3.90000000e+01
19	3.20690000e+04	1.70000000e+01	2.00000000e+01	4.00000000e+01
20	3.22690000e+04	1.80000000e+01	2.10000000e+01	4.10000000e+01
21	3.24440000e+04	1.80000000e+01	2.10000000e+01	4.10000000e+01
22	3.26750000e+04	1.80000000e+01	2.10000000e+01	4.10000000e+01
23	3.28790000e+04	1.80000000e+01	2.10000000e+01	4.10000000e+01
24	3.30970000e+04	1.80000000e+01	2.10000000e+01	4.10000000e+01
25	3.32970000e+04	1.80000000e+01	2.10000000e+01	4.10000000e+01
26	3.34720000e+04	1.80000000e+01	2.10000000e+01	4.10000000e+01
27	3.36370000e+04	1.80000000e+01	2.10000000e+01	4.10000000e+01
28	3.37890000e+04	1.80000000e+01	2.10000000e+01	4.10000000e+01
29	3.39430000e+04	1.80000000e+01	2.10000000e+01	4.10000000e+01
30	3.40740000e+04	1.80000000e+01	2.10000000e+01	4.10000000e+01
31	3.42300000e+04	1.80000000e+01	2.10000000e+01	4.10000000e+01
32	3.44150000e+04	1.80000000e+01	2.10000000e+01	4.10000000e+01
33	3.45650000e+04	1.80000000e+01	2.10000000e+01	4.10000000e+01
34	3.47090000e+04	1.80000000e+01	2.10000000e+01	4.10000000e+01
35	3.48560000e+04	1.80000000e+01	2.10000000e+01	4.10000000e+01
36	3.50010000e+04	1.80000000e+01	2.10000000e+01	4.10000000e+01
37	3.51490000e+04	1.80000000e+01	2.10000000e+01	4.10000000e+01
38	3.52780000e+04	1.80000000e+01	2.10000000e+01	4.10000000e+01
39	3.54270000e+04	1.80000000e+01	2.10000000e+01	4.10000000e+01
40	3.55650000e+04	1.80000000e+01	2.10000000e+01	4.10000000e+01
41	3.56730000e+04	1.80000000e+01	2.10000000e+01	4.10000000e+01
42	3.57970000e+04	1.80000000e+01	2.10000000e+01	4.10000000e+01
43	3.59550000e+04	1.80000000e+01	2.10000000e+01	4.10000000e+01
44	3.60740000e+04	1.80000000e+01	2.10000000e+01	4.10000000e+01
45	3.62400000e+04	1.80000000e+01	2.10000000e+01	4.10000000e+01
46	3.63800000e+04	1.80000000e+01	2.10000000e+01	4.10000000e+01
47	3.64970000e+04	1.80000000e+01	2.10000000e+01	4.10000000e+01
48	3.66120000e+04	1.80000000e+01	2.10000000e+01	4.10000000e+01
49	3.67210000e+04	1.80000000e+01	2.10000000e+01	4.10000000e+01
50	3.68310000e+04	1.80000000e+01	2.10000000e+01	4.10000000e+01
51	3.69460000e+04	1.80000000e+01	2.10000000e+01	4.10000000e+01
52	3.70660000e+04	1.80000000e+01	2.10000000e+01	4.10000000e+01
53	3.71710000e+04	1.80000000e+01	2.10000000e+01	4.10000000e+01
54	3.72610000e+04	1.80000000e+01	2.10000000e+01	4.10000000e+01
55	3.73420000e+04	1.80000000e+01	2.10000000e+01	4.10000000e+01
56	3.74400000e+04	1.80000000e+01	2.10000000e+01	4.10000000e+01
57	3.75440000e+04	1.80000000e+01	2.10000000e+01	4.10000000e+01
58	3.76320000e+04	1.80000000e+01	2.10000000e+01	4.10000000e+01
59	3.77530000e+04	1.80000000e+01	2.10000000e+01	4.10000000e+01
60	3.78390000e+04	1.80000000e+01	2.10000000e+01	4.10000000e+01
61	3.79420000e+04	1.80000000e+01	2.10000000e+01	4.10000000e+01
62	3.80440000e+04	1.80000000e+01	2.10000000e+01	4.10000000e+01
63	3.81600000e+04	1.80000000e+01	2.10000000e+01	4.10000000e+01
64	3.82550000e+04	1.80000000e+01	2.10000000e+01	4.10000000e+01
65	3.83620000e+04	1.80000000e+01	2.10000000e+01	4.10000000e+01
66	3.84900000e+04	1.80000000e+01	2.10000000e+01	4.10000000e+01
67	3.86340000e+04	1.80000000e+01	2.10000000e+01	4.10000000e+01
68	3.87590000e+04	1.80000000e+01	2.10000000e+01	4.10000000e+01
69	3.88710000e+04	1.80000000e+01	2.10000000e+01	4.10000000e+01
70	3.89820000e+04	1.80000000e+01	2.10000000e+01	4.10000000e+01
71	3.91250000e+04	1.90000000e+01	2.20000000e+01	4.20000000e+01
72	3.92380000e+04	1.90000000e+01	2.20000000e+01	4.20000000e+01
73	3.93770000e+04	1.90000000e+01	2.20000000e+01	4.20000000e+01
74	3.94870000e+04	1.90000000e+01	2.20000000e+01	4.20000000e+01
75	3.95930000e+04	1.90000000e+01	2.20000000e+01	4.20000000e+01
76	3.97040000e+04	1.90000000e+01	2.20000000e+01	4.20000000e+01
77	3.98250000e+04	1.90000000e+01	2.20000000e+01	4.20000000e+01
78	3.99500000e+04	1.90000000e+01	2.20000000e+01	4.20000000e+01
79	4.00740000e+04	1.90000000e+01	2.20000000e+01	4.20000000e+01
80	4.01930000e+04	1.90000000e+01	2.20000000e+01	4.20000000e+01
81	4.03120000e+04	1.90000000e+01	2.20000000e+01	4.20000000e+01
82	4.04670000e+04	1.90000000e+01	2.20000000e+01	4.20000000e+01
83	4.06270000e+04	1.90000000e+01	2.20000000e+01	4.20000000e+01
84	4.07330000e+04	1.90000000e+01	2.20000000e+01	4.20000000e+01
85	4.08660000e+04	1.90000000e+01	2.20000000e+01	4.20000000e+01
86	4.09860000e+04	1.90000000e+01	2.20000000e+01	4.20000000e+01
87	4.11150000e+04	1.90000000e+01	2.20000000e+01	4.20000000e+01
88	4.12660000e+04	1.90000000e+01	2.20000000e+01	4.20000000e+01
89	4.13770000e+04	1.90000000e+01	2.20000000e+01	4.20000000e+01
90	4.15210000e+04	1.90000000e+01	2.20000000e+01	4.20000000e+01
91	4.16590000e+04	1.90000000e+01	2.20000000e+01	4.20000000e+01
92	4.18080000e+04	1.90000000e+01	2.20000000e+01	4.20000000e+01
93	4.19000000e+04	1.90000000e+01	2.20000000e+01	4.20000000e+01
94	4.20430000e+04	1.90000000e+01	2.20000000e+01	4.20000000e+01
95	4.21890000e+04	1.90000000e+01	2.20000000e+01	4.20000000e+01
96	4.23260000e+04	1.90000000e+01	2.20000000e+01	4.20000000e+01
97	4.24760000e+04	1.90000000e+01	2.20000000e+01	4.20000000e+01
98	4.26130000e+04	1.90000000e+01	2.20000000e+01	4.20000000e+01
99	4.27580000e+04	1.90000000e+01	2.20000000e+01	4.20000000e+01
100	4.28920000e+04	1.90000000e+01	2.20000000e+01	4.20000000e+01
