Day_(movie_time)	Views	Users	Rigor	Edits
-500	0.00000000e+00	0.00000000e+00	0.00000000e+00	0.00000000e+00
-499	0.00000000e+00	0.00000000e+00	0.00000000e+00	0.00000000e+00
-498	0.00000000e+00	0.00000000e+00	0.00000000e+00	0.00000000e+00
-497	0.00000000e+00	0.00000000e+00	0.00000000e+00	0.00000000e+00
-496	0.00000000e+00	0.00000000e+00	0.00000000e+00	0.00000000e+00
-495	0.00000000e+00	0.00000000e+00	0.00000000e+00	0.00000000e+00
-494	0.00000000e+00	0.00000000e+00	0.00000000e+00	0.00000000e+00
-493	0.00000000e+00	0.00000000e+00	0.00000000e+00	0.00000000e+00
-492	0.00000000e+00	0.00000000e+00	0.00000000e+00	0.00000000e+00
-491	0.00000000e+00	0.00000000e+00	0.00000000e+00	0.00000000e+00
-490	0.00000000e+00	0.00000000e+00	0.00000000e+00	0.00000000e+00
-489	0.00000000e+00	0.00000000e+00	0.00000000e+00	0.00000000e+00
-488	0.00000000e+00	0.00000000e+00	0.00000000e+00	0.00000000e+00
-487	0.00000000e+00	0.00000000e+00	0.00000000e+00	0.00000000e+00
-486	0.00000000e+00	0.00000000e+00	0.00000000e+00	0.00000000e+00
-485	0.00000000e+00	0.00000000e+00	0.00000000e+00	0.00000000e+00
-484	0.00000000e+00	0.00000000e+00	0.00000000e+00	0.00000000e+00
-483	0.00000000e+00	0.00000000e+00	0.00000000e+00	0.00000000e+00
-482	0.00000000e+00	0.00000000e+00	0.00000000e+00	0.00000000e+00
-481	0.00000000e+00	0.00000000e+00	0.00000000e+00	0.00000000e+00
-480	0.00000000e+00	0.00000000e+00	0.00000000e+00	0.00000000e+00
-479	0.00000000e+00	0.00000000e+00	0.00000000e+00	0.00000000e+00
-478	0.00000000e+00	0.00000000e+00	0.00000000e+00	0.00000000e+00
-477	0.00000000e+00	0.00000000e+00	0.00000000e+00	0.00000000e+00
-476	0.00000000e+00	0.00000000e+00	0.00000000e+00	0.00000000e+00
-475	0.00000000e+00	0.00000000e+00	0.00000000e+00	0.00000000e+00
-474	0.00000000e+00	0.00000000e+00	0.00000000e+00	0.00000000e+00
-473	0.00000000e+00	0.00000000e+00	0.00000000e+00	0.00000000e+00
-472	0.00000000e+00	0.00000000e+00	0.00000000e+00	0.00000000e+00
-471	0.00000000e+00	0.00000000e+00	0.00000000e+00	0.00000000e+00
-470	0.00000000e+00	0.00000000e+00	0.00000000e+00	0.00000000e+00
-469	0.00000000e+00	0.00000000e+00	0.00000000e+00	0.00000000e+00
-468	0.00000000e+00	0.00000000e+00	0.00000000e+00	0.00000000e+00
-467	0.00000000e+00	0.00000000e+00	0.00000000e+00	0.00000000e+00
-466	0.00000000e+00	0.00000000e+00	0.00000000e+00	0.00000000e+00
-465	0.00000000e+00	0.00000000e+00	0.00000000e+00	0.00000000e+00
-464	0.00000000e+00	0.00000000e+00	0.00000000e+00	0.00000000e+00
-463	0.00000000e+00	0.00000000e+00	0.00000000e+00	0.00000000e+00
-462	0.00000000e+00	0.00000000e+00	0.00000000e+00	0.00000000e+00
-461	0.00000000e+00	0.00000000e+00	0.00000000e+00	0.00000000e+00
-460	0.00000000e+00	0.00000000e+00	0.00000000e+00	0.00000000e+00
-459	0.00000000e+00	0.00000000e+00	0.00000000e+00	0.00000000e+00
-458	0.00000000e+00	0.00000000e+00	0.00000000e+00	0.00000000e+00
-457	0.00000000e+00	0.00000000e+00	0.00000000e+00	0.00000000e+00
-456	0.00000000e+00	0.00000000e+00	0.00000000e+00	0.00000000e+00
-455	0.00000000e+00	0.00000000e+00	0.00000000e+00	0.00000000e+00
-454	0.00000000e+00	0.00000000e+00	0.00000000e+00	0.00000000e+00
-453	0.00000000e+00	0.00000000e+00	0.00000000e+00	0.00000000e+00
-452	0.00000000e+00	0.00000000e+00	0.00000000e+00	0.00000000e+00
-451	0.00000000e+00	0.00000000e+00	0.00000000e+00	0.00000000e+00
-450	0.00000000e+00	0.00000000e+00	0.00000000e+00	0.00000000e+00
-449	0.00000000e+00	0.00000000e+00	0.00000000e+00	0.00000000e+00
-448	0.00000000e+00	0.00000000e+00	0.00000000e+00	0.00000000e+00
-447	0.00000000e+00	0.00000000e+00	0.00000000e+00	0.00000000e+00
-446	0.00000000e+00	0.00000000e+00	0.00000000e+00	0.00000000e+00
-445	0.00000000e+00	0.00000000e+00	0.00000000e+00	0.00000000e+00
-444	0.00000000e+00	0.00000000e+00	0.00000000e+00	0.00000000e+00
-443	0.00000000e+00	0.00000000e+00	0.00000000e+00	0.00000000e+00
-442	0.00000000e+00	0.00000000e+00	0.00000000e+00	0.00000000e+00
-441	0.00000000e+00	0.00000000e+00	0.00000000e+00	0.00000000e+00
-440	0.00000000e+00	0.00000000e+00	0.00000000e+00	0.00000000e+00
-439	0.00000000e+00	0.00000000e+00	0.00000000e+00	0.00000000e+00
-438	0.00000000e+00	0.00000000e+00	0.00000000e+00	0.00000000e+00
-437	0.00000000e+00	0.00000000e+00	0.00000000e+00	0.00000000e+00
-436	0.00000000e+00	0.00000000e+00	0.00000000e+00	0.00000000e+00
-435	0.00000000e+00	0.00000000e+00	0.00000000e+00	0.00000000e+00
-434	0.00000000e+00	0.00000000e+00	0.00000000e+00	0.00000000e+00
-433	0.00000000e+00	0.00000000e+00	0.00000000e+00	0.00000000e+00
-432	0.00000000e+00	0.00000000e+00	0.00000000e+00	0.00000000e+00
-431	0.00000000e+00	0.00000000e+00	0.00000000e+00	0.00000000e+00
-430	0.00000000e+00	0.00000000e+00	0.00000000e+00	0.00000000e+00
-429	0.00000000e+00	0.00000000e+00	0.00000000e+00	0.00000000e+00
-428	0.00000000e+00	0.00000000e+00	0.00000000e+00	0.00000000e+00
-427	0.00000000e+00	0.00000000e+00	0.00000000e+00	0.00000000e+00
-426	0.00000000e+00	0.00000000e+00	0.00000000e+00	0.00000000e+00
-425	0.00000000e+00	0.00000000e+00	0.00000000e+00	0.00000000e+00
-424	0.00000000e+00	0.00000000e+00	0.00000000e+00	0.00000000e+00
-423	0.00000000e+00	0.00000000e+00	0.00000000e+00	0.00000000e+00
-422	0.00000000e+00	0.00000000e+00	0.00000000e+00	0.00000000e+00
-421	0.00000000e+00	0.00000000e+00	0.00000000e+00	0.00000000e+00
-420	0.00000000e+00	0.00000000e+00	0.00000000e+00	0.00000000e+00
-419	0.00000000e+00	0.00000000e+00	0.00000000e+00	0.00000000e+00
-418	0.00000000e+00	0.00000000e+00	0.00000000e+00	0.00000000e+00
-417	0.00000000e+00	0.00000000e+00	0.00000000e+00	0.00000000e+00
-416	0.00000000e+00	0.00000000e+00	0.00000000e+00	0.00000000e+00
-415	0.00000000e+00	0.00000000e+00	0.00000000e+00	0.00000000e+00
-414	0.00000000e+00	0.00000000e+00	0.00000000e+00	0.00000000e+00
-413	0.00000000e+00	0.00000000e+00	0.00000000e+00	0.00000000e+00
-412	0.00000000e+00	0.00000000e+00	0.00000000e+00	0.00000000e+00
-411	0.00000000e+00	0.00000000e+00	0.00000000e+00	0.00000000e+00
-410	0.00000000e+00	0.00000000e+00	0.00000000e+00	0.00000000e+00
-409	0.00000000e+00	0.00000000e+00	0.00000000e+00	0.00000000e+00
-408	0.00000000e+00	0.00000000e+00	0.00000000e+00	0.00000000e+00
-407	0.00000000e+00	0.00000000e+00	0.00000000e+00	0.00000000e+00
-406	0.00000000e+00	0.00000000e+00	0.00000000e+00	0.00000000e+00
-405	0.00000000e+00	0.00000000e+00	0.00000000e+00	0.00000000e+00
-404	0.00000000e+00	0.00000000e+00	0.00000000e+00	0.00000000e+00
-403	0.00000000e+00	0.00000000e+00	0.00000000e+00	0.00000000e+00
-402	0.00000000e+00	0.00000000e+00	0.00000000e+00	0.00000000e+00
-401	0.00000000e+00	0.00000000e+00	0.00000000e+00	0.00000000e+00
-400	0.00000000e+00	0.00000000e+00	0.00000000e+00	0.00000000e+00
-399	0.00000000e+00	0.00000000e+00	0.00000000e+00	0.00000000e+00
-398	0.00000000e+00	0.00000000e+00	0.00000000e+00	0.00000000e+00
-397	0.00000000e+00	0.00000000e+00	0.00000000e+00	0.00000000e+00
-396	0.00000000e+00	0.00000000e+00	0.00000000e+00	0.00000000e+00
-395	0.00000000e+00	0.00000000e+00	0.00000000e+00	0.00000000e+00
-394	0.00000000e+00	0.00000000e+00	0.00000000e+00	0.00000000e+00
-393	0.00000000e+00	0.00000000e+00	0.00000000e+00	0.00000000e+00
-392	0.00000000e+00	0.00000000e+00	0.00000000e+00	0.00000000e+00
-391	0.00000000e+00	0.00000000e+00	0.00000000e+00	0.00000000e+00
-390	0.00000000e+00	0.00000000e+00	0.00000000e+00	0.00000000e+00
-389	0.00000000e+00	0.00000000e+00	0.00000000e+00	0.00000000e+00
-388	0.00000000e+00	0.00000000e+00	0.00000000e+00	0.00000000e+00
-387	0.00000000e+00	0.00000000e+00	0.00000000e+00	0.00000000e+00
-386	0.00000000e+00	0.00000000e+00	0.00000000e+00	0.00000000e+00
-385	0.00000000e+00	0.00000000e+00	0.00000000e+00	0.00000000e+00
-384	0.00000000e+00	0.00000000e+00	0.00000000e+00	0.00000000e+00
-383	1.30000000e+01	0.00000000e+00	0.00000000e+00	0.00000000e+00
-382	6.90000000e+01	0.00000000e+00	0.00000000e+00	0.00000000e+00
-381	2.30000000e+02	0.00000000e+00	0.00000000e+00	0.00000000e+00
-380	4.60000000e+02	0.00000000e+00	0.00000000e+00	0.00000000e+00
-379	6.09000000e+02	0.00000000e+00	0.00000000e+00	0.00000000e+00
-378	7.43000000e+02	0.00000000e+00	0.00000000e+00	0.00000000e+00
-377	8.60000000e+02	0.00000000e+00	0.00000000e+00	0.00000000e+00
-376	1.00000000e+03	0.00000000e+00	0.00000000e+00	0.00000000e+00
-375	1.12200000e+03	0.00000000e+00	0.00000000e+00	0.00000000e+00
-374	1.27200000e+03	0.00000000e+00	0.00000000e+00	0.00000000e+00
-373	1.38400000e+03	0.00000000e+00	0.00000000e+00	0.00000000e+00
-372	1.47900000e+03	0.00000000e+00	0.00000000e+00	0.00000000e+00
-371	1.55300000e+03	0.00000000e+00	0.00000000e+00	0.00000000e+00
-370	1.64600000e+03	0.00000000e+00	0.00000000e+00	0.00000000e+00
-369	1.75400000e+03	0.00000000e+00	0.00000000e+00	0.00000000e+00
-368	1.91700000e+03	0.00000000e+00	0.00000000e+00	0.00000000e+00
-367	2.06900000e+03	0.00000000e+00	0.00000000e+00	0.00000000e+00
-366	2.23500000e+03	0.00000000e+00	0.00000000e+00	0.00000000e+00
-365	2.34100000e+03	0.00000000e+00	0.00000000e+00	0.00000000e+00
-364	2.41200000e+03	0.00000000e+00	0.00000000e+00	0.00000000e+00
-363	2.50400000e+03	0.00000000e+00	0.00000000e+00	0.00000000e+00
-362	2.60100000e+03	0.00000000e+00	0.00000000e+00	0.00000000e+00
-361	2.71400000e+03	0.00000000e+00	0.00000000e+00	0.00000000e+00
-360	2.79700000e+03	0.00000000e+00	0.00000000e+00	0.00000000e+00
-359	2.88700000e+03	0.00000000e+00	0.00000000e+00	0.00000000e+00
-358	2.96900000e+03	0.00000000e+00	0.00000000e+00	0.00000000e+00
-357	3.05100000e+03	0.00000000e+00	0.00000000e+00	0.00000000e+00
-356	3.14000000e+03	0.00000000e+00	0.00000000e+00	0.00000000e+00
-355	3.23900000e+03	0.00000000e+00	0.00000000e+00	0.00000000e+00
-354	3.34100000e+03	0.00000000e+00	0.00000000e+00	0.00000000e+00
-353	3.42600000e+03	0.00000000e+00	0.00000000e+00	0.00000000e+00
-352	3.49200000e+03	0.00000000e+00	0.00000000e+00	0.00000000e+00
-351	3.49200000e+03	0.00000000e+00	0.00000000e+00	0.00000000e+00
-350	3.56500000e+03	0.00000000e+00	0.00000000e+00	0.00000000e+00
-349	3.56500000e+03	0.00000000e+00	0.00000000e+00	0.00000000e+00
-348	3.56500000e+03	0.00000000e+00	0.00000000e+00	0.00000000e+00
-347	3.56500000e+03	0.00000000e+00	0.00000000e+00	0.00000000e+00
-346	3.64200000e+03	0.00000000e+00	0.00000000e+00	0.00000000e+00
-345	3.70000000e+03	0.00000000e+00	0.00000000e+00	0.00000000e+00
-344	3.76700000e+03	0.00000000e+00	0.00000000e+00	0.00000000e+00
-343	3.83500000e+03	0.00000000e+00	0.00000000e+00	0.00000000e+00
-342	3.91900000e+03	0.00000000e+00	0.00000000e+00	0.00000000e+00
-341	4.02000000e+03	0.00000000e+00	0.00000000e+00	0.00000000e+00
-340	4.12300000e+03	0.00000000e+00	0.00000000e+00	0.00000000e+00
-339	4.20100000e+03	0.00000000e+00	0.00000000e+00	0.00000000e+00
-338	4.27400000e+03	0.00000000e+00	0.00000000e+00	0.00000000e+00
-337	4.35900000e+03	0.00000000e+00	0.00000000e+00	0.00000000e+00
-336	4.42800000e+03	0.00000000e+00	0.00000000e+00	0.00000000e+00
-335	4.51400000e+03	0.00000000e+00	0.00000000e+00	0.00000000e+00
-334	4.59700000e+03	0.00000000e+00	0.00000000e+00	0.00000000e+00
-333	4.69000000e+03	0.00000000e+00	0.00000000e+00	0.00000000e+00
-332	4.79800000e+03	0.00000000e+00	0.00000000e+00	0.00000000e+00
-331	4.87800000e+03	0.00000000e+00	0.00000000e+00	0.00000000e+00
-330	4.87800000e+03	0.00000000e+00	0.00000000e+00	0.00000000e+00
-329	4.87800000e+03	0.00000000e+00	0.00000000e+00	0.00000000e+00
-328	4.87800000e+03	0.00000000e+00	0.00000000e+00	0.00000000e+00
-327	4.95400000e+03	0.00000000e+00	0.00000000e+00	0.00000000e+00
-326	5.04800000e+03	0.00000000e+00	0.00000000e+00	0.00000000e+00
-325	5.11100000e+03	0.00000000e+00	0.00000000e+00	0.00000000e+00
-324	5.18300000e+03	0.00000000e+00	0.00000000e+00	0.00000000e+00
-323	5.26800000e+03	0.00000000e+00	0.00000000e+00	0.00000000e+00
-322	5.35800000e+03	0.00000000e+00	0.00000000e+00	0.00000000e+00
-321	5.46000000e+03	0.00000000e+00	0.00000000e+00	0.00000000e+00
-320	5.55700000e+03	0.00000000e+00	0.00000000e+00	0.00000000e+00
-319	5.66500000e+03	0.00000000e+00	0.00000000e+00	0.00000000e+00
-318	5.73500000e+03	0.00000000e+00	0.00000000e+00	0.00000000e+00
-317	5.81800000e+03	0.00000000e+00	0.00000000e+00	0.00000000e+00
-316	5.91500000e+03	0.00000000e+00	0.00000000e+00	0.00000000e+00
-315	5.99600000e+03	0.00000000e+00	0.00000000e+00	0.00000000e+00
-314	6.09300000e+03	0.00000000e+00	0.00000000e+00	0.00000000e+00
-313	6.17400000e+03	0.00000000e+00	0.00000000e+00	0.00000000e+00
-312	6.27200000e+03	0.00000000e+00	0.00000000e+00	0.00000000e+00
-311	6.38000000e+03	0.00000000e+00	0.00000000e+00	0.00000000e+00
-310	6.47100000e+03	0.00000000e+00	0.00000000e+00	0.00000000e+00
-309	6.60200000e+03	0.00000000e+00	0.00000000e+00	0.00000000e+00
-308	6.68000000e+03	0.00000000e+00	0.00000000e+00	0.00000000e+00
-307	6.74400000e+03	0.00000000e+00	0.00000000e+00	0.00000000e+00
-306	6.81400000e+03	0.00000000e+00	0.00000000e+00	0.00000000e+00
-305	6.92400000e+03	0.00000000e+00	0.00000000e+00	0.00000000e+00
-304	7.00300000e+03	0.00000000e+00	0.00000000e+00	0.00000000e+00
-303	7.07100000e+03	0.00000000e+00	0.00000000e+00	0.00000000e+00
-302	7.14400000e+03	0.00000000e+00	0.00000000e+00	0.00000000e+00
-301	7.21600000e+03	0.00000000e+00	0.00000000e+00	0.00000000e+00
-300	7.27400000e+03	0.00000000e+00	0.00000000e+00	0.00000000e+00
-299	7.33300000e+03	0.00000000e+00	0.00000000e+00	0.00000000e+00
-298	7.33300000e+03	0.00000000e+00	0.00000000e+00	0.00000000e+00
-297	7.39600000e+03	0.00000000e+00	0.00000000e+00	0.00000000e+00
-296	7.45800000e+03	0.00000000e+00	0.00000000e+00	0.00000000e+00
-295	7.52700000e+03	0.00000000e+00	0.00000000e+00	0.00000000e+00
-294	7.57000000e+03	0.00000000e+00	0.00000000e+00	0.00000000e+00
-293	7.68300000e+03	0.00000000e+00	0.00000000e+00	0.00000000e+00
-292	7.77900000e+03	0.00000000e+00	0.00000000e+00	0.00000000e+00
-291	7.77900000e+03	0.00000000e+00	0.00000000e+00	0.00000000e+00
-290	7.91200000e+03	0.00000000e+00	0.00000000e+00	0.00000000e+00
-289	7.99900000e+03	0.00000000e+00	0.00000000e+00	0.00000000e+00
-288	8.11000000e+03	0.00000000e+00	0.00000000e+00	0.00000000e+00
-287	8.24300000e+03	0.00000000e+00	0.00000000e+00	0.00000000e+00
-286	8.38900000e+03	0.00000000e+00	0.00000000e+00	0.00000000e+00
-285	8.54800000e+03	0.00000000e+00	0.00000000e+00	0.00000000e+00
-284	8.67900000e+03	0.00000000e+00	0.00000000e+00	0.00000000e+00
-283	8.83400000e+03	0.00000000e+00	0.00000000e+00	0.00000000e+00
-282	8.95200000e+03	0.00000000e+00	0.00000000e+00	0.00000000e+00
-281	9.04300000e+03	0.00000000e+00	0.00000000e+00	0.00000000e+00
-280	9.14400000e+03	0.00000000e+00	0.00000000e+00	0.00000000e+00
-279	9.19300000e+03	0.00000000e+00	0.00000000e+00	0.00000000e+00
-278	9.23300000e+03	0.00000000e+00	0.00000000e+00	0.00000000e+00
-277	9.27600000e+03	0.00000000e+00	0.00000000e+00	0.00000000e+00
-276	9.30600000e+03	0.00000000e+00	0.00000000e+00	0.00000000e+00
-275	9.33900000e+03	0.00000000e+00	0.00000000e+00	0.00000000e+00
-274	9.36600000e+03	0.00000000e+00	0.00000000e+00	0.00000000e+00
-273	9.39500000e+03	0.00000000e+00	0.00000000e+00	0.00000000e+00
-272	9.41800000e+03	0.00000000e+00	0.00000000e+00	0.00000000e+00
-271	9.42400000e+03	0.00000000e+00	0.00000000e+00	0.00000000e+00
-270	9.43900000e+03	0.00000000e+00	0.00000000e+00	0.00000000e+00
-269	9.45100000e+03	0.00000000e+00	0.00000000e+00	0.00000000e+00
-268	9.46500000e+03	0.00000000e+00	0.00000000e+00	0.00000000e+00
-267	9.47200000e+03	0.00000000e+00	0.00000000e+00	0.00000000e+00
-266	9.48400000e+03	0.00000000e+00	0.00000000e+00	0.00000000e+00
-265	9.48400000e+03	0.00000000e+00	0.00000000e+00	0.00000000e+00
-264	9.48500000e+03	0.00000000e+00	0.00000000e+00	0.00000000e+00
-263	9.48500000e+03	0.00000000e+00	0.00000000e+00	0.00000000e+00
-262	9.48500000e+03	0.00000000e+00	0.00000000e+00	0.00000000e+00
-261	9.48500000e+03	0.00000000e+00	0.00000000e+00	0.00000000e+00
-260	9.48500000e+03	0.00000000e+00	0.00000000e+00	0.00000000e+00
-259	9.48500000e+03	0.00000000e+00	0.00000000e+00	0.00000000e+00
-258	9.48500000e+03	0.00000000e+00	0.00000000e+00	0.00000000e+00
-257	9.48500000e+03	0.00000000e+00	0.00000000e+00	0.00000000e+00
-256	9.48900000e+03	0.00000000e+00	0.00000000e+00	0.00000000e+00
-255	9.50400000e+03	0.00000000e+00	0.00000000e+00	0.00000000e+00
-254	9.52500000e+03	0.00000000e+00	0.00000000e+00	0.00000000e+00
-253	9.55000000e+03	0.00000000e+00	0.00000000e+00	0.00000000e+00
-252	9.56700000e+03	0.00000000e+00	0.00000000e+00	0.00000000e+00
-251	9.56800000e+03	0.00000000e+00	0.00000000e+00	0.00000000e+00
-250	9.56800000e+03	0.00000000e+00	0.00000000e+00	0.00000000e+00
-249	9.56800000e+03	0.00000000e+00	0.00000000e+00	0.00000000e+00
-248	9.56800000e+03	0.00000000e+00	0.00000000e+00	0.00000000e+00
-247	9.56800000e+03	0.00000000e+00	0.00000000e+00	0.00000000e+00
-246	9.56800000e+03	0.00000000e+00	0.00000000e+00	0.00000000e+00
-245	9.56800000e+03	0.00000000e+00	0.00000000e+00	0.00000000e+00
-244	9.56900000e+03	0.00000000e+00	0.00000000e+00	0.00000000e+00
-243	9.57000000e+03	0.00000000e+00	0.00000000e+00	0.00000000e+00
-242	9.57000000e+03	0.00000000e+00	0.00000000e+00	0.00000000e+00
-241	9.57000000e+03	0.00000000e+00	0.00000000e+00	0.00000000e+00
-240	9.57000000e+03	0.00000000e+00	0.00000000e+00	0.00000000e+00
-239	9.57000000e+03	0.00000000e+00	0.00000000e+00	0.00000000e+00
-238	9.57000000e+03	0.00000000e+00	0.00000000e+00	0.00000000e+00
-237	9.57000000e+03	0.00000000e+00	0.00000000e+00	0.00000000e+00
-236	9.57000000e+03	0.00000000e+00	0.00000000e+00	0.00000000e+00
-235	9.57100000e+03	0.00000000e+00	0.00000000e+00	0.00000000e+00
-234	9.57100000e+03	0.00000000e+00	0.00000000e+00	0.00000000e+00
-233	9.57200000e+03	0.00000000e+00	0.00000000e+00	0.00000000e+00
-232	9.57200000e+03	0.00000000e+00	0.00000000e+00	0.00000000e+00
-231	9.57200000e+03	0.00000000e+00	0.00000000e+00	0.00000000e+00
-230	9.57300000e+03	0.00000000e+00	0.00000000e+00	0.00000000e+00
-229	9.57300000e+03	0.00000000e+00	0.00000000e+00	0.00000000e+00
-228	9.57300000e+03	0.00000000e+00	0.00000000e+00	0.00000000e+00
-227	9.57400000e+03	0.00000000e+00	0.00000000e+00	0.00000000e+00
-226	9.57400000e+03	0.00000000e+00	0.00000000e+00	0.00000000e+00
-225	9.57500000e+03	0.00000000e+00	0.00000000e+00	0.00000000e+00
-224	9.57500000e+03	0.00000000e+00	0.00000000e+00	0.00000000e+00
-223	9.57600000e+03	0.00000000e+00	0.00000000e+00	0.00000000e+00
-222	9.57600000e+03	0.00000000e+00	0.00000000e+00	0.00000000e+00
-221	9.57600000e+03	0.00000000e+00	0.00000000e+00	0.00000000e+00
-220	9.57600000e+03	0.00000000e+00	0.00000000e+00	0.00000000e+00
-219	9.57600000e+03	0.00000000e+00	0.00000000e+00	0.00000000e+00
-218	9.57600000e+03	0.00000000e+00	0.00000000e+00	0.00000000e+00
-217	9.57600000e+03	0.00000000e+00	0.00000000e+00	0.00000000e+00
-216	9.57600000e+03	0.00000000e+00	0.00000000e+00	0.00000000e+00
-215	9.57600000e+03	0.00000000e+00	0.00000000e+00	0.00000000e+00
-214	9.57600000e+03	0.00000000e+00	0.00000000e+00	0.00000000e+00
-213	9.57600000e+03	0.00000000e+00	0.00000000e+00	0.00000000e+00
-212	9.57600000e+03	0.00000000e+00	0.00000000e+00	0.00000000e+00
-211	9.57700000e+03	0.00000000e+00	0.00000000e+00	0.00000000e+00
-210	9.57900000e+03	0.00000000e+00	0.00000000e+00	0.00000000e+00
-209	9.57900000e+03	0.00000000e+00	0.00000000e+00	0.00000000e+00
-208	9.57900000e+03	0.00000000e+00	0.00000000e+00	0.00000000e+00
-207	9.57900000e+03	0.00000000e+00	0.00000000e+00	0.00000000e+00
-206	9.58000000e+03	0.00000000e+00	0.00000000e+00	0.00000000e+00
-205	9.58200000e+03	0.00000000e+00	0.00000000e+00	0.00000000e+00
-204	9.58200000e+03	0.00000000e+00	0.00000000e+00	0.00000000e+00
-203	9.58300000e+03	0.00000000e+00	0.00000000e+00	0.00000000e+00
-202	9.58300000e+03	0.00000000e+00	0.00000000e+00	0.00000000e+00
-201	9.58400000e+03	0.00000000e+00	0.00000000e+00	0.00000000e+00
-200	9.58400000e+03	0.00000000e+00	0.00000000e+00	0.00000000e+00
-199	9.58400000e+03	0.00000000e+00	0.00000000e+00	0.00000000e+00
-198	9.58400000e+03	0.00000000e+00	0.00000000e+00	0.00000000e+00
-197	9.58400000e+03	0.00000000e+00	0.00000000e+00	0.00000000e+00
-196	9.58400000e+03	0.00000000e+00	0.00000000e+00	0.00000000e+00
-195	9.58400000e+03	0.00000000e+00	0.00000000e+00	0.00000000e+00
-194	9.58500000e+03	0.00000000e+00	0.00000000e+00	0.00000000e+00
-193	9.58600000e+03	0.00000000e+00	0.00000000e+00	0.00000000e+00
-192	9.58600000e+03	0.00000000e+00	0.00000000e+00	0.00000000e+00
-191	9.58600000e+03	0.00000000e+00	0.00000000e+00	0.00000000e+00
-190	9.58600000e+03	0.00000000e+00	0.00000000e+00	0.00000000e+00
-189	9.58600000e+03	0.00000000e+00	0.00000000e+00	0.00000000e+00
-188	9.58600000e+03	0.00000000e+00	0.00000000e+00	0.00000000e+00
-187	9.58700000e+03	0.00000000e+00	0.00000000e+00	0.00000000e+00
-186	9.58900000e+03	0.00000000e+00	0.00000000e+00	0.00000000e+00
-185	9.58900000e+03	0.00000000e+00	0.00000000e+00	0.00000000e+00
-184	9.59000000e+03	0.00000000e+00	0.00000000e+00	0.00000000e+00
-183	9.59100000e+03	0.00000000e+00	0.00000000e+00	0.00000000e+00
-182	9.59200000e+03	0.00000000e+00	0.00000000e+00	0.00000000e+00
-181	9.59200000e+03	0.00000000e+00	0.00000000e+00	0.00000000e+00
-180	9.59300000e+03	0.00000000e+00	0.00000000e+00	0.00000000e+00
-179	9.59300000e+03	0.00000000e+00	0.00000000e+00	0.00000000e+00
-178	9.59300000e+03	0.00000000e+00	0.00000000e+00	0.00000000e+00
-177	9.59300000e+03	0.00000000e+00	0.00000000e+00	0.00000000e+00
-176	9.59300000e+03	0.00000000e+00	0.00000000e+00	0.00000000e+00
-175	9.59300000e+03	0.00000000e+00	0.00000000e+00	0.00000000e+00
-174	9.59300000e+03	0.00000000e+00	0.00000000e+00	0.00000000e+00
-173	9.59300000e+03	0.00000000e+00	0.00000000e+00	0.00000000e+00
-172	9.59300000e+03	0.00000000e+00	0.00000000e+00	0.00000000e+00
-171	9.59400000e+03	0.00000000e+00	0.00000000e+00	0.00000000e+00
-170	9.59400000e+03	0.00000000e+00	0.00000000e+00	0.00000000e+00
-169	9.59400000e+03	0.00000000e+00	0.00000000e+00	0.00000000e+00
-168	9.59400000e+03	0.00000000e+00	0.00000000e+00	0.00000000e+00
-167	9.59400000e+03	0.00000000e+00	0.00000000e+00	0.00000000e+00
-166	9.59500000e+03	0.00000000e+00	0.00000000e+00	0.00000000e+00
-165	9.59500000e+03	0.00000000e+00	0.00000000e+00	0.00000000e+00
-164	9.59500000e+03	0.00000000e+00	0.00000000e+00	0.00000000e+00
-163	9.59500000e+03	0.00000000e+00	0.00000000e+00	0.00000000e+00
-162	9.59600000e+03	0.00000000e+00	0.00000000e+00	0.00000000e+00
-161	9.59600000e+03	0.00000000e+00	0.00000000e+00	0.00000000e+00
-160	9.59600000e+03	0.00000000e+00	0.00000000e+00	0.00000000e+00
-159	9.59700000e+03	0.00000000e+00	0.00000000e+00	0.00000000e+00
-158	9.59700000e+03	0.00000000e+00	0.00000000e+00	0.00000000e+00
-157	9.59700000e+03	0.00000000e+00	0.00000000e+00	0.00000000e+00
-156	9.59700000e+03	0.00000000e+00	0.00000000e+00	0.00000000e+00
-155	9.59700000e+03	0.00000000e+00	0.00000000e+00	0.00000000e+00
-154	9.59700000e+03	0.00000000e+00	0.00000000e+00	0.00000000e+00
-153	9.59700000e+03	0.00000000e+00	0.00000000e+00	0.00000000e+00
-152	9.59800000e+03	0.00000000e+00	0.00000000e+00	0.00000000e+00
-151	9.59900000e+03	0.00000000e+00	0.00000000e+00	0.00000000e+00
-150	9.59900000e+03	0.00000000e+00	0.00000000e+00	0.00000000e+00
-149	9.60000000e+03	0.00000000e+00	0.00000000e+00	0.00000000e+00
-148	9.60000000e+03	0.00000000e+00	0.00000000e+00	0.00000000e+00
-147	9.60000000e+03	0.00000000e+00	0.00000000e+00	0.00000000e+00
-146	9.60000000e+03	0.00000000e+00	0.00000000e+00	0.00000000e+00
-145	9.60000000e+03	0.00000000e+00	0.00000000e+00	0.00000000e+00
-144	9.60000000e+03	0.00000000e+00	0.00000000e+00	0.00000000e+00
-143	9.60100000e+03	0.00000000e+00	0.00000000e+00	0.00000000e+00
-142	9.60100000e+03	0.00000000e+00	0.00000000e+00	0.00000000e+00
-141	9.60100000e+03	0.00000000e+00	0.00000000e+00	0.00000000e+00
-140	9.60200000e+03	0.00000000e+00	0.00000000e+00	0.00000000e+00
-139	9.60200000e+03	0.00000000e+00	0.00000000e+00	0.00000000e+00
-138	9.60200000e+03	0.00000000e+00	0.00000000e+00	0.00000000e+00
-137	9.60300000e+03	0.00000000e+00	0.00000000e+00	0.00000000e+00
-136	9.60300000e+03	0.00000000e+00	0.00000000e+00	0.00000000e+00
-135	9.60300000e+03	0.00000000e+00	0.00000000e+00	0.00000000e+00
-134	9.60300000e+03	0.00000000e+00	0.00000000e+00	0.00000000e+00
-133	9.60300000e+03	0.00000000e+00	0.00000000e+00	0.00000000e+00
-132	9.60300000e+03	0.00000000e+00	0.00000000e+00	0.00000000e+00
-131	9.60300000e+03	0.00000000e+00	0.00000000e+00	0.00000000e+00
-130	9.60400000e+03	0.00000000e+00	0.00000000e+00	0.00000000e+00
-129	9.60400000e+03	0.00000000e+00	0.00000000e+00	0.00000000e+00
-128	9.60400000e+03	0.00000000e+00	0.00000000e+00	1.60000000e+01
-127	9.60400000e+03	0.00000000e+00	0.00000000e+00	0.00000000e+00
-126	9.60400000e+03	0.00000000e+00	0.00000000e+00	0.00000000e+00
-125	9.60500000e+03	0.00000000e+00	0.00000000e+00	0.00000000e+00
-124	9.60500000e+03	0.00000000e+00	0.00000000e+00	0.00000000e+00
-123	9.60500000e+03	0.00000000e+00	0.00000000e+00	0.00000000e+00
-122	9.60600000e+03	0.00000000e+00	0.00000000e+00	0.00000000e+00
-121	9.60600000e+03	0.00000000e+00	0.00000000e+00	0.00000000e+00
-120	9.60600000e+03	0.00000000e+00	0.00000000e+00	0.00000000e+00
-119	9.60600000e+03	0.00000000e+00	0.00000000e+00	0.00000000e+00
-118	9.60600000e+03	0.00000000e+00	0.00000000e+00	0.00000000e+00
-117	9.60600000e+03	0.00000000e+00	0.00000000e+00	0.00000000e+00
-116	9.60600000e+03	0.00000000e+00	0.00000000e+00	0.00000000e+00
-115	9.60600000e+03	0.00000000e+00	0.00000000e+00	0.00000000e+00
-114	9.60600000e+03	0.00000000e+00	0.00000000e+00	0.00000000e+00
-113	9.60600000e+03	0.00000000e+00	0.00000000e+00	0.00000000e+00
-112	9.60600000e+03	0.00000000e+00	0.00000000e+00	0.00000000e+00
-111	9.60600000e+03	0.00000000e+00	0.00000000e+00	0.00000000e+00
-110	9.60600000e+03	0.00000000e+00	0.00000000e+00	0.00000000e+00
-109	9.60600000e+03	0.00000000e+00	0.00000000e+00	0.00000000e+00
-108	9.60600000e+03	0.00000000e+00	0.00000000e+00	0.00000000e+00
-107	9.60600000e+03	0.00000000e+00	0.00000000e+00	0.00000000e+00
-106	9.60600000e+03	0.00000000e+00	0.00000000e+00	0.00000000e+00
-105	9.60600000e+03	0.00000000e+00	0.00000000e+00	0.00000000e+00
-104	9.60600000e+03	0.00000000e+00	0.00000000e+00	0.00000000e+00
-103	9.60600000e+03	0.00000000e+00	0.00000000e+00	0.00000000e+00
-102	9.60600000e+03	0.00000000e+00	0.00000000e+00	0.00000000e+00
-101	9.60600000e+03	0.00000000e+00	0.00000000e+00	0.00000000e+00
-100	9.60600000e+03	0.00000000e+00	0.00000000e+00	0.00000000e+00
-99	9.60600000e+03	0.00000000e+00	0.00000000e+00	0.00000000e+00
-98	9.60600000e+03	0.00000000e+00	0.00000000e+00	0.00000000e+00
-97	9.60700000e+03	0.00000000e+00	0.00000000e+00	0.00000000e+00
-96	9.60700000e+03	0.00000000e+00	0.00000000e+00	0.00000000e+00
-95	9.60700000e+03	0.00000000e+00	0.00000000e+00	0.00000000e+00
-94	9.60700000e+03	0.00000000e+00	0.00000000e+00	0.00000000e+00
-93	9.60700000e+03	0.00000000e+00	0.00000000e+00	0.00000000e+00
-92	9.60700000e+03	0.00000000e+00	0.00000000e+00	0.00000000e+00
-91	9.60700000e+03	0.00000000e+00	0.00000000e+00	0.00000000e+00
-90	9.60700000e+03	0.00000000e+00	0.00000000e+00	0.00000000e+00
-89	9.60700000e+03	0.00000000e+00	0.00000000e+00	0.00000000e+00
-88	9.60700000e+03	0.00000000e+00	0.00000000e+00	0.00000000e+00
-87	9.60700000e+03	0.00000000e+00	0.00000000e+00	0.00000000e+00
-86	9.60700000e+03	0.00000000e+00	0.00000000e+00	0.00000000e+00
-85	9.60700000e+03	0.00000000e+00	0.00000000e+00	0.00000000e+00
-84	9.60700000e+03	0.00000000e+00	0.00000000e+00	0.00000000e+00
-83	9.60700000e+03	0.00000000e+00	0.00000000e+00	0.00000000e+00
-82	9.60800000e+03	0.00000000e+00	0.00000000e+00	0.00000000e+00
-81	9.60900000e+03	0.00000000e+00	0.00000000e+00	0.00000000e+00
-80	9.60900000e+03	0.00000000e+00	0.00000000e+00	0.00000000e+00
-79	9.60900000e+03	0.00000000e+00	0.00000000e+00	0.00000000e+00
-78	9.61000000e+03	0.00000000e+00	0.00000000e+00	0.00000000e+00
-77	9.61000000e+03	0.00000000e+00	0.00000000e+00	0.00000000e+00
-76	9.61000000e+03	0.00000000e+00	0.00000000e+00	0.00000000e+00
-75	9.61000000e+03	0.00000000e+00	0.00000000e+00	0.00000000e+00
-74	9.61000000e+03	0.00000000e+00	0.00000000e+00	0.00000000e+00
-73	9.61000000e+03	0.00000000e+00	0.00000000e+00	0.00000000e+00
-72	9.61000000e+03	0.00000000e+00	0.00000000e+00	0.00000000e+00
-71	9.61000000e+03	0.00000000e+00	0.00000000e+00	0.00000000e+00
-70	9.61000000e+03	0.00000000e+00	0.00000000e+00	0.00000000e+00
-69	9.61000000e+03	0.00000000e+00	0.00000000e+00	0.00000000e+00
-68	9.61000000e+03	0.00000000e+00	0.00000000e+00	0.00000000e+00
-67	9.61000000e+03	0.00000000e+00	0.00000000e+00	0.00000000e+00
-66	9.61000000e+03	0.00000000e+00	0.00000000e+00	0.00000000e+00
-65	9.61100000e+03	0.00000000e+00	0.00000000e+00	0.00000000e+00
-64	9.61100000e+03	0.00000000e+00	0.00000000e+00	0.00000000e+00
-63	9.61100000e+03	0.00000000e+00	0.00000000e+00	0.00000000e+00
-62	9.61100000e+03	0.00000000e+00	0.00000000e+00	0.00000000e+00
-61	9.61100000e+03	0.00000000e+00	0.00000000e+00	0.00000000e+00
-60	9.61100000e+03	0.00000000e+00	0.00000000e+00	0.00000000e+00
-59	9.61100000e+03	0.00000000e+00	0.00000000e+00	0.00000000e+00
-58	9.61100000e+03	0.00000000e+00	0.00000000e+00	0.00000000e+00
-57	9.61200000e+03	0.00000000e+00	0.00000000e+00	0.00000000e+00
-56	9.61200000e+03	0.00000000e+00	0.00000000e+00	0.00000000e+00
-55	9.61200000e+03	0.00000000e+00	0.00000000e+00	0.00000000e+00
-54	9.61200000e+03	0.00000000e+00	0.00000000e+00	0.00000000e+00
-53	9.61200000e+03	0.00000000e+00	0.00000000e+00	0.00000000e+00
-52	9.61200000e+03	0.00000000e+00	0.00000000e+00	0.00000000e+00
-51	9.61300000e+03	0.00000000e+00	0.00000000e+00	0.00000000e+00
-50	9.61300000e+03	0.00000000e+00	0.00000000e+00	0.00000000e+00
-49	9.61300000e+03	0.00000000e+00	0.00000000e+00	0.00000000e+00
-48	9.61400000e+03	0.00000000e+00	0.00000000e+00	0.00000000e+00
-47	9.61400000e+03	0.00000000e+00	0.00000000e+00	0.00000000e+00
-46	9.61400000e+03	0.00000000e+00	0.00000000e+00	0.00000000e+00
-45	9.61400000e+03	0.00000000e+00	0.00000000e+00	0.00000000e+00
-44	9.61400000e+03	0.00000000e+00	0.00000000e+00	0.00000000e+00
-43	9.61500000e+03	0.00000000e+00	0.00000000e+00	0.00000000e+00
-42	9.61500000e+03	0.00000000e+00	0.00000000e+00	0.00000000e+00
-41	9.61500000e+03	0.00000000e+00	0.00000000e+00	0.00000000e+00
-40	9.61500000e+03	0.00000000e+00	0.00000000e+00	0.00000000e+00
-39	9.61500000e+03	0.00000000e+00	0.00000000e+00	0.00000000e+00
-38	9.61500000e+03	0.00000000e+00	0.00000000e+00	0.00000000e+00
-37	9.61500000e+03	0.00000000e+00	0.00000000e+00	0.00000000e+00
-36	9.61500000e+03	0.00000000e+00	0.00000000e+00	0.00000000e+00
-35	9.61500000e+03	0.00000000e+00	0.00000000e+00	0.00000000e+00
-34	9.61500000e+03	0.00000000e+00	0.00000000e+00	0.00000000e+00
-33	9.61500000e+03	0.00000000e+00	0.00000000e+00	0.00000000e+00
-32	9.61500000e+03	0.00000000e+00	0.00000000e+00	0.00000000e+00
-31	9.61500000e+03	0.00000000e+00	0.00000000e+00	0.00000000e+00
-30	9.61600000e+03	0.00000000e+00	0.00000000e+00	0.00000000e+00
-29	9.61600000e+03	0.00000000e+00	0.00000000e+00	0.00000000e+00
-28	9.61600000e+03	0.00000000e+00	0.00000000e+00	0.00000000e+00
-27	9.61600000e+03	0.00000000e+00	0.00000000e+00	0.00000000e+00
-26	9.61600000e+03	0.00000000e+00	0.00000000e+00	0.00000000e+00
-25	9.61600000e+03	0.00000000e+00	0.00000000e+00	0.00000000e+00
-24	9.61700000e+03	0.00000000e+00	0.00000000e+00	0.00000000e+00
-23	9.61700000e+03	0.00000000e+00	0.00000000e+00	0.00000000e+00
-22	9.61800000e+03	0.00000000e+00	0.00000000e+00	0.00000000e+00
-21	9.61800000e+03	0.00000000e+00	0.00000000e+00	0.00000000e+00
-20	9.62000000e+03	0.00000000e+00	0.00000000e+00	0.00000000e+00
-19	9.62000000e+03	0.00000000e+00	0.00000000e+00	0.00000000e+00
-18	9.62100000e+03	0.00000000e+00	0.00000000e+00	0.00000000e+00
-17	9.62100000e+03	0.00000000e+00	0.00000000e+00	0.00000000e+00
-16	9.62200000e+03	0.00000000e+00	0.00000000e+00	0.00000000e+00
-15	9.62200000e+03	0.00000000e+00	0.00000000e+00	0.00000000e+00
-14	9.62200000e+03	0.00000000e+00	0.00000000e+00	0.00000000e+00
-13	9.62200000e+03	0.00000000e+00	0.00000000e+00	0.00000000e+00
-12	9.62400000e+03	0.00000000e+00	0.00000000e+00	0.00000000e+00
-11	9.62400000e+03	0.00000000e+00	0.00000000e+00	0.00000000e+00
-10	9.62400000e+03	0.00000000e+00	0.00000000e+00	0.00000000e+00
-9	9.62400000e+03	0.00000000e+00	0.00000000e+00	0.00000000e+00
-8	9.62400000e+03	0.00000000e+00	0.00000000e+00	0.00000000e+00
-7	9.62400000e+03	0.00000000e+00	0.00000000e+00	0.00000000e+00
-6	9.62400000e+03	0.00000000e+00	0.00000000e+00	0.00000000e+00
-5	9.62400000e+03	0.00000000e+00	0.00000000e+00	0.00000000e+00
-4	9.62400000e+03	0.00000000e+00	0.00000000e+00	0.00000000e+00
-3	9.62500000e+03	0.00000000e+00	0.00000000e+00	0.00000000e+00
-2	9.62500000e+03	0.00000000e+00	0.00000000e+00	0.00000000e+00
-1	9.62600000e+03	0.00000000e+00	0.00000000e+00	0.00000000e+00
0	9.62600000e+03	0.00000000e+00	0.00000000e+00	0.00000000e+00
1	9.62600000e+03	0.00000000e+00	0.00000000e+00	0.00000000e+00
2	9.62600000e+03	0.00000000e+00	0.00000000e+00	0.00000000e+00
3	9.62600000e+03	0.00000000e+00	0.00000000e+00	0.00000000e+00
4	9.62600000e+03	0.00000000e+00	0.00000000e+00	0.00000000e+00
5	9.62700000e+03	0.00000000e+00	0.00000000e+00	0.00000000e+00
6	9.62700000e+03	0.00000000e+00	0.00000000e+00	0.00000000e+00
7	9.62700000e+03	0.00000000e+00	0.00000000e+00	0.00000000e+00
8	9.62700000e+03	0.00000000e+00	0.00000000e+00	0.00000000e+00
9	9.62700000e+03	0.00000000e+00	0.00000000e+00	0.00000000e+00
10	9.62800000e+03	0.00000000e+00	0.00000000e+00	0.00000000e+00
11	9.62900000e+03	0.00000000e+00	0.00000000e+00	0.00000000e+00
12	9.63200000e+03	0.00000000e+00	0.00000000e+00	0.00000000e+00
13	9.63200000e+03	0.00000000e+00	0.00000000e+00	0.00000000e+00
14	9.63200000e+03	0.00000000e+00	0.00000000e+00	0.00000000e+00
15	9.63300000e+03	0.00000000e+00	0.00000000e+00	0.00000000e+00
16	9.63300000e+03	0.00000000e+00	0.00000000e+00	0.00000000e+00
17	9.63300000e+03	0.00000000e+00	0.00000000e+00	0.00000000e+00
18	9.63300000e+03	0.00000000e+00	0.00000000e+00	0.00000000e+00
19	9.63300000e+03	0.00000000e+00	0.00000000e+00	0.00000000e+00
20	9.63300000e+03	0.00000000e+00	0.00000000e+00	0.00000000e+00
21	9.63300000e+03	0.00000000e+00	0.00000000e+00	0.00000000e+00
22	9.63300000e+03	0.00000000e+00	0.00000000e+00	0.00000000e+00
23	9.63300000e+03	0.00000000e+00	0.00000000e+00	0.00000000e+00
24	9.63300000e+03	0.00000000e+00	0.00000000e+00	0.00000000e+00
25	9.63300000e+03	0.00000000e+00	0.00000000e+00	0.00000000e+00
26	9.63300000e+03	0.00000000e+00	0.00000000e+00	0.00000000e+00
27	9.63400000e+03	0.00000000e+00	0.00000000e+00	0.00000000e+00
28	9.63400000e+03	0.00000000e+00	0.00000000e+00	0.00000000e+00
29	9.63400000e+03	0.00000000e+00	0.00000000e+00	0.00000000e+00
30	9.63400000e+03	0.00000000e+00	0.00000000e+00	0.00000000e+00
31	9.63400000e+03	0.00000000e+00	0.00000000e+00	0.00000000e+00
32	9.63400000e+03	0.00000000e+00	0.00000000e+00	0.00000000e+00
33	9.63500000e+03	0.00000000e+00	0.00000000e+00	0.00000000e+00
34	9.63500000e+03	0.00000000e+00	0.00000000e+00	0.00000000e+00
35	9.63500000e+03	0.00000000e+00	0.00000000e+00	0.00000000e+00
36	9.63600000e+03	0.00000000e+00	0.00000000e+00	0.00000000e+00
37	9.63600000e+03	0.00000000e+00	0.00000000e+00	0.00000000e+00
38	9.63600000e+03	0.00000000e+00	0.00000000e+00	0.00000000e+00
39	9.63700000e+03	0.00000000e+00	0.00000000e+00	0.00000000e+00
40	9.63700000e+03	0.00000000e+00	0.00000000e+00	0.00000000e+00
41	9.63700000e+03	0.00000000e+00	0.00000000e+00	0.00000000e+00
42	9.63700000e+03	0.00000000e+00	0.00000000e+00	0.00000000e+00
43	9.63800000e+03	0.00000000e+00	0.00000000e+00	0.00000000e+00
44	9.63800000e+03	0.00000000e+00	0.00000000e+00	0.00000000e+00
45	9.63800000e+03	0.00000000e+00	0.00000000e+00	0.00000000e+00
46	9.63800000e+03	0.00000000e+00	0.00000000e+00	0.00000000e+00
47	9.63800000e+03	0.00000000e+00	0.00000000e+00	0.00000000e+00
48	9.63800000e+03	0.00000000e+00	0.00000000e+00	0.00000000e+00
49	9.63800000e+03	0.00000000e+00	0.00000000e+00	0.00000000e+00
50	9.63800000e+03	0.00000000e+00	0.00000000e+00	0.00000000e+00
51	9.63800000e+03	0.00000000e+00	0.00000000e+00	0.00000000e+00
52	9.63800000e+03	0.00000000e+00	0.00000000e+00	0.00000000e+00
53	9.63800000e+03	0.00000000e+00	0.00000000e+00	0.00000000e+00
54	9.63900000e+03	0.00000000e+00	0.00000000e+00	0.00000000e+00
55	9.63900000e+03	0.00000000e+00	0.00000000e+00	0.00000000e+00
56	9.63900000e+03	0.00000000e+00	0.00000000e+00	0.00000000e+00
57	9.63900000e+03	0.00000000e+00	0.00000000e+00	0.00000000e+00
58	9.63900000e+03	0.00000000e+00	0.00000000e+00	0.00000000e+00
59	9.63900000e+03	0.00000000e+00	0.00000000e+00	0.00000000e+00
60	9.63900000e+03	0.00000000e+00	0.00000000e+00	0.00000000e+00
61	9.63900000e+03	0.00000000e+00	0.00000000e+00	0.00000000e+00
62	9.63900000e+03	0.00000000e+00	0.00000000e+00	0.00000000e+00
63	9.63900000e+03	0.00000000e+00	0.00000000e+00	0.00000000e+00
64	9.64000000e+03	0.00000000e+00	0.00000000e+00	0.00000000e+00
65	9.64000000e+03	0.00000000e+00	0.00000000e+00	0.00000000e+00
66	9.64000000e+03	0.00000000e+00	0.00000000e+00	0.00000000e+00
67	9.64000000e+03	0.00000000e+00	0.00000000e+00	0.00000000e+00
68	9.64000000e+03	0.00000000e+00	0.00000000e+00	0.00000000e+00
69	9.64000000e+03	0.00000000e+00	0.00000000e+00	0.00000000e+00
70	9.64100000e+03	0.00000000e+00	0.00000000e+00	0.00000000e+00
71	9.64100000e+03	0.00000000e+00	0.00000000e+00	0.00000000e+00
72	9.64100000e+03	0.00000000e+00	0.00000000e+00	0.00000000e+00
73	9.64100000e+03	0.00000000e+00	0.00000000e+00	0.00000000e+00
74	9.64100000e+03	0.00000000e+00	0.00000000e+00	0.00000000e+00
75	9.64100000e+03	0.00000000e+00	0.00000000e+00	0.00000000e+00
76	9.64100000e+03	0.00000000e+00	0.00000000e+00	0.00000000e+00
77	9.64100000e+03	0.00000000e+00	0.00000000e+00	0.00000000e+00
78	9.64100000e+03	0.00000000e+00	0.00000000e+00	0.00000000e+00
79	9.64100000e+03	0.00000000e+00	0.00000000e+00	0.00000000e+00
80	9.64100000e+03	0.00000000e+00	0.00000000e+00	0.00000000e+00
81	9.64100000e+03	0.00000000e+00	0.00000000e+00	0.00000000e+00
82	9.64100000e+03	0.00000000e+00	0.00000000e+00	0.00000000e+00
83	9.64100000e+03	0.00000000e+00	0.00000000e+00	0.00000000e+00
84	9.64100000e+03	0.00000000e+00	0.00000000e+00	0.00000000e+00
85	9.64100000e+03	0.00000000e+00	2.10000000e+01	0.00000000e+00
86	9.64200000e+03	0.00000000e+00	0.00000000e+00	0.00000000e+00
87	9.64200000e+03	0.00000000e+00	0.00000000e+00	0.00000000e+00
88	9.64200000e+03	0.00000000e+00	0.00000000e+00	0.00000000e+00
89	9.64200000e+03	0.00000000e+00	0.00000000e+00	0.00000000e+00
90	9.64200000e+03	0.00000000e+00	0.00000000e+00	0.00000000e+00
91	9.64200000e+03	0.00000000e+00	0.00000000e+00	0.00000000e+00
92	9.64200000e+03	0.00000000e+00	0.00000000e+00	0.00000000e+00
93	9.64200000e+03	0.00000000e+00	0.00000000e+00	0.00000000e+00
94	9.64200000e+03	0.00000000e+00	0.00000000e+00	0.00000000e+00
95	9.64200000e+03	0.00000000e+00	0.00000000e+00	0.00000000e+00
96	9.64200000e+03	0.00000000e+00	0.00000000e+00	0.00000000e+00
97	9.64200000e+03	0.00000000e+00	0.00000000e+00	0.00000000e+00
98	9.64200000e+03	0.00000000e+00	0.00000000e+00	0.00000000e+00
99	9.64200000e+03	0.00000000e+00	0.00000000e+00	0.00000000e+00
100	9.64200000e+03	0.00000000e+00	0.00000000e+00	0.00000000e+00
