Day_(movie_time)	Views	Users	Rigor	Edits
-500	0.00000000e+00	0.00000000e+00	0.00000000e+00	0.00000000e+00
-499	0.00000000e+00	0.00000000e+00	0.00000000e+00	0.00000000e+00
-498	0.00000000e+00	0.00000000e+00	0.00000000e+00	0.00000000e+00
-497	0.00000000e+00	0.00000000e+00	0.00000000e+00	0.00000000e+00
-496	0.00000000e+00	0.00000000e+00	0.00000000e+00	0.00000000e+00
-495	0.00000000e+00	0.00000000e+00	0.00000000e+00	0.00000000e+00
-494	0.00000000e+00	0.00000000e+00	0.00000000e+00	0.00000000e+00
-493	0.00000000e+00	0.00000000e+00	0.00000000e+00	0.00000000e+00
-492	0.00000000e+00	0.00000000e+00	0.00000000e+00	0.00000000e+00
-491	0.00000000e+00	0.00000000e+00	0.00000000e+00	0.00000000e+00
-490	0.00000000e+00	0.00000000e+00	0.00000000e+00	0.00000000e+00
-489	0.00000000e+00	0.00000000e+00	0.00000000e+00	0.00000000e+00
-488	0.00000000e+00	0.00000000e+00	0.00000000e+00	0.00000000e+00
-487	0.00000000e+00	0.00000000e+00	0.00000000e+00	0.00000000e+00
-486	0.00000000e+00	0.00000000e+00	0.00000000e+00	0.00000000e+00
-485	0.00000000e+00	0.00000000e+00	0.00000000e+00	0.00000000e+00
-484	0.00000000e+00	0.00000000e+00	0.00000000e+00	0.00000000e+00
-483	0.00000000e+00	0.00000000e+00	0.00000000e+00	0.00000000e+00
-482	0.00000000e+00	0.00000000e+00	0.00000000e+00	0.00000000e+00
-481	0.00000000e+00	0.00000000e+00	0.00000000e+00	0.00000000e+00
-480	0.00000000e+00	0.00000000e+00	0.00000000e+00	0.00000000e+00
-479	0.00000000e+00	0.00000000e+00	0.00000000e+00	0.00000000e+00
-478	0.00000000e+00	0.00000000e+00	0.00000000e+00	0.00000000e+00
-477	0.00000000e+00	0.00000000e+00	0.00000000e+00	0.00000000e+00
-476	0.00000000e+00	0.00000000e+00	0.00000000e+00	0.00000000e+00
-475	0.00000000e+00	0.00000000e+00	0.00000000e+00	0.00000000e+00
-474	0.00000000e+00	0.00000000e+00	0.00000000e+00	0.00000000e+00
-473	0.00000000e+00	0.00000000e+00	0.00000000e+00	0.00000000e+00
-472	0.00000000e+00	0.00000000e+00	0.00000000e+00	0.00000000e+00
-471	0.00000000e+00	0.00000000e+00	0.00000000e+00	0.00000000e+00
-470	0.00000000e+00	0.00000000e+00	0.00000000e+00	0.00000000e+00
-469	0.00000000e+00	0.00000000e+00	0.00000000e+00	0.00000000e+00
-468	0.00000000e+00	0.00000000e+00	0.00000000e+00	0.00000000e+00
-467	0.00000000e+00	0.00000000e+00	0.00000000e+00	0.00000000e+00
-466	0.00000000e+00	0.00000000e+00	0.00000000e+00	0.00000000e+00
-465	0.00000000e+00	0.00000000e+00	0.00000000e+00	0.00000000e+00
-464	3.00000000e+01	1.00000000e+00	1.00000000e+00	2.00000000e+00
-463	7.90000000e+01	1.00000000e+00	1.00000000e+00	2.00000000e+00
-462	1.42000000e+02	2.00000000e+00	2.00000000e+00	3.00000000e+00
-461	1.51000000e+02	3.00000000e+00	3.00000000e+00	4.00000000e+00
-460	1.59000000e+02	3.00000000e+00	3.00000000e+00	4.00000000e+00
-459	1.66000000e+02	3.00000000e+00	3.00000000e+00	4.00000000e+00
-458	1.79000000e+02	3.00000000e+00	3.00000000e+00	4.00000000e+00
-457	1.79000000e+02	3.00000000e+00	3.00000000e+00	4.00000000e+00
-456	1.90000000e+02	4.00000000e+00	4.00000000e+00	5.00000000e+00
-455	2.03000000e+02	5.00000000e+00	5.00000000e+00	6.00000000e+00
-454	2.17000000e+02	5.00000000e+00	5.00000000e+00	6.00000000e+00
-453	2.24000000e+02	5.00000000e+00	5.00000000e+00	6.00000000e+00
-452	2.33000000e+02	5.00000000e+00	5.00000000e+00	6.00000000e+00
-451	2.42000000e+02	5.00000000e+00	5.00000000e+00	6.00000000e+00
-450	2.51000000e+02	5.00000000e+00	5.00000000e+00	6.00000000e+00
-449	2.55000000e+02	5.00000000e+00	5.00000000e+00	6.00000000e+00
-448	2.61000000e+02	5.00000000e+00	5.00000000e+00	6.00000000e+00
-447	2.73000000e+02	5.00000000e+00	5.00000000e+00	6.00000000e+00
-446	2.82000000e+02	5.00000000e+00	5.00000000e+00	6.00000000e+00
-445	2.91000000e+02	5.00000000e+00	5.00000000e+00	6.00000000e+00
-444	3.01000000e+02	5.00000000e+00	5.00000000e+00	6.00000000e+00
-443	3.11000000e+02	5.00000000e+00	5.00000000e+00	6.00000000e+00
-442	3.20000000e+02	5.00000000e+00	5.00000000e+00	6.00000000e+00
-441	3.29000000e+02	5.00000000e+00	5.00000000e+00	6.00000000e+00
-440	3.41000000e+02	5.00000000e+00	5.00000000e+00	6.00000000e+00
-439	3.48000000e+02	5.00000000e+00	5.00000000e+00	6.00000000e+00
-438	3.54000000e+02	5.00000000e+00	5.00000000e+00	6.00000000e+00
-437	3.69000000e+02	5.00000000e+00	5.00000000e+00	6.00000000e+00
-436	3.85000000e+02	5.00000000e+00	5.00000000e+00	6.00000000e+00
-435	3.94000000e+02	5.00000000e+00	5.00000000e+00	6.00000000e+00
-434	3.97000000e+02	5.00000000e+00	5.00000000e+00	6.00000000e+00
-433	4.09000000e+02	5.00000000e+00	5.00000000e+00	6.00000000e+00
-432	4.21000000e+02	5.00000000e+00	5.00000000e+00	6.00000000e+00
-431	4.31000000e+02	5.00000000e+00	5.00000000e+00	6.00000000e+00
-430	4.48000000e+02	5.00000000e+00	5.00000000e+00	6.00000000e+00
-429	4.62000000e+02	6.00000000e+00	6.00000000e+00	7.00000000e+00
-428	4.69000000e+02	6.00000000e+00	6.00000000e+00	7.00000000e+00
-427	4.78000000e+02	6.00000000e+00	6.00000000e+00	7.00000000e+00
-426	4.84000000e+02	6.00000000e+00	6.00000000e+00	7.00000000e+00
-425	4.91000000e+02	6.00000000e+00	6.00000000e+00	7.00000000e+00
-424	4.99000000e+02	6.00000000e+00	6.00000000e+00	7.00000000e+00
-423	5.05000000e+02	6.00000000e+00	6.00000000e+00	7.00000000e+00
-422	5.17000000e+02	6.00000000e+00	6.00000000e+00	7.00000000e+00
-421	5.25000000e+02	6.00000000e+00	6.00000000e+00	7.00000000e+00
-420	5.34000000e+02	6.00000000e+00	6.00000000e+00	7.00000000e+00
-419	5.45000000e+02	6.00000000e+00	6.00000000e+00	7.00000000e+00
-418	5.56000000e+02	6.00000000e+00	6.00000000e+00	7.00000000e+00
-417	5.65000000e+02	6.00000000e+00	6.00000000e+00	7.00000000e+00
-416	5.89000000e+02	6.00000000e+00	6.00000000e+00	7.00000000e+00
-415	6.07000000e+02	6.00000000e+00	6.00000000e+00	7.00000000e+00
-414	6.23000000e+02	6.00000000e+00	6.00000000e+00	7.00000000e+00
-413	6.37000000e+02	6.00000000e+00	6.00000000e+00	7.00000000e+00
-412	6.68000000e+02	6.00000000e+00	6.00000000e+00	7.00000000e+00
-411	6.91000000e+02	6.00000000e+00	6.00000000e+00	7.00000000e+00
-410	7.06000000e+02	6.00000000e+00	6.00000000e+00	7.00000000e+00
-409	7.31000000e+02	6.00000000e+00	6.00000000e+00	7.00000000e+00
-408	7.86000000e+02	6.00000000e+00	6.00000000e+00	7.00000000e+00
-407	8.10000000e+02	6.00000000e+00	6.00000000e+00	7.00000000e+00
-406	8.47000000e+02	6.00000000e+00	6.00000000e+00	7.00000000e+00
-405	8.91000000e+02	6.00000000e+00	6.00000000e+00	7.00000000e+00
-404	9.20000000e+02	6.00000000e+00	6.00000000e+00	7.00000000e+00
-403	9.41000000e+02	6.00000000e+00	6.00000000e+00	7.00000000e+00
-402	9.60000000e+02	6.00000000e+00	6.00000000e+00	7.00000000e+00
-401	9.78000000e+02	6.00000000e+00	6.00000000e+00	7.00000000e+00
-400	9.91000000e+02	6.00000000e+00	6.00000000e+00	7.00000000e+00
-399	1.01700000e+03	6.00000000e+00	6.00000000e+00	7.00000000e+00
-398	1.03600000e+03	6.00000000e+00	6.00000000e+00	7.00000000e+00
-397	1.08500000e+03	6.00000000e+00	6.00000000e+00	7.00000000e+00
-396	1.11000000e+03	6.00000000e+00	6.00000000e+00	7.00000000e+00
-395	1.12900000e+03	6.00000000e+00	6.00000000e+00	7.00000000e+00
-394	1.15100000e+03	6.00000000e+00	6.00000000e+00	7.00000000e+00
-393	1.19000000e+03	6.00000000e+00	6.00000000e+00	7.00000000e+00
-392	1.22800000e+03	6.00000000e+00	6.00000000e+00	7.00000000e+00
-391	1.25300000e+03	7.00000000e+00	7.00000000e+00	8.00000000e+00
-390	1.26800000e+03	7.00000000e+00	7.00000000e+00	8.00000000e+00
-389	1.28800000e+03	7.00000000e+00	7.00000000e+00	8.00000000e+00
-388	1.32400000e+03	8.00000000e+00	8.00000000e+00	9.00000000e+00
-387	1.34000000e+03	8.00000000e+00	8.00000000e+00	9.00000000e+00
-386	1.40100000e+03	8.00000000e+00	8.00000000e+00	9.00000000e+00
-385	1.94100000e+03	8.00000000e+00	8.00000000e+00	9.00000000e+00
-384	2.20700000e+03	8.00000000e+00	8.00000000e+00	9.00000000e+00
-383	2.33100000e+03	9.00000000e+00	9.00000000e+00	1.30000000e+01
-382	2.44300000e+03	9.00000000e+00	9.00000000e+00	1.30000000e+01
-381	2.56500000e+03	9.00000000e+00	1.00000000e+01	1.70000000e+01
-380	2.63300000e+03	9.00000000e+00	1.00000000e+01	1.70000000e+01
-379	2.70600000e+03	9.00000000e+00	1.00000000e+01	1.70000000e+01
-378	2.78600000e+03	9.00000000e+00	1.00000000e+01	1.70000000e+01
-377	2.84700000e+03	9.00000000e+00	1.00000000e+01	1.70000000e+01
-376	2.90400000e+03	9.00000000e+00	1.00000000e+01	1.70000000e+01
-375	2.99100000e+03	9.00000000e+00	1.00000000e+01	1.70000000e+01
-374	3.09700000e+03	9.00000000e+00	1.00000000e+01	1.70000000e+01
-373	3.19900000e+03	9.00000000e+00	1.00000000e+01	1.70000000e+01
-372	3.28200000e+03	9.00000000e+00	1.00000000e+01	1.70000000e+01
-371	3.35900000e+03	9.00000000e+00	1.00000000e+01	1.70000000e+01
-370	3.41900000e+03	9.00000000e+00	1.00000000e+01	1.70000000e+01
-369	3.59400000e+03	1.00000000e+01	1.10000000e+01	1.90000000e+01
-368	3.71800000e+03	1.00000000e+01	1.10000000e+01	1.90000000e+01
-367	3.85600000e+03	1.10000000e+01	1.20000000e+01	2.00000000e+01
-366	3.99900000e+03	1.10000000e+01	1.20000000e+01	2.00000000e+01
-365	4.39900000e+03	1.30000000e+01	1.40000000e+01	2.20000000e+01
-364	4.93700000e+03	1.50000000e+01	1.60000000e+01	3.00000000e+01
-363	5.23500000e+03	1.50000000e+01	1.60000000e+01	3.10000000e+01
-362	5.40000000e+03	1.50000000e+01	1.70000000e+01	3.20000000e+01
-361	5.61900000e+03	1.50000000e+01	1.70000000e+01	3.20000000e+01
-360	6.47500000e+03	1.60000000e+01	1.80000000e+01	3.30000000e+01
-359	7.28400000e+03	1.60000000e+01	1.80000000e+01	3.30000000e+01
-358	7.78500000e+03	1.60000000e+01	1.80000000e+01	3.30000000e+01
-357	8.21200000e+03	1.60000000e+01	1.80000000e+01	3.30000000e+01
-356	8.56900000e+03	1.60000000e+01	1.80000000e+01	3.30000000e+01
-355	8.87300000e+03	1.60000000e+01	1.80000000e+01	3.30000000e+01
-354	9.36300000e+03	1.60000000e+01	1.90000000e+01	3.40000000e+01
-353	1.00610000e+04	1.60000000e+01	1.90000000e+01	3.40000000e+01
-352	1.06030000e+04	1.60000000e+01	1.90000000e+01	3.40000000e+01
-351	1.10960000e+04	1.60000000e+01	1.90000000e+01	3.40000000e+01
-350	1.14610000e+04	1.60000000e+01	1.90000000e+01	3.40000000e+01
-349	1.16860000e+04	1.60000000e+01	1.90000000e+01	3.40000000e+01
-348	1.19780000e+04	1.60000000e+01	1.90000000e+01	3.40000000e+01
-347	1.22110000e+04	1.70000000e+01	2.00000000e+01	3.80000000e+01
-346	1.28630000e+04	1.70000000e+01	2.00000000e+01	3.80000000e+01
-345	1.36680000e+04	1.90000000e+01	2.30000000e+01	4.10000000e+01
-344	1.41070000e+04	1.90000000e+01	2.30000000e+01	4.10000000e+01
-343	1.46040000e+04	1.90000000e+01	2.30000000e+01	4.10000000e+01
-342	1.55300000e+04	2.00000000e+01	2.40000000e+01	4.60000000e+01
-341	1.63020000e+04	2.10000000e+01	2.50000000e+01	6.50000000e+01
-340	1.71470000e+04	2.20000000e+01	2.60000000e+01	6.60000000e+01
-339	1.79970000e+04	2.20000000e+01	2.60000000e+01	6.60000000e+01
-338	1.88290000e+04	2.20000000e+01	2.70000000e+01	6.80000000e+01
-337	1.95250000e+04	2.30000000e+01	2.80000000e+01	6.90000000e+01
-336	2.02080000e+04	2.30000000e+01	2.80000000e+01	6.90000000e+01
-335	2.12350000e+04	2.40000000e+01	2.90000000e+01	7.00000000e+01
-334	2.20720000e+04	2.80000000e+01	3.20000000e+01	7.40000000e+01
-333	2.31020000e+04	2.80000000e+01	3.20000000e+01	7.40000000e+01
-332	2.40140000e+04	2.80000000e+01	3.20000000e+01	7.40000000e+01
-331	2.47310000e+04	2.80000000e+01	3.30000000e+01	7.50000000e+01
-330	2.54970000e+04	2.80000000e+01	3.30000000e+01	7.50000000e+01
-329	2.60750000e+04	2.80000000e+01	3.30000000e+01	7.50000000e+01
-328	2.65920000e+04	2.80000000e+01	3.30000000e+01	7.50000000e+01
-327	2.70370000e+04	2.80000000e+01	3.30000000e+01	7.50000000e+01
-326	2.75230000e+04	2.80000000e+01	3.30000000e+01	7.50000000e+01
-325	2.79480000e+04	3.00000000e+01	3.60000000e+01	8.10000000e+01
-324	2.83010000e+04	3.00000000e+01	3.60000000e+01	8.10000000e+01
-323	2.86260000e+04	3.00000000e+01	3.60000000e+01	8.10000000e+01
-322	2.88790000e+04	3.00000000e+01	3.60000000e+01	8.10000000e+01
-321	2.91290000e+04	3.20000000e+01	3.70000000e+01	8.20000000e+01
-320	2.92960000e+04	3.20000000e+01	3.70000000e+01	8.20000000e+01
-319	2.95270000e+04	3.20000000e+01	3.70000000e+01	8.20000000e+01
-318	2.97980000e+04	3.20000000e+01	3.70000000e+01	8.20000000e+01
-317	3.00590000e+04	3.20000000e+01	3.70000000e+01	8.20000000e+01
-316	3.02610000e+04	3.20000000e+01	3.70000000e+01	8.20000000e+01
-315	3.04160000e+04	3.20000000e+01	3.70000000e+01	8.20000000e+01
-314	3.06030000e+04	3.20000000e+01	3.70000000e+01	8.20000000e+01
-313	3.07740000e+04	3.20000000e+01	3.70000000e+01	8.20000000e+01
-312	3.09290000e+04	3.20000000e+01	3.70000000e+01	8.20000000e+01
-311	3.11400000e+04	3.20000000e+01	3.70000000e+01	8.20000000e+01
-310	3.12830000e+04	3.20000000e+01	3.70000000e+01	8.20000000e+01
-309	3.14830000e+04	3.20000000e+01	3.70000000e+01	8.20000000e+01
-308	3.16430000e+04	3.20000000e+01	3.70000000e+01	8.20000000e+01
-307	3.18370000e+04	3.20000000e+01	3.70000000e+01	8.20000000e+01
-306	3.19580000e+04	3.20000000e+01	3.70000000e+01	8.20000000e+01
-305	3.21150000e+04	3.20000000e+01	3.70000000e+01	8.20000000e+01
-304	3.22600000e+04	3.20000000e+01	3.70000000e+01	8.20000000e+01
-303	3.24250000e+04	3.20000000e+01	3.70000000e+01	8.20000000e+01
-302	3.25320000e+04	3.20000000e+01	3.70000000e+01	8.20000000e+01
-301	3.26510000e+04	3.20000000e+01	3.70000000e+01	8.20000000e+01
-300	3.27870000e+04	3.20000000e+01	3.70000000e+01	8.20000000e+01
-299	3.28900000e+04	3.20000000e+01	3.70000000e+01	8.20000000e+01
-298	3.30740000e+04	3.20000000e+01	3.70000000e+01	8.20000000e+01
-297	3.32510000e+04	3.30000000e+01	3.90000000e+01	8.40000000e+01
-296	3.33990000e+04	3.30000000e+01	3.90000000e+01	8.40000000e+01
-295	3.35290000e+04	3.30000000e+01	3.90000000e+01	8.40000000e+01
-294	3.36430000e+04	3.40000000e+01	4.00000000e+01	8.50000000e+01
-293	3.37510000e+04	3.40000000e+01	4.00000000e+01	8.50000000e+01
-292	3.38440000e+04	3.40000000e+01	4.00000000e+01	8.50000000e+01
-291	3.39620000e+04	3.40000000e+01	4.00000000e+01	8.50000000e+01
-290	3.41130000e+04	3.40000000e+01	4.00000000e+01	8.50000000e+01
-289	3.42550000e+04	3.40000000e+01	4.00000000e+01	8.50000000e+01
-288	3.43560000e+04	3.40000000e+01	4.00000000e+01	8.50000000e+01
-287	3.44520000e+04	3.40000000e+01	4.00000000e+01	8.50000000e+01
-286	3.46290000e+04	3.40000000e+01	4.00000000e+01	8.50000000e+01
-285	3.47490000e+04	3.40000000e+01	4.00000000e+01	8.50000000e+01
-284	3.48780000e+04	3.40000000e+01	4.00000000e+01	8.50000000e+01
-283	3.50280000e+04	3.40000000e+01	4.00000000e+01	8.50000000e+01
-282	3.51810000e+04	3.40000000e+01	4.00000000e+01	8.50000000e+01
-281	3.52850000e+04	3.40000000e+01	4.00000000e+01	8.50000000e+01
-280	3.53890000e+04	3.40000000e+01	4.00000000e+01	8.50000000e+01
-279	3.54540000e+04	3.40000000e+01	4.00000000e+01	8.50000000e+01
-278	3.55190000e+04	3.40000000e+01	4.00000000e+01	8.50000000e+01
-277	3.56050000e+04	3.40000000e+01	4.00000000e+01	8.50000000e+01
-276	3.57100000e+04	3.40000000e+01	4.00000000e+01	8.50000000e+01
-275	3.57830000e+04	3.40000000e+01	4.00000000e+01	8.50000000e+01
-274	3.58840000e+04	3.40000000e+01	4.00000000e+01	8.50000000e+01
-273	3.59950000e+04	3.40000000e+01	4.00000000e+01	8.50000000e+01
-272	3.60920000e+04	3.40000000e+01	4.00000000e+01	8.50000000e+01
-271	3.61740000e+04	3.40000000e+01	4.00000000e+01	8.50000000e+01
-270	3.62880000e+04	3.40000000e+01	4.00000000e+01	8.50000000e+01
-269	3.63790000e+04	3.40000000e+01	4.00000000e+01	8.50000000e+01
-268	3.64770000e+04	3.40000000e+01	4.00000000e+01	8.50000000e+01
-267	3.65890000e+04	3.40000000e+01	4.00000000e+01	8.50000000e+01
-266	3.66770000e+04	3.40000000e+01	4.00000000e+01	8.50000000e+01
-265	3.67740000e+04	3.40000000e+01	4.00000000e+01	8.50000000e+01
-264	3.68730000e+04	3.40000000e+01	4.00000000e+01	8.50000000e+01
-263	3.69590000e+04	3.40000000e+01	4.00000000e+01	8.50000000e+01
-262	3.71020000e+04	3.60000000e+01	4.20000000e+01	8.70000000e+01
-261	3.72010000e+04	3.60000000e+01	4.20000000e+01	8.70000000e+01
-260	3.73250000e+04	3.60000000e+01	4.20000000e+01	8.70000000e+01
-259	3.74270000e+04	3.60000000e+01	4.20000000e+01	8.70000000e+01
-258	3.75410000e+04	3.60000000e+01	4.20000000e+01	8.70000000e+01
-257	3.76230000e+04	3.60000000e+01	4.20000000e+01	8.70000000e+01
-256	3.77220000e+04	3.60000000e+01	4.20000000e+01	8.70000000e+01
-255	3.78310000e+04	3.60000000e+01	4.20000000e+01	8.70000000e+01
-254	3.79810000e+04	3.60000000e+01	4.20000000e+01	8.70000000e+01
-253	3.82450000e+04	3.60000000e+01	4.20000000e+01	8.70000000e+01
-252	3.84250000e+04	3.60000000e+01	4.20000000e+01	8.70000000e+01
-251	3.85290000e+04	3.60000000e+01	4.20000000e+01	8.70000000e+01
-250	3.86290000e+04	3.60000000e+01	4.20000000e+01	8.70000000e+01
-249	3.87290000e+04	3.60000000e+01	4.20000000e+01	8.70000000e+01
-248	3.88690000e+04	3.60000000e+01	4.20000000e+01	8.70000000e+01
-247	3.90130000e+04	3.60000000e+01	4.20000000e+01	8.70000000e+01
-246	3.91470000e+04	3.60000000e+01	4.20000000e+01	8.70000000e+01
-245	3.92760000e+04	3.60000000e+01	4.20000000e+01	8.70000000e+01
-244	3.93990000e+04	3.60000000e+01	4.20000000e+01	8.70000000e+01
-243	3.95390000e+04	3.60000000e+01	4.20000000e+01	8.70000000e+01
-242	3.97060000e+04	3.60000000e+01	4.20000000e+01	8.70000000e+01
-241	3.98530000e+04	3.80000000e+01	4.30000000e+01	8.90000000e+01
-240	4.00180000e+04	3.80000000e+01	4.30000000e+01	8.90000000e+01
-239	4.01630000e+04	3.80000000e+01	4.30000000e+01	8.90000000e+01
-238	4.03220000e+04	3.80000000e+01	4.30000000e+01	8.90000000e+01
-237	4.04830000e+04	3.80000000e+01	4.30000000e+01	8.90000000e+01
-236	4.06170000e+04	3.80000000e+01	4.30000000e+01	8.90000000e+01
-235	4.07690000e+04	3.80000000e+01	4.30000000e+01	8.90000000e+01
-234	4.09260000e+04	3.80000000e+01	4.30000000e+01	8.90000000e+01
-233	4.10850000e+04	3.80000000e+01	4.30000000e+01	8.90000000e+01
-232	4.10850000e+04	3.80000000e+01	4.30000000e+01	8.90000000e+01
-231	4.13030000e+04	3.80000000e+01	4.30000000e+01	8.90000000e+01
-230	4.13030000e+04	3.80000000e+01	4.30000000e+01	8.90000000e+01
-229	4.13030000e+04	3.80000000e+01	4.30000000e+01	8.90000000e+01
-228	4.13030000e+04	3.80000000e+01	4.30000000e+01	8.90000000e+01
-227	4.15540000e+04	3.80000000e+01	4.30000000e+01	8.90000000e+01
-226	4.18060000e+04	3.80000000e+01	4.30000000e+01	8.90000000e+01
-225	4.20240000e+04	3.80000000e+01	4.30000000e+01	8.90000000e+01
-224	4.21860000e+04	3.80000000e+01	4.30000000e+01	8.90000000e+01
-223	4.23810000e+04	3.80000000e+01	4.30000000e+01	8.90000000e+01
-222	4.25610000e+04	3.80000000e+01	4.30000000e+01	8.90000000e+01
-221	4.27770000e+04	3.80000000e+01	4.30000000e+01	8.90000000e+01
-220	4.30580000e+04	3.80000000e+01	4.30000000e+01	8.90000000e+01
-219	4.33900000e+04	3.80000000e+01	4.30000000e+01	8.90000000e+01
-218	4.41860000e+04	3.80000000e+01	4.30000000e+01	8.90000000e+01
-217	4.46790000e+04	3.80000000e+01	4.30000000e+01	8.90000000e+01
-216	4.51270000e+04	3.80000000e+01	4.30000000e+01	8.90000000e+01
-215	4.55760000e+04	3.80000000e+01	4.30000000e+01	8.90000000e+01
-214	4.60820000e+04	3.80000000e+01	4.30000000e+01	8.90000000e+01
-213	4.65710000e+04	3.90000000e+01	4.40000000e+01	9.00000000e+01
-212	4.69940000e+04	3.90000000e+01	4.40000000e+01	9.00000000e+01
-211	4.69940000e+04	4.00000000e+01	4.50000000e+01	9.10000000e+01
-210	4.69940000e+04	4.00000000e+01	4.50000000e+01	9.10000000e+01
-209	4.69940000e+04	4.00000000e+01	4.50000000e+01	9.10000000e+01
-208	4.72710000e+04	4.00000000e+01	4.50000000e+01	9.10000000e+01
-207	4.76470000e+04	4.00000000e+01	4.50000000e+01	9.10000000e+01
-206	4.79950000e+04	4.00000000e+01	4.50000000e+01	9.10000000e+01
-205	4.83030000e+04	4.00000000e+01	4.50000000e+01	9.10000000e+01
-204	4.86130000e+04	4.00000000e+01	4.50000000e+01	9.10000000e+01
-203	4.89450000e+04	4.00000000e+01	4.50000000e+01	9.10000000e+01
-202	4.92800000e+04	4.00000000e+01	4.50000000e+01	9.10000000e+01
-201	4.95590000e+04	4.00000000e+01	4.50000000e+01	9.10000000e+01
-200	4.98770000e+04	4.00000000e+01	4.50000000e+01	9.10000000e+01
-199	5.02300000e+04	4.00000000e+01	4.50000000e+01	9.10000000e+01
-198	5.05390000e+04	4.00000000e+01	4.50000000e+01	9.10000000e+01
-197	5.08130000e+04	4.00000000e+01	4.50000000e+01	9.10000000e+01
-196	5.11020000e+04	4.00000000e+01	4.50000000e+01	9.10000000e+01
-195	5.14040000e+04	4.00000000e+01	4.50000000e+01	9.10000000e+01
-194	5.16670000e+04	4.00000000e+01	4.50000000e+01	9.10000000e+01
-193	5.19650000e+04	4.00000000e+01	4.50000000e+01	9.10000000e+01
-192	5.23280000e+04	4.00000000e+01	4.50000000e+01	9.10000000e+01
-191	5.26700000e+04	4.00000000e+01	4.50000000e+01	9.10000000e+01
-190	5.30320000e+04	4.00000000e+01	4.50000000e+01	9.10000000e+01
-189	5.33920000e+04	4.00000000e+01	4.50000000e+01	9.10000000e+01
-188	5.37800000e+04	4.00000000e+01	4.50000000e+01	9.10000000e+01
-187	5.41090000e+04	4.00000000e+01	4.50000000e+01	9.10000000e+01
-186	5.45090000e+04	4.00000000e+01	4.50000000e+01	9.10000000e+01
-185	5.48270000e+04	4.00000000e+01	4.50000000e+01	9.10000000e+01
-184	5.51190000e+04	4.10000000e+01	4.60000000e+01	9.20000000e+01
-183	5.53970000e+04	4.10000000e+01	4.60000000e+01	9.20000000e+01
-182	5.56490000e+04	4.10000000e+01	4.60000000e+01	9.20000000e+01
-181	5.59070000e+04	4.10000000e+01	4.60000000e+01	9.20000000e+01
-180	5.61920000e+04	4.10000000e+01	4.60000000e+01	9.20000000e+01
-179	5.61920000e+04	4.10000000e+01	4.60000000e+01	9.20000000e+01
-178	5.64390000e+04	4.10000000e+01	4.60000000e+01	9.20000000e+01
-177	5.66380000e+04	4.10000000e+01	4.60000000e+01	9.20000000e+01
-176	5.68260000e+04	4.10000000e+01	4.60000000e+01	9.20000000e+01
-175	5.70200000e+04	4.10000000e+01	4.60000000e+01	9.20000000e+01
-174	5.72550000e+04	4.10000000e+01	4.60000000e+01	9.20000000e+01
-173	5.74710000e+04	4.10000000e+01	4.60000000e+01	9.20000000e+01
-172	5.74710000e+04	4.10000000e+01	4.60000000e+01	9.20000000e+01
-171	5.76920000e+04	4.10000000e+01	4.60000000e+01	9.20000000e+01
-170	5.78630000e+04	4.10000000e+01	4.60000000e+01	9.20000000e+01
-169	5.80670000e+04	4.10000000e+01	4.60000000e+01	9.20000000e+01
-168	5.82950000e+04	4.10000000e+01	4.60000000e+01	9.20000000e+01
-167	5.85440000e+04	4.10000000e+01	4.60000000e+01	9.20000000e+01
-166	5.88390000e+04	4.10000000e+01	4.60000000e+01	9.20000000e+01
-165	5.91110000e+04	4.10000000e+01	4.60000000e+01	9.20000000e+01
-164	5.93420000e+04	4.10000000e+01	4.60000000e+01	9.20000000e+01
-163	5.95220000e+04	4.10000000e+01	4.60000000e+01	9.20000000e+01
-162	5.97370000e+04	4.10000000e+01	4.60000000e+01	9.20000000e+01
-161	5.99210000e+04	4.10000000e+01	4.60000000e+01	9.20000000e+01
-160	6.01120000e+04	4.10000000e+01	4.60000000e+01	9.20000000e+01
-159	6.03130000e+04	4.10000000e+01	4.60000000e+01	9.20000000e+01
-158	6.05410000e+04	4.10000000e+01	4.60000000e+01	9.20000000e+01
-157	6.08040000e+04	4.20000000e+01	4.70000000e+01	9.30000000e+01
-156	6.09860000e+04	4.20000000e+01	4.70000000e+01	9.30000000e+01
-155	6.11540000e+04	4.20000000e+01	4.70000000e+01	9.30000000e+01
-154	6.12990000e+04	4.20000000e+01	4.70000000e+01	9.30000000e+01
-153	6.14480000e+04	4.20000000e+01	4.70000000e+01	9.30000000e+01
-152	6.16130000e+04	4.20000000e+01	4.70000000e+01	9.30000000e+01
-151	6.18280000e+04	4.20000000e+01	4.70000000e+01	9.30000000e+01
-150	6.20400000e+04	4.20000000e+01	4.70000000e+01	9.30000000e+01
-149	6.21700000e+04	4.20000000e+01	4.70000000e+01	9.30000000e+01
-148	6.23090000e+04	4.20000000e+01	4.70000000e+01	9.30000000e+01
-147	6.24760000e+04	4.20000000e+01	4.70000000e+01	9.30000000e+01
-146	6.26500000e+04	4.30000000e+01	4.80000000e+01	9.40000000e+01
-145	6.28110000e+04	4.30000000e+01	4.80000000e+01	9.40000000e+01
-144	6.30520000e+04	4.30000000e+01	4.80000000e+01	9.40000000e+01
-143	6.32640000e+04	4.30000000e+01	4.80000000e+01	9.40000000e+01
-142	6.34850000e+04	4.30000000e+01	4.80000000e+01	9.40000000e+01
-141	6.36780000e+04	4.30000000e+01	4.80000000e+01	9.40000000e+01
-140	6.38380000e+04	4.30000000e+01	4.80000000e+01	9.40000000e+01
-139	6.39790000e+04	4.30000000e+01	4.80000000e+01	9.40000000e+01
-138	6.41700000e+04	4.30000000e+01	4.90000000e+01	9.50000000e+01
-137	6.43790000e+04	4.30000000e+01	4.90000000e+01	9.50000000e+01
-136	6.45790000e+04	4.30000000e+01	4.90000000e+01	9.50000000e+01
-135	6.47840000e+04	4.30000000e+01	4.90000000e+01	9.50000000e+01
-134	6.50200000e+04	4.30000000e+01	4.90000000e+01	9.50000000e+01
-133	6.52250000e+04	4.30000000e+01	5.00000000e+01	9.60000000e+01
-132	6.54800000e+04	4.30000000e+01	5.00000000e+01	9.60000000e+01
-131	6.57210000e+04	4.40000000e+01	5.10000000e+01	9.70000000e+01
-130	6.59270000e+04	4.40000000e+01	5.10000000e+01	9.70000000e+01
-129	6.61500000e+04	4.40000000e+01	5.10000000e+01	9.70000000e+01
-128	6.63570000e+04	4.40000000e+01	5.10000000e+01	8.00000000e+00
-127	6.65580000e+04	4.40000000e+01	5.10000000e+01	9.70000000e+01
-126	6.67850000e+04	4.40000000e+01	5.10000000e+01	9.70000000e+01
-125	6.69550000e+04	4.40000000e+01	5.10000000e+01	9.70000000e+01
-124	6.71580000e+04	4.40000000e+01	5.10000000e+01	9.70000000e+01
-123	6.74830000e+04	4.40000000e+01	5.10000000e+01	9.70000000e+01
-122	6.77730000e+04	4.40000000e+01	5.10000000e+01	9.70000000e+01
-121	6.79900000e+04	4.40000000e+01	5.10000000e+01	9.70000000e+01
-120	6.81620000e+04	4.40000000e+01	5.10000000e+01	9.70000000e+01
-119	6.83700000e+04	4.40000000e+01	5.10000000e+01	9.70000000e+01
-118	6.85560000e+04	4.40000000e+01	5.10000000e+01	9.70000000e+01
-117	6.87520000e+04	4.40000000e+01	5.10000000e+01	9.70000000e+01
-116	6.89640000e+04	4.40000000e+01	5.10000000e+01	9.70000000e+01
-115	6.92350000e+04	4.40000000e+01	5.10000000e+01	9.70000000e+01
-114	6.94390000e+04	4.40000000e+01	5.10000000e+01	9.70000000e+01
-113	6.96180000e+04	4.40000000e+01	5.10000000e+01	9.70000000e+01
-112	6.97860000e+04	4.40000000e+01	5.10000000e+01	9.70000000e+01
-111	6.99620000e+04	4.40000000e+01	5.10000000e+01	9.70000000e+01
-110	6.99620000e+04	4.40000000e+01	5.10000000e+01	9.70000000e+01
-109	6.99620000e+04	4.60000000e+01	5.20000000e+01	9.80000000e+01
-108	7.02070000e+04	4.60000000e+01	5.20000000e+01	9.80000000e+01
-107	7.04680000e+04	4.60000000e+01	5.20000000e+01	9.80000000e+01
-106	7.06890000e+04	4.70000000e+01	5.30000000e+01	1.00000000e+02
-105	7.08770000e+04	4.70000000e+01	5.30000000e+01	1.00000000e+02
-104	7.10910000e+04	4.70000000e+01	5.30000000e+01	1.00000000e+02
-103	7.13060000e+04	4.70000000e+01	5.30000000e+01	1.00000000e+02
-102	7.15770000e+04	4.70000000e+01	5.30000000e+01	1.00000000e+02
-101	7.18800000e+04	4.70000000e+01	5.30000000e+01	1.00000000e+02
-100	7.21030000e+04	4.70000000e+01	5.30000000e+01	1.00000000e+02
-99	7.23440000e+04	4.70000000e+01	5.30000000e+01	1.00000000e+02
-98	7.25300000e+04	4.70000000e+01	5.30000000e+01	1.00000000e+02
-97	7.27360000e+04	4.70000000e+01	5.30000000e+01	1.00000000e+02
-96	7.29010000e+04	4.70000000e+01	5.30000000e+01	1.00000000e+02
-95	7.31000000e+04	4.70000000e+01	5.30000000e+01	1.00000000e+02
-94	7.31000000e+04	4.70000000e+01	5.30000000e+01	1.00000000e+02
-93	7.32590000e+04	4.70000000e+01	5.30000000e+01	1.00000000e+02
-92	7.33980000e+04	4.70000000e+01	5.30000000e+01	1.00000000e+02
-91	7.36190000e+04	4.70000000e+01	5.30000000e+01	1.00000000e+02
-90	7.37690000e+04	4.70000000e+01	5.30000000e+01	1.00000000e+02
-89	7.39300000e+04	4.70000000e+01	5.30000000e+01	1.00000000e+02
-88	7.41970000e+04	4.70000000e+01	5.30000000e+01	1.00000000e+02
-87	7.43430000e+04	4.70000000e+01	5.30000000e+01	1.00000000e+02
-86	7.44750000e+04	4.70000000e+01	5.30000000e+01	1.00000000e+02
-85	7.46410000e+04	4.70000000e+01	5.30000000e+01	1.00000000e+02
-84	7.48010000e+04	4.70000000e+01	5.30000000e+01	1.00000000e+02
-83	7.49360000e+04	4.70000000e+01	5.40000000e+01	1.01000000e+02
-82	7.51110000e+04	4.70000000e+01	5.40000000e+01	1.01000000e+02
-81	7.52740000e+04	4.70000000e+01	5.40000000e+01	1.01000000e+02
-80	7.54450000e+04	4.70000000e+01	5.40000000e+01	1.01000000e+02
-79	7.54450000e+04	4.70000000e+01	5.40000000e+01	1.01000000e+02
-78	7.55580000e+04	4.70000000e+01	5.40000000e+01	1.01000000e+02
-77	7.56870000e+04	4.70000000e+01	5.40000000e+01	1.01000000e+02
-76	7.58050000e+04	4.70000000e+01	5.40000000e+01	1.01000000e+02
-75	7.59640000e+04	4.70000000e+01	5.40000000e+01	1.01000000e+02
-74	7.61060000e+04	4.70000000e+01	5.40000000e+01	1.01000000e+02
-73	7.62650000e+04	4.70000000e+01	5.40000000e+01	1.01000000e+02
-72	7.64370000e+04	4.70000000e+01	5.40000000e+01	1.01000000e+02
-71	7.65620000e+04	4.70000000e+01	5.40000000e+01	1.01000000e+02
-70	7.67220000e+04	4.70000000e+01	5.40000000e+01	1.01000000e+02
-69	7.68610000e+04	4.70000000e+01	5.40000000e+01	1.01000000e+02
-68	7.70510000e+04	4.70000000e+01	5.40000000e+01	1.01000000e+02
-67	7.72150000e+04	4.70000000e+01	5.40000000e+01	1.01000000e+02
-66	7.73880000e+04	4.70000000e+01	5.40000000e+01	1.01000000e+02
-65	7.75150000e+04	4.70000000e+01	5.40000000e+01	1.01000000e+02
-64	7.76440000e+04	4.70000000e+01	5.40000000e+01	1.01000000e+02
-63	7.78120000e+04	4.70000000e+01	5.40000000e+01	1.01000000e+02
-62	7.79700000e+04	4.70000000e+01	5.40000000e+01	1.01000000e+02
-61	7.81480000e+04	4.70000000e+01	5.40000000e+01	1.01000000e+02
-60	7.83050000e+04	4.70000000e+01	5.40000000e+01	1.01000000e+02
-59	7.84780000e+04	4.70000000e+01	5.40000000e+01	1.01000000e+02
-58	7.86270000e+04	4.70000000e+01	5.40000000e+01	1.01000000e+02
-57	7.87570000e+04	4.70000000e+01	5.40000000e+01	1.01000000e+02
-56	7.88730000e+04	4.70000000e+01	5.40000000e+01	1.01000000e+02
-55	7.89940000e+04	4.70000000e+01	5.40000000e+01	1.01000000e+02
-54	7.91820000e+04	4.70000000e+01	5.40000000e+01	1.01000000e+02
-53	7.93450000e+04	4.70000000e+01	5.40000000e+01	1.01000000e+02
-52	7.95030000e+04	4.70000000e+01	5.40000000e+01	1.01000000e+02
-51	7.96590000e+04	4.70000000e+01	5.40000000e+01	1.01000000e+02
-50	7.98230000e+04	4.70000000e+01	5.40000000e+01	1.01000000e+02
-49	7.99370000e+04	4.70000000e+01	5.40000000e+01	1.01000000e+02
-48	8.00860000e+04	4.90000000e+01	5.50000000e+01	1.02000000e+02
-47	8.02690000e+04	4.90000000e+01	5.50000000e+01	1.02000000e+02
-46	8.04370000e+04	4.90000000e+01	5.50000000e+01	1.02000000e+02
-45	8.06080000e+04	4.90000000e+01	5.50000000e+01	1.02000000e+02
-44	8.07900000e+04	4.90000000e+01	5.50000000e+01	1.02000000e+02
-43	8.09550000e+04	4.90000000e+01	5.50000000e+01	1.02000000e+02
-42	8.10730000e+04	4.90000000e+01	5.50000000e+01	1.02000000e+02
-41	8.12260000e+04	4.90000000e+01	5.50000000e+01	1.02000000e+02
-40	8.13760000e+04	4.90000000e+01	5.50000000e+01	1.02000000e+02
-39	8.15550000e+04	4.90000000e+01	5.50000000e+01	1.02000000e+02
-38	8.17070000e+04	4.90000000e+01	5.50000000e+01	1.02000000e+02
-37	8.18430000e+04	4.90000000e+01	5.50000000e+01	1.02000000e+02
-36	8.19920000e+04	4.90000000e+01	5.50000000e+01	1.02000000e+02
-35	8.21090000e+04	4.90000000e+01	5.50000000e+01	1.02000000e+02
-34	8.22820000e+04	5.00000000e+01	5.60000000e+01	1.03000000e+02
-33	8.24580000e+04	5.00000000e+01	5.70000000e+01	1.04000000e+02
-32	8.26100000e+04	5.00000000e+01	5.70000000e+01	1.04000000e+02
-31	8.28180000e+04	5.00000000e+01	5.70000000e+01	1.04000000e+02
-30	8.30730000e+04	5.00000000e+01	5.70000000e+01	1.04000000e+02
-29	8.32430000e+04	5.00000000e+01	5.70000000e+01	1.04000000e+02
-28	8.33860000e+04	5.00000000e+01	5.70000000e+01	1.04000000e+02
-27	8.37690000e+04	5.00000000e+01	5.70000000e+01	1.04000000e+02
-26	8.41440000e+04	5.00000000e+01	5.70000000e+01	1.04000000e+02
-25	8.44190000e+04	5.20000000e+01	5.80000000e+01	1.05000000e+02
-24	8.46560000e+04	5.20000000e+01	5.80000000e+01	1.05000000e+02
-23	8.48820000e+04	5.20000000e+01	5.90000000e+01	1.07000000e+02
-22	8.50970000e+04	5.20000000e+01	5.90000000e+01	1.07000000e+02
-21	8.52810000e+04	5.20000000e+01	5.90000000e+01	1.07000000e+02
-20	8.54540000e+04	5.20000000e+01	5.90000000e+01	1.07000000e+02
-19	8.56410000e+04	5.20000000e+01	5.90000000e+01	1.07000000e+02
-18	8.58660000e+04	5.20000000e+01	5.90000000e+01	1.07000000e+02
-17	8.61920000e+04	5.20000000e+01	5.90000000e+01	1.07000000e+02
-16	8.64720000e+04	5.20000000e+01	5.90000000e+01	1.07000000e+02
-15	8.67720000e+04	5.20000000e+01	5.90000000e+01	1.07000000e+02
-14	8.70760000e+04	5.20000000e+01	5.90000000e+01	1.07000000e+02
-13	8.74200000e+04	5.40000000e+01	6.00000000e+01	1.08000000e+02
-12	8.77580000e+04	5.40000000e+01	6.00000000e+01	1.08000000e+02
-11	8.80570000e+04	5.40000000e+01	6.00000000e+01	1.08000000e+02
-10	8.84160000e+04	5.40000000e+01	6.00000000e+01	1.08000000e+02
-9	8.87260000e+04	5.40000000e+01	6.00000000e+01	1.08000000e+02
-8	8.89670000e+04	5.40000000e+01	6.00000000e+01	1.08000000e+02
-7	8.92130000e+04	5.40000000e+01	6.00000000e+01	1.08000000e+02
-6	8.94890000e+04	5.40000000e+01	6.00000000e+01	1.08000000e+02
-5	8.97700000e+04	5.40000000e+01	6.00000000e+01	1.08000000e+02
-4	9.00920000e+04	5.40000000e+01	6.00000000e+01	1.08000000e+02
-3	9.04640000e+04	5.40000000e+01	6.00000000e+01	1.08000000e+02
-2	9.08360000e+04	5.40000000e+01	6.00000000e+01	1.08000000e+02
-1	9.12320000e+04	5.40000000e+01	6.00000000e+01	1.08000000e+02
0	9.15690000e+04	5.40000000e+01	6.00000000e+01	1.08000000e+02
1	9.20100000e+04	5.40000000e+01	6.00000000e+01	1.08000000e+02
2	9.25090000e+04	5.40000000e+01	6.00000000e+01	1.08000000e+02
3	9.29090000e+04	5.40000000e+01	6.00000000e+01	1.08000000e+02
4	9.33310000e+04	5.40000000e+01	6.00000000e+01	1.08000000e+02
5	9.36170000e+04	5.40000000e+01	6.00000000e+01	1.08000000e+02
6	9.38730000e+04	5.40000000e+01	6.00000000e+01	1.08000000e+02
7	9.42080000e+04	5.40000000e+01	6.00000000e+01	1.08000000e+02
8	9.45440000e+04	5.50000000e+01	6.10000000e+01	1.10000000e+02
9	9.48830000e+04	5.50000000e+01	6.10000000e+01	1.10000000e+02
10	9.52660000e+04	5.50000000e+01	6.10000000e+01	1.10000000e+02
11	9.56060000e+04	5.50000000e+01	6.10000000e+01	1.10000000e+02
12	9.58330000e+04	5.50000000e+01	6.10000000e+01	1.10000000e+02
13	9.60500000e+04	5.50000000e+01	6.10000000e+01	1.10000000e+02
14	9.62300000e+04	5.50000000e+01	6.10000000e+01	1.10000000e+02
15	9.64120000e+04	5.50000000e+01	6.10000000e+01	1.10000000e+02
16	9.66560000e+04	5.50000000e+01	6.10000000e+01	1.10000000e+02
17	9.68850000e+04	5.50000000e+01	6.10000000e+01	1.10000000e+02
18	9.70840000e+04	5.50000000e+01	6.10000000e+01	1.10000000e+02
19	9.73330000e+04	5.70000000e+01	6.20000000e+01	1.11000000e+02
20	9.75130000e+04	5.70000000e+01	6.20000000e+01	1.11000000e+02
21	9.76910000e+04	5.70000000e+01	6.20000000e+01	1.11000000e+02
22	9.78700000e+04	5.70000000e+01	6.20000000e+01	1.11000000e+02
23	9.80810000e+04	5.70000000e+01	6.20000000e+01	1.11000000e+02
24	9.83060000e+04	5.70000000e+01	6.20000000e+01	1.11000000e+02
25	9.85400000e+04	5.70000000e+01	6.20000000e+01	1.11000000e+02
26	9.87500000e+04	5.70000000e+01	6.20000000e+01	1.11000000e+02
27	9.89250000e+04	5.70000000e+01	6.20000000e+01	1.11000000e+02
28	9.90940000e+04	5.70000000e+01	6.20000000e+01	1.11000000e+02
29	9.92060000e+04	5.70000000e+01	6.20000000e+01	1.11000000e+02
30	9.92510000e+04	5.70000000e+01	6.20000000e+01	1.11000000e+02
31	9.92800000e+04	5.70000000e+01	6.20000000e+01	1.11000000e+02
32	9.93360000e+04	5.70000000e+01	6.20000000e+01	1.11000000e+02
33	9.94160000e+04	5.70000000e+01	6.20000000e+01	1.11000000e+02
34	9.95350000e+04	5.70000000e+01	6.20000000e+01	1.11000000e+02
35	9.97000000e+04	5.70000000e+01	6.20000000e+01	1.11000000e+02
36	9.98610000e+04	5.70000000e+01	6.20000000e+01	1.11000000e+02
37	1.00084000e+05	5.70000000e+01	6.20000000e+01	1.11000000e+02
38	1.00318000e+05	5.70000000e+01	6.20000000e+01	1.11000000e+02
39	1.00550000e+05	5.70000000e+01	6.20000000e+01	1.11000000e+02
40	1.00729000e+05	5.70000000e+01	6.20000000e+01	1.11000000e+02
41	1.00897000e+05	5.70000000e+01	6.20000000e+01	1.11000000e+02
42	1.01049000e+05	5.70000000e+01	6.20000000e+01	1.11000000e+02
43	1.01159000e+05	5.70000000e+01	6.20000000e+01	1.11000000e+02
44	1.01159000e+05	5.70000000e+01	6.20000000e+01	1.11000000e+02
45	1.01230000e+05	5.70000000e+01	6.20000000e+01	1.11000000e+02
46	1.01230000e+05	5.70000000e+01	6.20000000e+01	1.11000000e+02
47	1.01418000e+05	5.70000000e+01	6.20000000e+01	1.11000000e+02
48	1.01589000e+05	5.70000000e+01	6.20000000e+01	1.11000000e+02
49	1.01804000e+05	5.70000000e+01	6.20000000e+01	1.11000000e+02
50	1.01999000e+05	5.70000000e+01	6.20000000e+01	1.11000000e+02
51	1.02151000e+05	5.70000000e+01	6.20000000e+01	1.11000000e+02
52	1.02297000e+05	5.70000000e+01	6.20000000e+01	1.11000000e+02
53	1.02297000e+05	5.70000000e+01	6.20000000e+01	1.11000000e+02
54	1.02454000e+05	5.70000000e+01	6.20000000e+01	1.11000000e+02
55	1.02454000e+05	5.70000000e+01	6.20000000e+01	1.11000000e+02
56	1.02454000e+05	5.70000000e+01	6.20000000e+01	1.11000000e+02
57	1.02454000e+05	5.70000000e+01	6.20000000e+01	1.11000000e+02
58	1.02454000e+05	5.70000000e+01	6.20000000e+01	1.11000000e+02
59	1.02624000e+05	5.80000000e+01	6.30000000e+01	1.13000000e+02
60	1.02784000e+05	5.80000000e+01	6.30000000e+01	1.13000000e+02
61	1.02935000e+05	5.80000000e+01	6.30000000e+01	1.13000000e+02
62	1.03094000e+05	5.80000000e+01	6.30000000e+01	1.13000000e+02
63	1.03199000e+05	5.80000000e+01	6.30000000e+01	1.13000000e+02
64	1.03365000e+05	6.00000000e+01	6.40000000e+01	1.18000000e+02
65	1.03546000e+05	6.00000000e+01	6.50000000e+01	1.19000000e+02
66	1.03742000e+05	6.40000000e+01	6.60000000e+01	1.24000000e+02
67	1.03901000e+05	6.40000000e+01	6.60000000e+01	1.24000000e+02
68	1.04074000e+05	6.50000000e+01	6.70000000e+01	1.25000000e+02
69	1.04237000e+05	6.40000000e+01	6.80000000e+01	1.26000000e+02
70	1.04401000e+05	6.40000000e+01	6.80000000e+01	1.26000000e+02
71	1.04625000e+05	6.40000000e+01	6.80000000e+01	1.26000000e+02
72	1.04849000e+05	6.40000000e+01	6.80000000e+01	1.26000000e+02
73	1.05080000e+05	6.40000000e+01	6.80000000e+01	1.26000000e+02
74	1.05348000e+05	6.60000000e+01	6.90000000e+01	1.27000000e+02
75	1.05556000e+05	6.60000000e+01	6.90000000e+01	1.27000000e+02
76	1.05808000e+05	6.60000000e+01	6.90000000e+01	1.27000000e+02
77	1.06012000e+05	6.60000000e+01	6.90000000e+01	1.27000000e+02
78	1.06218000e+05	6.60000000e+01	6.90000000e+01	1.27000000e+02
79	1.06422000e+05	6.60000000e+01	6.90000000e+01	1.27000000e+02
80	1.06599000e+05	6.60000000e+01	6.90000000e+01	1.27000000e+02
81	1.06794000e+05	6.60000000e+01	6.90000000e+01	1.27000000e+02
82	1.06974000e+05	6.60000000e+01	6.90000000e+01	1.27000000e+02
83	1.07185000e+05	6.60000000e+01	6.90000000e+01	1.27000000e+02
84	1.07380000e+05	6.60000000e+01	6.90000000e+01	1.27000000e+02
85	1.07545000e+05	6.70000000e+01	1.50000000e+01	1.28000000e+02
86	1.07749000e+05	6.70000000e+01	7.00000000e+01	1.28000000e+02
87	1.07945000e+05	6.70000000e+01	7.00000000e+01	1.28000000e+02
88	1.08174000e+05	6.70000000e+01	7.00000000e+01	1.28000000e+02
89	1.08386000e+05	6.70000000e+01	7.00000000e+01	1.28000000e+02
90	1.08584000e+05	6.70000000e+01	7.00000000e+01	1.28000000e+02
91	1.08801000e+05	6.90000000e+01	7.10000000e+01	1.29000000e+02
92	1.09008000e+05	6.90000000e+01	7.10000000e+01	1.29000000e+02
93	1.09204000e+05	6.90000000e+01	7.10000000e+01	1.29000000e+02
94	1.09410000e+05	6.90000000e+01	7.10000000e+01	1.29000000e+02
95	1.09616000e+05	6.90000000e+01	7.10000000e+01	1.29000000e+02
96	1.09818000e+05	6.90000000e+01	7.10000000e+01	1.29000000e+02
97	1.10006000e+05	6.90000000e+01	7.10000000e+01	1.29000000e+02
98	1.10180000e+05	6.90000000e+01	7.10000000e+01	1.29000000e+02
99	1.10356000e+05	6.90000000e+01	7.10000000e+01	1.29000000e+02
100	1.10552000e+05	6.90000000e+01	7.10000000e+01	1.29000000e+02
