Day_(movie_time)	Views	Users	Rigor	Edits
-500	0.00000000e+00	0.00000000e+00	0.00000000e+00	0.00000000e+00
-499	2.00000000e+00	0.00000000e+00	0.00000000e+00	0.00000000e+00
-498	6.00000000e+00	0.00000000e+00	0.00000000e+00	0.00000000e+00
-497	8.00000000e+00	0.00000000e+00	0.00000000e+00	0.00000000e+00
-496	1.10000000e+01	0.00000000e+00	0.00000000e+00	0.00000000e+00
-495	1.20000000e+01	0.00000000e+00	0.00000000e+00	0.00000000e+00
-494	1.40000000e+01	0.00000000e+00	0.00000000e+00	0.00000000e+00
-493	1.50000000e+01	0.00000000e+00	0.00000000e+00	0.00000000e+00
-492	1.60000000e+01	0.00000000e+00	0.00000000e+00	0.00000000e+00
-491	1.60000000e+01	0.00000000e+00	0.00000000e+00	0.00000000e+00
-490	1.80000000e+01	0.00000000e+00	0.00000000e+00	0.00000000e+00
-489	2.10000000e+01	0.00000000e+00	0.00000000e+00	0.00000000e+00
-488	2.20000000e+01	0.00000000e+00	0.00000000e+00	0.00000000e+00
-487	2.30000000e+01	0.00000000e+00	0.00000000e+00	0.00000000e+00
-486	2.50000000e+01	0.00000000e+00	0.00000000e+00	0.00000000e+00
-485	2.60000000e+01	0.00000000e+00	0.00000000e+00	0.00000000e+00
-484	2.70000000e+01	0.00000000e+00	0.00000000e+00	0.00000000e+00
-483	2.90000000e+01	0.00000000e+00	0.00000000e+00	0.00000000e+00
-482	3.00000000e+01	0.00000000e+00	0.00000000e+00	0.00000000e+00
-481	3.00000000e+01	0.00000000e+00	0.00000000e+00	0.00000000e+00
-480	3.00000000e+01	0.00000000e+00	0.00000000e+00	0.00000000e+00
-479	3.10000000e+01	0.00000000e+00	0.00000000e+00	0.00000000e+00
-478	3.20000000e+01	0.00000000e+00	0.00000000e+00	0.00000000e+00
-477	3.60000000e+01	0.00000000e+00	0.00000000e+00	0.00000000e+00
-476	3.80000000e+01	0.00000000e+00	0.00000000e+00	0.00000000e+00
-475	4.20000000e+01	0.00000000e+00	0.00000000e+00	0.00000000e+00
-474	4.50000000e+01	0.00000000e+00	0.00000000e+00	0.00000000e+00
-473	4.50000000e+01	0.00000000e+00	0.00000000e+00	0.00000000e+00
-472	4.60000000e+01	0.00000000e+00	0.00000000e+00	0.00000000e+00
-471	4.90000000e+01	0.00000000e+00	0.00000000e+00	0.00000000e+00
-470	5.00000000e+01	0.00000000e+00	0.00000000e+00	0.00000000e+00
-469	5.10000000e+01	0.00000000e+00	0.00000000e+00	0.00000000e+00
-468	5.10000000e+01	0.00000000e+00	0.00000000e+00	0.00000000e+00
-467	5.10000000e+01	0.00000000e+00	0.00000000e+00	0.00000000e+00
-466	5.30000000e+01	0.00000000e+00	0.00000000e+00	0.00000000e+00
-465	5.60000000e+01	0.00000000e+00	0.00000000e+00	0.00000000e+00
-464	5.60000000e+01	0.00000000e+00	0.00000000e+00	0.00000000e+00
-463	5.60000000e+01	0.00000000e+00	0.00000000e+00	0.00000000e+00
-462	6.10000000e+01	0.00000000e+00	0.00000000e+00	0.00000000e+00
-461	6.20000000e+01	0.00000000e+00	0.00000000e+00	0.00000000e+00
-460	6.20000000e+01	0.00000000e+00	0.00000000e+00	0.00000000e+00
-459	6.70000000e+01	0.00000000e+00	0.00000000e+00	0.00000000e+00
-458	7.00000000e+01	0.00000000e+00	0.00000000e+00	0.00000000e+00
-457	7.30000000e+01	0.00000000e+00	0.00000000e+00	0.00000000e+00
-456	7.60000000e+01	0.00000000e+00	0.00000000e+00	0.00000000e+00
-455	7.90000000e+01	0.00000000e+00	0.00000000e+00	0.00000000e+00
-454	7.90000000e+01	0.00000000e+00	0.00000000e+00	0.00000000e+00
-453	8.00000000e+01	0.00000000e+00	0.00000000e+00	0.00000000e+00
-452	9.30000000e+01	0.00000000e+00	0.00000000e+00	0.00000000e+00
-451	9.80000000e+01	0.00000000e+00	0.00000000e+00	0.00000000e+00
-450	1.02000000e+02	0.00000000e+00	0.00000000e+00	0.00000000e+00
-449	1.03000000e+02	0.00000000e+00	0.00000000e+00	0.00000000e+00
-448	1.08000000e+02	0.00000000e+00	0.00000000e+00	0.00000000e+00
-447	1.08000000e+02	0.00000000e+00	0.00000000e+00	0.00000000e+00
-446	1.08000000e+02	0.00000000e+00	0.00000000e+00	0.00000000e+00
-445	1.09000000e+02	0.00000000e+00	0.00000000e+00	0.00000000e+00
-444	1.09000000e+02	0.00000000e+00	0.00000000e+00	0.00000000e+00
-443	1.10000000e+02	0.00000000e+00	0.00000000e+00	0.00000000e+00
-442	1.12000000e+02	0.00000000e+00	0.00000000e+00	0.00000000e+00
-441	1.12000000e+02	0.00000000e+00	0.00000000e+00	0.00000000e+00
-440	1.13000000e+02	0.00000000e+00	0.00000000e+00	0.00000000e+00
-439	1.13000000e+02	0.00000000e+00	0.00000000e+00	0.00000000e+00
-438	1.14000000e+02	0.00000000e+00	0.00000000e+00	0.00000000e+00
-437	1.14000000e+02	0.00000000e+00	0.00000000e+00	0.00000000e+00
-436	1.16000000e+02	0.00000000e+00	0.00000000e+00	0.00000000e+00
-435	1.16000000e+02	0.00000000e+00	0.00000000e+00	0.00000000e+00
-434	1.17000000e+02	0.00000000e+00	0.00000000e+00	0.00000000e+00
-433	1.18000000e+02	0.00000000e+00	0.00000000e+00	0.00000000e+00
-432	1.21000000e+02	0.00000000e+00	0.00000000e+00	0.00000000e+00
-431	1.22000000e+02	0.00000000e+00	0.00000000e+00	0.00000000e+00
-430	1.22000000e+02	0.00000000e+00	0.00000000e+00	0.00000000e+00
-429	1.23000000e+02	0.00000000e+00	0.00000000e+00	0.00000000e+00
-428	1.23000000e+02	0.00000000e+00	0.00000000e+00	0.00000000e+00
-427	1.23000000e+02	0.00000000e+00	0.00000000e+00	0.00000000e+00
-426	1.23000000e+02	0.00000000e+00	0.00000000e+00	0.00000000e+00
-425	1.24000000e+02	0.00000000e+00	0.00000000e+00	0.00000000e+00
-424	1.24000000e+02	0.00000000e+00	0.00000000e+00	0.00000000e+00
-423	1.24000000e+02	0.00000000e+00	0.00000000e+00	0.00000000e+00
-422	1.25000000e+02	0.00000000e+00	0.00000000e+00	0.00000000e+00
-421	1.25000000e+02	0.00000000e+00	0.00000000e+00	0.00000000e+00
-420	1.25000000e+02	0.00000000e+00	0.00000000e+00	0.00000000e+00
-419	1.25000000e+02	0.00000000e+00	0.00000000e+00	0.00000000e+00
-418	1.25000000e+02	0.00000000e+00	0.00000000e+00	0.00000000e+00
-417	1.25000000e+02	0.00000000e+00	0.00000000e+00	0.00000000e+00
-416	1.26000000e+02	0.00000000e+00	0.00000000e+00	0.00000000e+00
-415	1.26000000e+02	0.00000000e+00	0.00000000e+00	0.00000000e+00
-414	1.26000000e+02	0.00000000e+00	0.00000000e+00	0.00000000e+00
-413	1.26000000e+02	0.00000000e+00	0.00000000e+00	0.00000000e+00
-412	1.26000000e+02	0.00000000e+00	0.00000000e+00	0.00000000e+00
-411	1.26000000e+02	0.00000000e+00	0.00000000e+00	0.00000000e+00
-410	1.28000000e+02	0.00000000e+00	0.00000000e+00	0.00000000e+00
-409	1.28000000e+02	0.00000000e+00	0.00000000e+00	0.00000000e+00
-408	1.30000000e+02	0.00000000e+00	0.00000000e+00	0.00000000e+00
-407	1.30000000e+02	0.00000000e+00	0.00000000e+00	0.00000000e+00
-406	1.30000000e+02	0.00000000e+00	0.00000000e+00	0.00000000e+00
-405	1.30000000e+02	0.00000000e+00	0.00000000e+00	0.00000000e+00
-404	1.30000000e+02	0.00000000e+00	0.00000000e+00	0.00000000e+00
-403	1.30000000e+02	0.00000000e+00	0.00000000e+00	0.00000000e+00
-402	1.30000000e+02	0.00000000e+00	0.00000000e+00	0.00000000e+00
-401	1.30000000e+02	0.00000000e+00	0.00000000e+00	0.00000000e+00
-400	1.30000000e+02	0.00000000e+00	0.00000000e+00	0.00000000e+00
-399	1.30000000e+02	0.00000000e+00	0.00000000e+00	0.00000000e+00
-398	1.30000000e+02	0.00000000e+00	0.00000000e+00	0.00000000e+00
-397	1.30000000e+02	0.00000000e+00	0.00000000e+00	0.00000000e+00
-396	1.31000000e+02	0.00000000e+00	0.00000000e+00	0.00000000e+00
-395	1.31000000e+02	0.00000000e+00	0.00000000e+00	0.00000000e+00
-394	1.31000000e+02	0.00000000e+00	0.00000000e+00	0.00000000e+00
-393	1.32000000e+02	0.00000000e+00	0.00000000e+00	0.00000000e+00
-392	1.36000000e+02	0.00000000e+00	0.00000000e+00	0.00000000e+00
-391	1.36000000e+02	0.00000000e+00	0.00000000e+00	0.00000000e+00
-390	1.38000000e+02	0.00000000e+00	0.00000000e+00	0.00000000e+00
-389	1.41000000e+02	0.00000000e+00	0.00000000e+00	0.00000000e+00
-388	1.44000000e+02	0.00000000e+00	0.00000000e+00	0.00000000e+00
-387	1.45000000e+02	0.00000000e+00	0.00000000e+00	0.00000000e+00
-386	1.47000000e+02	0.00000000e+00	0.00000000e+00	0.00000000e+00
-385	1.48000000e+02	0.00000000e+00	0.00000000e+00	0.00000000e+00
-384	1.50000000e+02	0.00000000e+00	0.00000000e+00	0.00000000e+00
-383	1.53000000e+02	0.00000000e+00	0.00000000e+00	0.00000000e+00
-382	1.55000000e+02	0.00000000e+00	0.00000000e+00	0.00000000e+00
-381	1.59000000e+02	0.00000000e+00	0.00000000e+00	0.00000000e+00
-380	1.60000000e+02	0.00000000e+00	0.00000000e+00	0.00000000e+00
-379	1.60000000e+02	0.00000000e+00	0.00000000e+00	0.00000000e+00
-378	1.60000000e+02	0.00000000e+00	0.00000000e+00	0.00000000e+00
-377	1.61000000e+02	0.00000000e+00	0.00000000e+00	0.00000000e+00
-376	1.62000000e+02	0.00000000e+00	0.00000000e+00	0.00000000e+00
-375	1.63000000e+02	0.00000000e+00	0.00000000e+00	0.00000000e+00
-374	1.65000000e+02	0.00000000e+00	0.00000000e+00	0.00000000e+00
-373	1.66000000e+02	0.00000000e+00	0.00000000e+00	0.00000000e+00
-372	1.69000000e+02	0.00000000e+00	0.00000000e+00	0.00000000e+00
-371	1.69000000e+02	0.00000000e+00	0.00000000e+00	0.00000000e+00
-370	1.71000000e+02	0.00000000e+00	0.00000000e+00	0.00000000e+00
-369	1.71000000e+02	0.00000000e+00	0.00000000e+00	0.00000000e+00
-368	1.71000000e+02	0.00000000e+00	0.00000000e+00	0.00000000e+00
-367	1.71000000e+02	0.00000000e+00	0.00000000e+00	0.00000000e+00
-366	1.75000000e+02	0.00000000e+00	0.00000000e+00	0.00000000e+00
-365	1.76000000e+02	0.00000000e+00	0.00000000e+00	0.00000000e+00
-364	1.82000000e+02	0.00000000e+00	0.00000000e+00	0.00000000e+00
-363	1.89000000e+02	0.00000000e+00	0.00000000e+00	0.00000000e+00
-362	1.97000000e+02	0.00000000e+00	0.00000000e+00	0.00000000e+00
-361	1.97000000e+02	0.00000000e+00	0.00000000e+00	0.00000000e+00
-360	2.00000000e+02	0.00000000e+00	0.00000000e+00	0.00000000e+00
-359	2.08000000e+02	0.00000000e+00	0.00000000e+00	0.00000000e+00
-358	2.16000000e+02	0.00000000e+00	0.00000000e+00	0.00000000e+00
-357	2.17000000e+02	0.00000000e+00	0.00000000e+00	0.00000000e+00
-356	2.19000000e+02	0.00000000e+00	0.00000000e+00	0.00000000e+00
-355	2.26000000e+02	0.00000000e+00	0.00000000e+00	0.00000000e+00
-354	2.31000000e+02	0.00000000e+00	0.00000000e+00	0.00000000e+00
-353	2.34000000e+02	0.00000000e+00	0.00000000e+00	0.00000000e+00
-352	2.41000000e+02	0.00000000e+00	0.00000000e+00	0.00000000e+00
-351	2.44000000e+02	0.00000000e+00	0.00000000e+00	0.00000000e+00
-350	2.46000000e+02	0.00000000e+00	0.00000000e+00	0.00000000e+00
-349	2.48000000e+02	0.00000000e+00	0.00000000e+00	0.00000000e+00
-348	2.53000000e+02	0.00000000e+00	0.00000000e+00	0.00000000e+00
-347	2.65000000e+02	0.00000000e+00	0.00000000e+00	0.00000000e+00
-346	2.78000000e+02	0.00000000e+00	0.00000000e+00	0.00000000e+00
-345	2.82000000e+02	0.00000000e+00	0.00000000e+00	0.00000000e+00
-344	2.90000000e+02	0.00000000e+00	0.00000000e+00	0.00000000e+00
-343	2.98000000e+02	0.00000000e+00	0.00000000e+00	0.00000000e+00
-342	3.08000000e+02	0.00000000e+00	0.00000000e+00	0.00000000e+00
-341	3.11000000e+02	0.00000000e+00	0.00000000e+00	0.00000000e+00
-340	3.18000000e+02	0.00000000e+00	0.00000000e+00	0.00000000e+00
-339	3.26000000e+02	0.00000000e+00	0.00000000e+00	0.00000000e+00
-338	3.32000000e+02	0.00000000e+00	0.00000000e+00	0.00000000e+00
-337	3.37000000e+02	0.00000000e+00	0.00000000e+00	0.00000000e+00
-336	3.42000000e+02	0.00000000e+00	0.00000000e+00	0.00000000e+00
-335	3.49000000e+02	0.00000000e+00	0.00000000e+00	0.00000000e+00
-334	3.60000000e+02	0.00000000e+00	0.00000000e+00	0.00000000e+00
-333	3.62000000e+02	0.00000000e+00	0.00000000e+00	0.00000000e+00
-332	3.71000000e+02	0.00000000e+00	0.00000000e+00	0.00000000e+00
-331	3.81000000e+02	0.00000000e+00	0.00000000e+00	0.00000000e+00
-330	3.85000000e+02	0.00000000e+00	0.00000000e+00	0.00000000e+00
-329	3.91000000e+02	0.00000000e+00	0.00000000e+00	0.00000000e+00
-328	4.00000000e+02	0.00000000e+00	0.00000000e+00	0.00000000e+00
-327	4.11000000e+02	0.00000000e+00	0.00000000e+00	0.00000000e+00
-326	4.34000000e+02	0.00000000e+00	0.00000000e+00	0.00000000e+00
-325	4.46000000e+02	0.00000000e+00	0.00000000e+00	0.00000000e+00
-324	5.51000000e+02	2.00000000e+00	3.00000000e+00	3.00000000e+00
-323	6.59000000e+02	2.00000000e+00	3.00000000e+00	3.00000000e+00
-322	8.09000000e+02	3.00000000e+00	4.00000000e+00	1.10000000e+01
-321	9.22000000e+02	3.00000000e+00	4.00000000e+00	1.10000000e+01
-320	1.11000000e+03	3.00000000e+00	4.00000000e+00	1.10000000e+01
-319	1.22800000e+03	3.00000000e+00	4.00000000e+00	1.10000000e+01
-318	1.43600000e+03	3.00000000e+00	4.00000000e+00	1.10000000e+01
-317	1.52500000e+03	3.00000000e+00	4.00000000e+00	1.10000000e+01
-316	1.63400000e+03	4.00000000e+00	5.00000000e+00	1.20000000e+01
-315	1.73900000e+03	4.00000000e+00	5.00000000e+00	1.20000000e+01
-314	1.83100000e+03	4.00000000e+00	5.00000000e+00	1.20000000e+01
-313	1.90800000e+03	4.00000000e+00	5.00000000e+00	1.20000000e+01
-312	1.98800000e+03	4.00000000e+00	5.00000000e+00	1.20000000e+01
-311	2.09100000e+03	4.00000000e+00	5.00000000e+00	1.20000000e+01
-310	2.17600000e+03	4.00000000e+00	5.00000000e+00	1.20000000e+01
-309	2.24900000e+03	4.00000000e+00	5.00000000e+00	1.20000000e+01
-308	2.32900000e+03	4.00000000e+00	5.00000000e+00	1.20000000e+01
-307	2.39300000e+03	4.00000000e+00	5.00000000e+00	1.20000000e+01
-306	2.48000000e+03	5.00000000e+00	6.00000000e+00	1.30000000e+01
-305	2.57500000e+03	5.00000000e+00	6.00000000e+00	1.30000000e+01
-304	2.68300000e+03	5.00000000e+00	6.00000000e+00	1.30000000e+01
-303	2.76400000e+03	5.00000000e+00	6.00000000e+00	1.30000000e+01
-302	2.86400000e+03	5.00000000e+00	6.00000000e+00	1.30000000e+01
-301	2.93600000e+03	5.00000000e+00	6.00000000e+00	1.30000000e+01
-300	3.02200000e+03	6.00000000e+00	7.00000000e+00	1.40000000e+01
-299	3.02200000e+03	6.00000000e+00	7.00000000e+00	1.40000000e+01
-298	3.02200000e+03	6.00000000e+00	7.00000000e+00	1.40000000e+01
-297	3.10600000e+03	6.00000000e+00	7.00000000e+00	1.40000000e+01
-296	3.17400000e+03	6.00000000e+00	7.00000000e+00	1.40000000e+01
-295	3.21600000e+03	6.00000000e+00	7.00000000e+00	1.40000000e+01
-294	3.29600000e+03	6.00000000e+00	7.00000000e+00	1.40000000e+01
-293	3.36200000e+03	6.00000000e+00	7.00000000e+00	1.40000000e+01
-292	3.41700000e+03	6.00000000e+00	7.00000000e+00	1.40000000e+01
-291	3.54500000e+03	6.00000000e+00	7.00000000e+00	1.40000000e+01
-290	3.61800000e+03	6.00000000e+00	7.00000000e+00	1.40000000e+01
-289	3.70000000e+03	6.00000000e+00	7.00000000e+00	1.40000000e+01
-288	3.78100000e+03	6.00000000e+00	7.00000000e+00	1.40000000e+01
-287	3.85000000e+03	6.00000000e+00	7.00000000e+00	1.40000000e+01
-286	3.93600000e+03	6.00000000e+00	7.00000000e+00	1.40000000e+01
-285	3.99700000e+03	6.00000000e+00	7.00000000e+00	1.40000000e+01
-284	4.07700000e+03	6.00000000e+00	7.00000000e+00	1.40000000e+01
-283	4.07700000e+03	6.00000000e+00	7.00000000e+00	1.40000000e+01
-282	4.13300000e+03	6.00000000e+00	7.00000000e+00	1.40000000e+01
-281	4.18600000e+03	6.00000000e+00	7.00000000e+00	1.40000000e+01
-280	4.24500000e+03	6.00000000e+00	7.00000000e+00	1.40000000e+01
-279	4.31000000e+03	6.00000000e+00	7.00000000e+00	1.40000000e+01
-278	4.37900000e+03	6.00000000e+00	7.00000000e+00	1.40000000e+01
-277	4.45700000e+03	6.00000000e+00	7.00000000e+00	1.40000000e+01
-276	4.55700000e+03	6.00000000e+00	7.00000000e+00	1.40000000e+01
-275	4.60700000e+03	6.00000000e+00	7.00000000e+00	1.40000000e+01
-274	4.66000000e+03	6.00000000e+00	7.00000000e+00	1.40000000e+01
-273	4.71800000e+03	6.00000000e+00	7.00000000e+00	1.40000000e+01
-272	4.76700000e+03	6.00000000e+00	7.00000000e+00	1.40000000e+01
-271	4.84600000e+03	6.00000000e+00	7.00000000e+00	1.40000000e+01
-270	4.93800000e+03	6.00000000e+00	7.00000000e+00	1.40000000e+01
-269	5.03600000e+03	6.00000000e+00	7.00000000e+00	1.40000000e+01
-268	5.03600000e+03	6.00000000e+00	7.00000000e+00	1.40000000e+01
-267	5.08800000e+03	6.00000000e+00	7.00000000e+00	1.40000000e+01
-266	5.14700000e+03	6.00000000e+00	7.00000000e+00	1.40000000e+01
-265	5.20000000e+03	6.00000000e+00	7.00000000e+00	1.40000000e+01
-264	5.27000000e+03	6.00000000e+00	7.00000000e+00	1.40000000e+01
-263	5.33100000e+03	6.00000000e+00	7.00000000e+00	1.40000000e+01
-262	5.39900000e+03	6.00000000e+00	7.00000000e+00	1.40000000e+01
-261	5.45600000e+03	6.00000000e+00	7.00000000e+00	1.40000000e+01
-260	5.52400000e+03	6.00000000e+00	7.00000000e+00	1.40000000e+01
-259	5.59200000e+03	6.00000000e+00	7.00000000e+00	1.40000000e+01
-258	5.66800000e+03	6.00000000e+00	7.00000000e+00	1.40000000e+01
-257	5.75000000e+03	6.00000000e+00	7.00000000e+00	1.40000000e+01
-256	5.85000000e+03	6.00000000e+00	7.00000000e+00	1.40000000e+01
-255	5.92000000e+03	6.00000000e+00	7.00000000e+00	1.40000000e+01
-254	5.96500000e+03	6.00000000e+00	7.00000000e+00	1.40000000e+01
-253	6.03500000e+03	6.00000000e+00	7.00000000e+00	1.40000000e+01
-252	6.09200000e+03	6.00000000e+00	7.00000000e+00	1.40000000e+01
-251	6.16000000e+03	6.00000000e+00	7.00000000e+00	1.40000000e+01
-250	6.22800000e+03	6.00000000e+00	7.00000000e+00	1.40000000e+01
-249	6.28100000e+03	6.00000000e+00	7.00000000e+00	1.40000000e+01
-248	6.35000000e+03	6.00000000e+00	7.00000000e+00	1.40000000e+01
-247	6.40900000e+03	6.00000000e+00	7.00000000e+00	1.40000000e+01
-246	6.46600000e+03	6.00000000e+00	7.00000000e+00	1.40000000e+01
-245	6.52100000e+03	6.00000000e+00	7.00000000e+00	1.40000000e+01
-244	6.58200000e+03	6.00000000e+00	7.00000000e+00	1.40000000e+01
-243	6.64700000e+03	6.00000000e+00	7.00000000e+00	1.40000000e+01
-242	6.71200000e+03	6.00000000e+00	7.00000000e+00	1.40000000e+01
-241	6.78500000e+03	6.00000000e+00	7.00000000e+00	1.40000000e+01
-240	6.82900000e+03	6.00000000e+00	7.00000000e+00	1.40000000e+01
-239	6.88100000e+03	6.00000000e+00	7.00000000e+00	1.40000000e+01
-238	6.95100000e+03	6.00000000e+00	7.00000000e+00	1.40000000e+01
-237	7.02700000e+03	6.00000000e+00	7.00000000e+00	1.40000000e+01
-236	7.09600000e+03	6.00000000e+00	7.00000000e+00	1.40000000e+01
-235	7.17600000e+03	6.00000000e+00	7.00000000e+00	1.40000000e+01
-234	7.26500000e+03	6.00000000e+00	7.00000000e+00	1.40000000e+01
-233	7.34300000e+03	6.00000000e+00	7.00000000e+00	1.40000000e+01
-232	7.40300000e+03	6.00000000e+00	7.00000000e+00	1.40000000e+01
-231	7.44700000e+03	6.00000000e+00	7.00000000e+00	1.40000000e+01
-230	7.51500000e+03	6.00000000e+00	7.00000000e+00	1.40000000e+01
-229	7.58100000e+03	6.00000000e+00	7.00000000e+00	1.40000000e+01
-228	7.66100000e+03	6.00000000e+00	7.00000000e+00	1.40000000e+01
-227	7.74200000e+03	6.00000000e+00	7.00000000e+00	1.40000000e+01
-226	7.80900000e+03	6.00000000e+00	7.00000000e+00	1.40000000e+01
-225	7.86300000e+03	6.00000000e+00	7.00000000e+00	1.40000000e+01
-224	7.94100000e+03	6.00000000e+00	7.00000000e+00	1.40000000e+01
-223	8.04100000e+03	6.00000000e+00	7.00000000e+00	1.40000000e+01
-222	8.09300000e+03	6.00000000e+00	7.00000000e+00	1.40000000e+01
-221	8.14500000e+03	6.00000000e+00	7.00000000e+00	1.40000000e+01
-220	8.20800000e+03	6.00000000e+00	7.00000000e+00	1.40000000e+01
-219	8.28300000e+03	6.00000000e+00	7.00000000e+00	1.40000000e+01
-218	8.34200000e+03	6.00000000e+00	7.00000000e+00	1.40000000e+01
-217	8.39500000e+03	6.00000000e+00	7.00000000e+00	1.40000000e+01
-216	8.45600000e+03	6.00000000e+00	7.00000000e+00	1.40000000e+01
-215	8.52400000e+03	6.00000000e+00	7.00000000e+00	1.40000000e+01
-214	8.58700000e+03	6.00000000e+00	7.00000000e+00	1.40000000e+01
-213	8.64100000e+03	6.00000000e+00	7.00000000e+00	1.40000000e+01
-212	8.69500000e+03	6.00000000e+00	7.00000000e+00	1.40000000e+01
-211	8.74900000e+03	6.00000000e+00	7.00000000e+00	1.40000000e+01
-210	8.80200000e+03	6.00000000e+00	7.00000000e+00	1.40000000e+01
-209	8.85100000e+03	6.00000000e+00	7.00000000e+00	1.40000000e+01
-208	8.91200000e+03	6.00000000e+00	7.00000000e+00	1.40000000e+01
-207	8.96700000e+03	7.00000000e+00	8.00000000e+00	1.60000000e+01
-206	9.00800000e+03	7.00000000e+00	8.00000000e+00	1.60000000e+01
-205	9.04700000e+03	7.00000000e+00	8.00000000e+00	1.60000000e+01
-204	9.07200000e+03	7.00000000e+00	8.00000000e+00	1.60000000e+01
-203	9.09400000e+03	7.00000000e+00	8.00000000e+00	1.60000000e+01
-202	9.13400000e+03	7.00000000e+00	8.00000000e+00	1.60000000e+01
-201	9.17000000e+03	7.00000000e+00	8.00000000e+00	1.60000000e+01
-200	9.21300000e+03	7.00000000e+00	8.00000000e+00	1.60000000e+01
-199	9.25600000e+03	7.00000000e+00	8.00000000e+00	1.60000000e+01
-198	9.30400000e+03	7.00000000e+00	8.00000000e+00	1.60000000e+01
-197	9.33000000e+03	7.00000000e+00	8.00000000e+00	1.60000000e+01
-196	9.36800000e+03	7.00000000e+00	8.00000000e+00	1.70000000e+01
-195	9.39900000e+03	7.00000000e+00	8.00000000e+00	1.70000000e+01
-194	9.42500000e+03	7.00000000e+00	8.00000000e+00	1.70000000e+01
-193	9.46300000e+03	7.00000000e+00	8.00000000e+00	1.70000000e+01
-192	9.49900000e+03	7.00000000e+00	8.00000000e+00	1.70000000e+01
-191	9.53900000e+03	7.00000000e+00	8.00000000e+00	1.70000000e+01
-190	9.57500000e+03	7.00000000e+00	8.00000000e+00	1.70000000e+01
-189	9.60800000e+03	7.00000000e+00	8.00000000e+00	1.70000000e+01
-188	9.64700000e+03	7.00000000e+00	8.00000000e+00	1.70000000e+01
-187	9.68900000e+03	7.00000000e+00	8.00000000e+00	1.70000000e+01
-186	9.73500000e+03	7.00000000e+00	8.00000000e+00	1.70000000e+01
-185	9.79400000e+03	7.00000000e+00	8.00000000e+00	1.70000000e+01
-184	9.82300000e+03	7.00000000e+00	8.00000000e+00	1.70000000e+01
-183	9.85500000e+03	7.00000000e+00	8.00000000e+00	1.70000000e+01
-182	9.90700000e+03	7.00000000e+00	8.00000000e+00	1.70000000e+01
-181	9.95000000e+03	7.00000000e+00	8.00000000e+00	1.70000000e+01
-180	9.98500000e+03	7.00000000e+00	8.00000000e+00	1.70000000e+01
-179	1.00140000e+04	7.00000000e+00	8.00000000e+00	1.70000000e+01
-178	1.00630000e+04	7.00000000e+00	8.00000000e+00	1.70000000e+01
-177	1.00920000e+04	7.00000000e+00	8.00000000e+00	1.70000000e+01
-176	1.01370000e+04	7.00000000e+00	8.00000000e+00	1.70000000e+01
-175	1.01860000e+04	7.00000000e+00	8.00000000e+00	1.70000000e+01
-174	1.02210000e+04	7.00000000e+00	8.00000000e+00	1.70000000e+01
-173	1.02650000e+04	7.00000000e+00	8.00000000e+00	1.70000000e+01
-172	1.03420000e+04	8.00000000e+00	9.00000000e+00	1.80000000e+01
-171	1.03890000e+04	8.00000000e+00	9.00000000e+00	1.80000000e+01
-170	1.04310000e+04	8.00000000e+00	9.00000000e+00	1.80000000e+01
-169	1.04870000e+04	8.00000000e+00	9.00000000e+00	1.80000000e+01
-168	1.05280000e+04	8.00000000e+00	9.00000000e+00	1.80000000e+01
-167	1.05710000e+04	8.00000000e+00	9.00000000e+00	1.80000000e+01
-166	1.06310000e+04	8.00000000e+00	9.00000000e+00	1.80000000e+01
-165	1.06850000e+04	8.00000000e+00	9.00000000e+00	1.80000000e+01
-164	1.07430000e+04	8.00000000e+00	9.00000000e+00	1.80000000e+01
-163	1.07830000e+04	8.00000000e+00	9.00000000e+00	1.80000000e+01
-162	1.08260000e+04	8.00000000e+00	9.00000000e+00	1.80000000e+01
-161	1.08760000e+04	8.00000000e+00	9.00000000e+00	1.80000000e+01
-160	1.08960000e+04	8.00000000e+00	9.00000000e+00	1.80000000e+01
-159	1.08980000e+04	8.00000000e+00	9.00000000e+00	1.80000000e+01
-158	1.09040000e+04	8.00000000e+00	9.00000000e+00	1.80000000e+01
-157	1.09150000e+04	8.00000000e+00	9.00000000e+00	1.80000000e+01
-156	1.09320000e+04	8.00000000e+00	9.00000000e+00	1.80000000e+01
-155	1.09790000e+04	9.00000000e+00	1.00000000e+01	1.90000000e+01
-154	1.10160000e+04	9.00000000e+00	1.00000000e+01	1.90000000e+01
-153	1.10510000e+04	9.00000000e+00	1.00000000e+01	1.90000000e+01
-152	1.11090000e+04	9.00000000e+00	1.00000000e+01	1.90000000e+01
-151	1.11430000e+04	9.00000000e+00	1.00000000e+01	1.90000000e+01
-150	1.11940000e+04	9.00000000e+00	1.00000000e+01	1.90000000e+01
-149	1.12210000e+04	9.00000000e+00	1.00000000e+01	1.90000000e+01
-148	1.12580000e+04	9.00000000e+00	1.00000000e+01	1.90000000e+01
-147	1.12910000e+04	9.00000000e+00	1.00000000e+01	1.90000000e+01
-146	1.13390000e+04	9.00000000e+00	1.00000000e+01	1.90000000e+01
-145	1.13390000e+04	9.00000000e+00	1.00000000e+01	1.90000000e+01
-144	1.13540000e+04	9.00000000e+00	1.00000000e+01	1.90000000e+01
-143	1.13540000e+04	1.00000000e+01	1.10000000e+01	2.00000000e+01
-142	1.14140000e+04	1.10000000e+01	1.20000000e+01	2.30000000e+01
-141	1.14700000e+04	1.40000000e+01	1.30000000e+01	2.70000000e+01
-140	1.15190000e+04	1.40000000e+01	1.30000000e+01	2.70000000e+01
-139	1.15650000e+04	1.40000000e+01	1.30000000e+01	2.70000000e+01
-138	1.15920000e+04	1.40000000e+01	1.30000000e+01	2.70000000e+01
-137	1.16270000e+04	1.40000000e+01	1.30000000e+01	2.70000000e+01
-136	1.16270000e+04	1.40000000e+01	1.30000000e+01	2.70000000e+01
-135	1.16540000e+04	1.40000000e+01	1.30000000e+01	2.70000000e+01
-134	1.16540000e+04	1.40000000e+01	1.30000000e+01	2.70000000e+01
-133	1.16540000e+04	1.40000000e+01	1.30000000e+01	2.70000000e+01
-132	1.16540000e+04	1.40000000e+01	1.30000000e+01	2.70000000e+01
-131	1.16540000e+04	1.40000000e+01	1.30000000e+01	2.70000000e+01
-130	1.16860000e+04	1.40000000e+01	1.30000000e+01	2.70000000e+01
-129	1.17320000e+04	1.40000000e+01	1.30000000e+01	2.70000000e+01
-128	1.18120000e+04	1.40000000e+01	1.40000000e+01	2.80000000e+01
-127	1.18630000e+04	1.40000000e+01	1.40000000e+01	2.80000000e+01
-126	1.19040000e+04	1.60000000e+01	1.50000000e+01	2.90000000e+01
-125	1.19520000e+04	1.60000000e+01	1.50000000e+01	2.90000000e+01
-124	1.19880000e+04	1.60000000e+01	1.50000000e+01	2.90000000e+01
-123	1.20210000e+04	1.60000000e+01	1.50000000e+01	2.90000000e+01
-122	1.20580000e+04	1.60000000e+01	1.50000000e+01	2.90000000e+01
-121	1.21560000e+04	1.60000000e+01	1.50000000e+01	2.90000000e+01
-120	1.22150000e+04	1.60000000e+01	1.50000000e+01	2.90000000e+01
-119	1.23030000e+04	1.60000000e+01	1.50000000e+01	2.90000000e+01
-118	1.23870000e+04	1.60000000e+01	1.50000000e+01	2.90000000e+01
-117	1.24850000e+04	1.60000000e+01	1.50000000e+01	2.90000000e+01
-116	1.26350000e+04	1.60000000e+01	1.50000000e+01	2.90000000e+01
-115	1.28230000e+04	1.70000000e+01	1.60000000e+01	3.00000000e+01
-114	1.29780000e+04	1.70000000e+01	1.70000000e+01	3.10000000e+01
-113	1.31310000e+04	1.70000000e+01	1.70000000e+01	3.10000000e+01
-112	1.33180000e+04	1.70000000e+01	1.70000000e+01	3.10000000e+01
-111	1.34720000e+04	1.70000000e+01	1.70000000e+01	3.10000000e+01
-110	1.35520000e+04	1.70000000e+01	1.70000000e+01	3.10000000e+01
-109	1.36190000e+04	1.70000000e+01	1.70000000e+01	3.10000000e+01
-108	1.37680000e+04	1.70000000e+01	1.70000000e+01	3.10000000e+01
-107	1.38790000e+04	1.70000000e+01	1.70000000e+01	3.10000000e+01
-106	1.40150000e+04	1.80000000e+01	1.80000000e+01	3.20000000e+01
-105	1.41650000e+04	2.00000000e+01	1.90000000e+01	3.30000000e+01
-104	1.42810000e+04	2.00000000e+01	1.90000000e+01	3.30000000e+01
-103	1.43680000e+04	2.00000000e+01	1.90000000e+01	3.30000000e+01
-102	1.44520000e+04	2.00000000e+01	1.90000000e+01	3.30000000e+01
-101	1.45400000e+04	2.00000000e+01	1.90000000e+01	3.30000000e+01
-100	1.46640000e+04	2.00000000e+01	1.90000000e+01	3.30000000e+01
-99	1.47790000e+04	2.00000000e+01	1.90000000e+01	3.30000000e+01
-98	1.48800000e+04	2.00000000e+01	1.90000000e+01	3.30000000e+01
-97	1.49530000e+04	2.00000000e+01	1.90000000e+01	3.30000000e+01
-96	1.50200000e+04	2.00000000e+01	1.90000000e+01	3.30000000e+01
-95	1.51140000e+04	2.10000000e+01	2.00000000e+01	3.40000000e+01
-94	1.52150000e+04	2.10000000e+01	2.00000000e+01	3.40000000e+01
-93	1.53330000e+04	2.10000000e+01	2.00000000e+01	3.40000000e+01
-92	1.54710000e+04	2.10000000e+01	2.00000000e+01	3.40000000e+01
-91	1.56320000e+04	2.10000000e+01	2.00000000e+01	3.40000000e+01
-90	1.58140000e+04	2.10000000e+01	2.00000000e+01	3.40000000e+01
-89	1.59820000e+04	2.20000000e+01	2.30000000e+01	3.80000000e+01
-88	1.60990000e+04	2.20000000e+01	2.30000000e+01	3.80000000e+01
-87	1.62430000e+04	2.20000000e+01	2.30000000e+01	3.80000000e+01
-86	1.63960000e+04	2.60000000e+01	2.50000000e+01	4.00000000e+01
-85	1.65370000e+04	2.60000000e+01	2.50000000e+01	4.00000000e+01
-84	1.66920000e+04	2.60000000e+01	2.50000000e+01	4.00000000e+01
-83	1.68190000e+04	2.60000000e+01	2.50000000e+01	4.00000000e+01
-82	1.69130000e+04	2.60000000e+01	2.50000000e+01	4.00000000e+01
-81	1.70100000e+04	2.60000000e+01	2.50000000e+01	4.00000000e+01
-80	1.71440000e+04	2.60000000e+01	2.50000000e+01	4.00000000e+01
-79	1.72930000e+04	2.60000000e+01	2.50000000e+01	4.00000000e+01
-78	1.74430000e+04	2.60000000e+01	2.50000000e+01	4.00000000e+01
-77	1.77560000e+04	2.60000000e+01	2.50000000e+01	4.00000000e+01
-76	1.79870000e+04	2.60000000e+01	2.50000000e+01	4.00000000e+01
-75	1.81500000e+04	2.60000000e+01	2.50000000e+01	4.00000000e+01
-74	1.83540000e+04	2.60000000e+01	2.50000000e+01	4.00000000e+01
-73	1.85700000e+04	2.60000000e+01	2.50000000e+01	4.00000000e+01
-72	1.88050000e+04	3.00000000e+01	2.60000000e+01	4.10000000e+01
-71	1.90190000e+04	2.80000000e+01	2.70000000e+01	4.20000000e+01
-70	1.92280000e+04	2.80000000e+01	2.70000000e+01	4.20000000e+01
-69	1.95020000e+04	2.80000000e+01	2.70000000e+01	4.20000000e+01
-68	1.97310000e+04	2.80000000e+01	2.70000000e+01	4.20000000e+01
-67	2.00370000e+04	2.80000000e+01	2.70000000e+01	4.20000000e+01
-66	2.08530000e+04	3.10000000e+01	2.90000000e+01	4.40000000e+01
-65	2.19160000e+04	3.30000000e+01	3.00000000e+01	4.50000000e+01
-64	2.28520000e+04	3.00000000e+01	3.00000000e+01	4.60000000e+01
-63	2.39440000e+04	3.00000000e+01	3.00000000e+01	4.60000000e+01
-62	2.48780000e+04	3.00000000e+01	3.10000000e+01	4.70000000e+01
-61	2.57670000e+04	3.10000000e+01	3.20000000e+01	4.80000000e+01
-60	2.68620000e+04	3.10000000e+01	3.20000000e+01	4.80000000e+01
-59	2.89470000e+04	3.70000000e+01	3.40000000e+01	5.10000000e+01
-58	3.12030000e+04	3.60000000e+01	3.50000000e+01	5.20000000e+01
-57	3.24270000e+04	3.70000000e+01	3.70000000e+01	5.40000000e+01
-56	3.35540000e+04	3.70000000e+01	3.70000000e+01	5.40000000e+01
-55	3.51790000e+04	3.70000000e+01	3.70000000e+01	5.40000000e+01
-54	3.60110000e+04	3.70000000e+01	3.70000000e+01	5.40000000e+01
-53	3.69780000e+04	3.70000000e+01	3.70000000e+01	5.40000000e+01
-52	3.82830000e+04	4.00000000e+01	3.90000000e+01	5.90000000e+01
-51	3.92850000e+04	4.00000000e+01	3.90000000e+01	5.90000000e+01
-50	4.05700000e+04	4.20000000e+01	4.10000000e+01	6.20000000e+01
-49	4.25950000e+04	4.20000000e+01	4.20000000e+01	6.30000000e+01
-48	4.48210000e+04	4.20000000e+01	4.20000000e+01	6.30000000e+01
-47	4.71480000e+04	4.40000000e+01	4.30000000e+01	6.40000000e+01
-46	4.97610000e+04	4.40000000e+01	4.30000000e+01	6.40000000e+01
-45	5.17230000e+04	4.50000000e+01	4.40000000e+01	6.50000000e+01
-44	5.33870000e+04	4.40000000e+01	4.50000000e+01	6.60000000e+01
-43	5.51500000e+04	4.40000000e+01	4.50000000e+01	6.60000000e+01
-42	5.66870000e+04	4.40000000e+01	4.50000000e+01	6.60000000e+01
-41	5.81030000e+04	4.40000000e+01	4.50000000e+01	6.60000000e+01
-40	5.94390000e+04	4.40000000e+01	4.50000000e+01	6.60000000e+01
-39	6.09450000e+04	4.40000000e+01	4.50000000e+01	6.60000000e+01
-38	6.27140000e+04	4.80000000e+01	4.60000000e+01	6.80000000e+01
-37	6.41920000e+04	4.80000000e+01	4.60000000e+01	6.80000000e+01
-36	6.54420000e+04	4.80000000e+01	4.60000000e+01	6.80000000e+01
-35	6.66840000e+04	4.80000000e+01	4.70000000e+01	6.90000000e+01
-34	6.77130000e+04	4.80000000e+01	4.70000000e+01	6.90000000e+01
-33	6.85810000e+04	4.80000000e+01	4.70000000e+01	6.90000000e+01
-32	6.97420000e+04	4.80000000e+01	4.70000000e+01	6.90000000e+01
-31	7.09510000e+04	4.80000000e+01	4.70000000e+01	6.90000000e+01
-30	7.20120000e+04	4.90000000e+01	4.90000000e+01	7.10000000e+01
-29	7.30660000e+04	4.80000000e+01	5.00000000e+01	7.20000000e+01
-28	7.41620000e+04	4.80000000e+01	5.00000000e+01	7.20000000e+01
-27	7.54690000e+04	4.80000000e+01	5.00000000e+01	7.20000000e+01
-26	7.70140000e+04	4.80000000e+01	5.00000000e+01	7.20000000e+01
-25	7.83640000e+04	5.00000000e+01	5.10000000e+01	7.30000000e+01
-24	7.97110000e+04	5.00000000e+01	5.10000000e+01	7.30000000e+01
-23	8.08600000e+04	5.00000000e+01	5.10000000e+01	7.30000000e+01
-22	8.18840000e+04	5.00000000e+01	5.10000000e+01	7.30000000e+01
-21	8.29430000e+04	5.00000000e+01	5.10000000e+01	7.30000000e+01
-20	8.37680000e+04	5.00000000e+01	5.10000000e+01	7.30000000e+01
-19	8.45580000e+04	5.00000000e+01	5.10000000e+01	7.30000000e+01
-18	8.55720000e+04	5.00000000e+01	5.10000000e+01	7.30000000e+01
-17	8.64860000e+04	5.00000000e+01	5.10000000e+01	7.30000000e+01
-16	8.73240000e+04	5.20000000e+01	5.30000000e+01	7.70000000e+01
-15	8.80280000e+04	5.20000000e+01	5.30000000e+01	7.70000000e+01
-14	8.88550000e+04	5.20000000e+01	5.30000000e+01	7.70000000e+01
-13	8.97430000e+04	5.20000000e+01	5.30000000e+01	7.70000000e+01
-12	9.04470000e+04	5.20000000e+01	5.30000000e+01	7.70000000e+01
-11	9.11900000e+04	5.30000000e+01	5.40000000e+01	7.80000000e+01
-10	9.18660000e+04	5.30000000e+01	5.50000000e+01	7.90000000e+01
-9	9.24980000e+04	5.30000000e+01	5.50000000e+01	7.90000000e+01
-8	9.31420000e+04	5.30000000e+01	5.50000000e+01	7.90000000e+01
-7	9.37890000e+04	5.30000000e+01	5.50000000e+01	7.90000000e+01
-6	9.44190000e+04	5.30000000e+01	5.50000000e+01	7.90000000e+01
-5	9.50340000e+04	5.30000000e+01	5.50000000e+01	7.90000000e+01
-4	9.55850000e+04	5.30000000e+01	5.50000000e+01	7.90000000e+01
-3	9.61840000e+04	5.30000000e+01	5.50000000e+01	7.90000000e+01
-2	9.68050000e+04	5.40000000e+01	5.60000000e+01	8.00000000e+01
-1	9.76270000e+04	5.40000000e+01	5.70000000e+01	8.10000000e+01
0	9.83750000e+04	5.40000000e+01	5.70000000e+01	8.10000000e+01
1	9.92160000e+04	5.40000000e+01	5.70000000e+01	8.10000000e+01
2	9.99890000e+04	5.40000000e+01	5.70000000e+01	8.10000000e+01
3	1.00696000e+05	5.50000000e+01	5.80000000e+01	8.20000000e+01
4	1.01468000e+05	5.80000000e+01	5.90000000e+01	8.30000000e+01
5	1.02033000e+05	5.80000000e+01	5.90000000e+01	8.30000000e+01
6	1.02640000e+05	5.70000000e+01	6.00000000e+01	8.40000000e+01
7	1.03194000e+05	5.70000000e+01	6.00000000e+01	8.40000000e+01
8	1.03704000e+05	5.70000000e+01	6.00000000e+01	8.40000000e+01
9	1.04274000e+05	5.70000000e+01	6.00000000e+01	8.40000000e+01
10	1.04974000e+05	5.80000000e+01	6.10000000e+01	8.70000000e+01
11	1.05516000e+05	5.80000000e+01	6.10000000e+01	8.70000000e+01
12	1.05968000e+05	5.80000000e+01	6.10000000e+01	8.70000000e+01
13	1.06395000e+05	5.80000000e+01	6.10000000e+01	8.70000000e+01
14	1.06873000e+05	5.80000000e+01	6.10000000e+01	8.70000000e+01
15	1.07363000e+05	5.80000000e+01	6.10000000e+01	8.70000000e+01
16	1.07883000e+05	5.80000000e+01	6.10000000e+01	8.70000000e+01
17	1.08486000e+05	5.80000000e+01	6.10000000e+01	8.70000000e+01
18	1.09009000e+05	5.80000000e+01	6.10000000e+01	8.70000000e+01
19	1.09447000e+05	5.80000000e+01	6.10000000e+01	8.70000000e+01
20	1.09931000e+05	5.80000000e+01	6.10000000e+01	8.70000000e+01
21	1.10446000e+05	5.80000000e+01	6.10000000e+01	8.70000000e+01
22	1.10894000e+05	5.80000000e+01	6.10000000e+01	8.70000000e+01
23	1.11350000e+05	5.80000000e+01	6.10000000e+01	8.70000000e+01
24	1.11880000e+05	5.80000000e+01	6.10000000e+01	8.70000000e+01
25	1.12288000e+05	5.80000000e+01	6.10000000e+01	8.70000000e+01
26	1.12730000e+05	5.80000000e+01	6.10000000e+01	8.70000000e+01
27	1.13161000e+05	5.80000000e+01	6.10000000e+01	8.70000000e+01
28	1.13580000e+05	5.80000000e+01	6.10000000e+01	8.70000000e+01
29	1.13958000e+05	5.80000000e+01	6.10000000e+01	8.70000000e+01
30	1.14344000e+05	5.80000000e+01	6.10000000e+01	8.70000000e+01
31	1.14809000e+05	5.80000000e+01	6.10000000e+01	8.70000000e+01
32	1.15274000e+05	5.80000000e+01	6.10000000e+01	8.70000000e+01
33	1.15707000e+05	5.80000000e+01	6.10000000e+01	8.70000000e+01
34	1.16145000e+05	5.80000000e+01	6.10000000e+01	8.70000000e+01
35	1.16655000e+05	5.80000000e+01	6.10000000e+01	8.70000000e+01
36	1.17041000e+05	5.80000000e+01	6.10000000e+01	8.70000000e+01
37	1.17386000e+05	5.80000000e+01	6.10000000e+01	8.70000000e+01
38	1.17852000e+05	5.80000000e+01	6.10000000e+01	8.70000000e+01
39	1.18379000e+05	5.80000000e+01	6.10000000e+01	8.70000000e+01
40	1.18918000e+05	5.80000000e+01	6.10000000e+01	8.70000000e+01
41	1.19471000e+05	5.80000000e+01	6.10000000e+01	8.70000000e+01
42	1.20080000e+05	5.80000000e+01	6.10000000e+01	8.70000000e+01
43	1.20664000e+05	5.80000000e+01	6.10000000e+01	8.70000000e+01
44	1.21260000e+05	5.80000000e+01	6.10000000e+01	8.70000000e+01
45	1.21983000e+05	5.80000000e+01	6.10000000e+01	8.70000000e+01
46	1.22638000e+05	5.80000000e+01	6.10000000e+01	8.70000000e+01
47	1.23243000e+05	6.10000000e+01	6.20000000e+01	9.00000000e+01
48	1.23801000e+05	6.10000000e+01	6.20000000e+01	9.00000000e+01
49	1.24349000e+05	6.10000000e+01	6.20000000e+01	9.00000000e+01
50	1.25001000e+05	6.30000000e+01	6.30000000e+01	9.10000000e+01
51	1.25730000e+05	6.30000000e+01	6.30000000e+01	9.10000000e+01
52	1.26579000e+05	6.30000000e+01	6.30000000e+01	9.10000000e+01
53	1.27464000e+05	6.30000000e+01	6.30000000e+01	9.10000000e+01
54	1.28348000e+05	6.30000000e+01	6.30000000e+01	9.10000000e+01
55	1.29110000e+05	6.30000000e+01	6.40000000e+01	9.20000000e+01
56	1.29970000e+05	6.30000000e+01	6.40000000e+01	9.20000000e+01
57	1.30949000e+05	6.30000000e+01	6.40000000e+01	9.20000000e+01
58	1.31816000e+05	6.30000000e+01	6.40000000e+01	9.20000000e+01
59	1.32693000e+05	6.30000000e+01	6.40000000e+01	9.20000000e+01
60	1.33548000e+05	6.30000000e+01	6.40000000e+01	9.20000000e+01
61	1.34918000e+05	6.30000000e+01	6.50000000e+01	9.30000000e+01
62	1.36016000e+05	6.30000000e+01	6.50000000e+01	9.30000000e+01
63	1.37024000e+05	6.30000000e+01	6.60000000e+01	9.40000000e+01
64	1.37911000e+05	6.80000000e+01	6.80000000e+01	9.60000000e+01
65	1.38833000e+05	7.10000000e+01	7.10000000e+01	1.00000000e+02
66	1.39697000e+05	6.80000000e+01	7.30000000e+01	1.04000000e+02
67	1.40504000e+05	7.00000000e+01	7.40000000e+01	1.05000000e+02
68	1.41177000e+05	7.00000000e+01	7.40000000e+01	1.05000000e+02
69	1.41707000e+05	7.20000000e+01	7.50000000e+01	1.06000000e+02
70	1.42241000e+05	7.20000000e+01	7.50000000e+01	1.06000000e+02
71	1.42781000e+05	7.20000000e+01	7.50000000e+01	1.06000000e+02
72	1.43346000e+05	7.20000000e+01	7.50000000e+01	1.06000000e+02
73	1.44018000e+05	7.20000000e+01	7.50000000e+01	1.06000000e+02
74	1.44611000e+05	7.20000000e+01	7.50000000e+01	1.06000000e+02
75	1.45139000e+05	7.20000000e+01	7.50000000e+01	1.06000000e+02
76	1.45613000e+05	7.20000000e+01	7.50000000e+01	1.06000000e+02
77	1.46123000e+05	7.20000000e+01	7.50000000e+01	1.06000000e+02
78	1.46660000e+05	7.20000000e+01	7.50000000e+01	1.06000000e+02
79	1.47154000e+05	7.20000000e+01	7.50000000e+01	1.06000000e+02
80	1.47731000e+05	7.20000000e+01	7.50000000e+01	1.06000000e+02
81	1.48276000e+05	7.20000000e+01	7.50000000e+01	1.06000000e+02
82	1.48767000e+05	7.20000000e+01	7.50000000e+01	1.06000000e+02
83	1.49252000e+05	7.20000000e+01	7.50000000e+01	1.06000000e+02
84	1.49713000e+05	7.20000000e+01	7.50000000e+01	1.06000000e+02
85	1.50121000e+05	7.20000000e+01	7.50000000e+01	1.06000000e+02
86	1.50597000e+05	7.20000000e+01	7.50000000e+01	1.06000000e+02
87	1.52107000e+05	7.40000000e+01	7.60000000e+01	1.07000000e+02
88	1.53671000e+05	7.40000000e+01	7.60000000e+01	1.07000000e+02
89	1.54438000e+05	7.40000000e+01	7.60000000e+01	1.07000000e+02
90	1.54993000e+05	7.40000000e+01	7.60000000e+01	1.07000000e+02
91	1.55460000e+05	7.40000000e+01	7.60000000e+01	1.07000000e+02
92	1.55861000e+05	7.40000000e+01	7.60000000e+01	1.07000000e+02
93	1.56296000e+05	7.40000000e+01	7.60000000e+01	1.07000000e+02
94	1.56790000e+05	7.40000000e+01	7.60000000e+01	1.07000000e+02
95	1.57248000e+05	7.40000000e+01	7.60000000e+01	1.07000000e+02
96	1.57649000e+05	7.40000000e+01	7.60000000e+01	1.07000000e+02
97	1.58012000e+05	7.40000000e+01	7.60000000e+01	1.07000000e+02
98	1.58416000e+05	7.40000000e+01	7.60000000e+01	1.07000000e+02
99	1.58818000e+05	7.40000000e+01	7.60000000e+01	1.07000000e+02
100	1.59224000e+05	7.40000000e+01	7.60000000e+01	1.07000000e+02
