Day_(movie_time)	Views	Users	Rigor	Edits
-500	0.00000000e+00	0.00000000e+00	0.00000000e+00	0.00000000e+00
-499	0.00000000e+00	0.00000000e+00	0.00000000e+00	0.00000000e+00
-498	0.00000000e+00	0.00000000e+00	0.00000000e+00	0.00000000e+00
-497	0.00000000e+00	0.00000000e+00	0.00000000e+00	0.00000000e+00
-496	0.00000000e+00	0.00000000e+00	0.00000000e+00	0.00000000e+00
-495	0.00000000e+00	0.00000000e+00	0.00000000e+00	0.00000000e+00
-494	0.00000000e+00	0.00000000e+00	0.00000000e+00	0.00000000e+00
-493	0.00000000e+00	0.00000000e+00	0.00000000e+00	0.00000000e+00
-492	0.00000000e+00	0.00000000e+00	0.00000000e+00	0.00000000e+00
-491	0.00000000e+00	0.00000000e+00	0.00000000e+00	0.00000000e+00
-490	0.00000000e+00	0.00000000e+00	0.00000000e+00	0.00000000e+00
-489	0.00000000e+00	0.00000000e+00	0.00000000e+00	0.00000000e+00
-488	0.00000000e+00	0.00000000e+00	0.00000000e+00	0.00000000e+00
-487	0.00000000e+00	0.00000000e+00	0.00000000e+00	0.00000000e+00
-486	0.00000000e+00	0.00000000e+00	0.00000000e+00	0.00000000e+00
-485	0.00000000e+00	0.00000000e+00	0.00000000e+00	0.00000000e+00
-484	0.00000000e+00	0.00000000e+00	0.00000000e+00	0.00000000e+00
-483	0.00000000e+00	0.00000000e+00	0.00000000e+00	0.00000000e+00
-482	0.00000000e+00	0.00000000e+00	0.00000000e+00	0.00000000e+00
-481	0.00000000e+00	0.00000000e+00	0.00000000e+00	0.00000000e+00
-480	0.00000000e+00	0.00000000e+00	0.00000000e+00	0.00000000e+00
-479	0.00000000e+00	0.00000000e+00	0.00000000e+00	0.00000000e+00
-478	0.00000000e+00	0.00000000e+00	0.00000000e+00	0.00000000e+00
-477	0.00000000e+00	0.00000000e+00	0.00000000e+00	0.00000000e+00
-476	0.00000000e+00	0.00000000e+00	0.00000000e+00	0.00000000e+00
-475	0.00000000e+00	0.00000000e+00	0.00000000e+00	0.00000000e+00
-474	0.00000000e+00	0.00000000e+00	0.00000000e+00	0.00000000e+00
-473	0.00000000e+00	0.00000000e+00	0.00000000e+00	0.00000000e+00
-472	0.00000000e+00	0.00000000e+00	0.00000000e+00	0.00000000e+00
-471	0.00000000e+00	0.00000000e+00	0.00000000e+00	0.00000000e+00
-470	0.00000000e+00	0.00000000e+00	0.00000000e+00	0.00000000e+00
-469	0.00000000e+00	0.00000000e+00	0.00000000e+00	0.00000000e+00
-468	0.00000000e+00	0.00000000e+00	0.00000000e+00	0.00000000e+00
-467	0.00000000e+00	0.00000000e+00	0.00000000e+00	0.00000000e+00
-466	0.00000000e+00	0.00000000e+00	0.00000000e+00	0.00000000e+00
-465	0.00000000e+00	0.00000000e+00	0.00000000e+00	0.00000000e+00
-464	0.00000000e+00	0.00000000e+00	0.00000000e+00	0.00000000e+00
-463	0.00000000e+00	0.00000000e+00	0.00000000e+00	0.00000000e+00
-462	0.00000000e+00	0.00000000e+00	0.00000000e+00	0.00000000e+00
-461	0.00000000e+00	0.00000000e+00	0.00000000e+00	0.00000000e+00
-460	0.00000000e+00	0.00000000e+00	0.00000000e+00	0.00000000e+00
-459	0.00000000e+00	0.00000000e+00	0.00000000e+00	0.00000000e+00
-458	0.00000000e+00	0.00000000e+00	0.00000000e+00	0.00000000e+00
-457	0.00000000e+00	0.00000000e+00	0.00000000e+00	0.00000000e+00
-456	0.00000000e+00	0.00000000e+00	0.00000000e+00	0.00000000e+00
-455	0.00000000e+00	0.00000000e+00	0.00000000e+00	0.00000000e+00
-454	0.00000000e+00	0.00000000e+00	0.00000000e+00	0.00000000e+00
-453	0.00000000e+00	0.00000000e+00	0.00000000e+00	0.00000000e+00
-452	0.00000000e+00	0.00000000e+00	0.00000000e+00	0.00000000e+00
-451	0.00000000e+00	0.00000000e+00	0.00000000e+00	0.00000000e+00
-450	0.00000000e+00	0.00000000e+00	0.00000000e+00	0.00000000e+00
-449	0.00000000e+00	0.00000000e+00	0.00000000e+00	0.00000000e+00
-448	0.00000000e+00	0.00000000e+00	0.00000000e+00	0.00000000e+00
-447	0.00000000e+00	0.00000000e+00	0.00000000e+00	0.00000000e+00
-446	0.00000000e+00	0.00000000e+00	0.00000000e+00	0.00000000e+00
-445	0.00000000e+00	0.00000000e+00	0.00000000e+00	0.00000000e+00
-444	0.00000000e+00	0.00000000e+00	0.00000000e+00	0.00000000e+00
-443	0.00000000e+00	0.00000000e+00	0.00000000e+00	0.00000000e+00
-442	0.00000000e+00	0.00000000e+00	0.00000000e+00	0.00000000e+00
-441	0.00000000e+00	0.00000000e+00	0.00000000e+00	0.00000000e+00
-440	0.00000000e+00	0.00000000e+00	0.00000000e+00	0.00000000e+00
-439	0.00000000e+00	0.00000000e+00	0.00000000e+00	0.00000000e+00
-438	0.00000000e+00	0.00000000e+00	0.00000000e+00	0.00000000e+00
-437	0.00000000e+00	0.00000000e+00	0.00000000e+00	0.00000000e+00
-436	0.00000000e+00	0.00000000e+00	0.00000000e+00	0.00000000e+00
-435	0.00000000e+00	0.00000000e+00	0.00000000e+00	0.00000000e+00
-434	0.00000000e+00	0.00000000e+00	0.00000000e+00	0.00000000e+00
-433	0.00000000e+00	0.00000000e+00	0.00000000e+00	0.00000000e+00
-432	0.00000000e+00	0.00000000e+00	0.00000000e+00	0.00000000e+00
-431	0.00000000e+00	0.00000000e+00	0.00000000e+00	0.00000000e+00
-430	0.00000000e+00	0.00000000e+00	0.00000000e+00	0.00000000e+00
-429	0.00000000e+00	0.00000000e+00	0.00000000e+00	0.00000000e+00
-428	0.00000000e+00	0.00000000e+00	0.00000000e+00	0.00000000e+00
-427	0.00000000e+00	0.00000000e+00	0.00000000e+00	0.00000000e+00
-426	0.00000000e+00	0.00000000e+00	0.00000000e+00	0.00000000e+00
-425	0.00000000e+00	0.00000000e+00	0.00000000e+00	0.00000000e+00
-424	0.00000000e+00	0.00000000e+00	0.00000000e+00	0.00000000e+00
-423	0.00000000e+00	0.00000000e+00	0.00000000e+00	0.00000000e+00
-422	0.00000000e+00	0.00000000e+00	0.00000000e+00	0.00000000e+00
-421	0.00000000e+00	0.00000000e+00	0.00000000e+00	0.00000000e+00
-420	0.00000000e+00	0.00000000e+00	0.00000000e+00	0.00000000e+00
-419	0.00000000e+00	0.00000000e+00	0.00000000e+00	0.00000000e+00
-418	0.00000000e+00	0.00000000e+00	0.00000000e+00	0.00000000e+00
-417	0.00000000e+00	0.00000000e+00	0.00000000e+00	0.00000000e+00
-416	0.00000000e+00	0.00000000e+00	0.00000000e+00	0.00000000e+00
-415	0.00000000e+00	0.00000000e+00	0.00000000e+00	0.00000000e+00
-414	0.00000000e+00	0.00000000e+00	0.00000000e+00	0.00000000e+00
-413	0.00000000e+00	0.00000000e+00	0.00000000e+00	0.00000000e+00
-412	0.00000000e+00	0.00000000e+00	0.00000000e+00	0.00000000e+00
-411	0.00000000e+00	0.00000000e+00	0.00000000e+00	0.00000000e+00
-410	0.00000000e+00	0.00000000e+00	0.00000000e+00	0.00000000e+00
-409	0.00000000e+00	0.00000000e+00	0.00000000e+00	0.00000000e+00
-408	0.00000000e+00	0.00000000e+00	0.00000000e+00	0.00000000e+00
-407	0.00000000e+00	0.00000000e+00	0.00000000e+00	0.00000000e+00
-406	0.00000000e+00	0.00000000e+00	0.00000000e+00	0.00000000e+00
-405	0.00000000e+00	0.00000000e+00	0.00000000e+00	0.00000000e+00
-404	0.00000000e+00	0.00000000e+00	0.00000000e+00	0.00000000e+00
-403	0.00000000e+00	0.00000000e+00	0.00000000e+00	0.00000000e+00
-402	0.00000000e+00	0.00000000e+00	0.00000000e+00	0.00000000e+00
-401	0.00000000e+00	0.00000000e+00	0.00000000e+00	0.00000000e+00
-400	0.00000000e+00	0.00000000e+00	0.00000000e+00	0.00000000e+00
-399	0.00000000e+00	0.00000000e+00	0.00000000e+00	0.00000000e+00
-398	0.00000000e+00	0.00000000e+00	0.00000000e+00	0.00000000e+00
-397	0.00000000e+00	0.00000000e+00	0.00000000e+00	0.00000000e+00
-396	0.00000000e+00	0.00000000e+00	0.00000000e+00	0.00000000e+00
-395	0.00000000e+00	0.00000000e+00	0.00000000e+00	0.00000000e+00
-394	0.00000000e+00	0.00000000e+00	0.00000000e+00	0.00000000e+00
-393	0.00000000e+00	0.00000000e+00	0.00000000e+00	0.00000000e+00
-392	0.00000000e+00	0.00000000e+00	0.00000000e+00	0.00000000e+00
-391	0.00000000e+00	0.00000000e+00	0.00000000e+00	0.00000000e+00
-390	0.00000000e+00	0.00000000e+00	0.00000000e+00	0.00000000e+00
-389	0.00000000e+00	0.00000000e+00	0.00000000e+00	0.00000000e+00
-388	0.00000000e+00	0.00000000e+00	0.00000000e+00	0.00000000e+00
-387	0.00000000e+00	0.00000000e+00	0.00000000e+00	0.00000000e+00
-386	0.00000000e+00	0.00000000e+00	0.00000000e+00	0.00000000e+00
-385	0.00000000e+00	0.00000000e+00	0.00000000e+00	0.00000000e+00
-384	0.00000000e+00	0.00000000e+00	0.00000000e+00	0.00000000e+00
-383	0.00000000e+00	0.00000000e+00	0.00000000e+00	0.00000000e+00
-382	0.00000000e+00	0.00000000e+00	0.00000000e+00	0.00000000e+00
-381	0.00000000e+00	0.00000000e+00	0.00000000e+00	0.00000000e+00
-380	0.00000000e+00	0.00000000e+00	0.00000000e+00	0.00000000e+00
-379	0.00000000e+00	0.00000000e+00	0.00000000e+00	0.00000000e+00
-378	0.00000000e+00	0.00000000e+00	0.00000000e+00	0.00000000e+00
-377	0.00000000e+00	0.00000000e+00	0.00000000e+00	0.00000000e+00
-376	0.00000000e+00	0.00000000e+00	0.00000000e+00	0.00000000e+00
-375	0.00000000e+00	0.00000000e+00	0.00000000e+00	0.00000000e+00
-374	0.00000000e+00	0.00000000e+00	0.00000000e+00	0.00000000e+00
-373	0.00000000e+00	0.00000000e+00	0.00000000e+00	0.00000000e+00
-372	0.00000000e+00	0.00000000e+00	0.00000000e+00	0.00000000e+00
-371	0.00000000e+00	0.00000000e+00	0.00000000e+00	0.00000000e+00
-370	0.00000000e+00	0.00000000e+00	0.00000000e+00	0.00000000e+00
-369	0.00000000e+00	0.00000000e+00	0.00000000e+00	0.00000000e+00
-368	0.00000000e+00	0.00000000e+00	0.00000000e+00	0.00000000e+00
-367	0.00000000e+00	0.00000000e+00	0.00000000e+00	0.00000000e+00
-366	0.00000000e+00	0.00000000e+00	0.00000000e+00	0.00000000e+00
-365	0.00000000e+00	0.00000000e+00	0.00000000e+00	0.00000000e+00
-364	0.00000000e+00	0.00000000e+00	0.00000000e+00	0.00000000e+00
-363	0.00000000e+00	0.00000000e+00	0.00000000e+00	0.00000000e+00
-362	0.00000000e+00	0.00000000e+00	0.00000000e+00	0.00000000e+00
-361	0.00000000e+00	0.00000000e+00	0.00000000e+00	0.00000000e+00
-360	0.00000000e+00	0.00000000e+00	0.00000000e+00	0.00000000e+00
-359	0.00000000e+00	0.00000000e+00	0.00000000e+00	0.00000000e+00
-358	0.00000000e+00	0.00000000e+00	0.00000000e+00	0.00000000e+00
-357	0.00000000e+00	0.00000000e+00	0.00000000e+00	0.00000000e+00
-356	0.00000000e+00	0.00000000e+00	0.00000000e+00	0.00000000e+00
-355	0.00000000e+00	0.00000000e+00	0.00000000e+00	0.00000000e+00
-354	0.00000000e+00	0.00000000e+00	0.00000000e+00	0.00000000e+00
-353	0.00000000e+00	0.00000000e+00	0.00000000e+00	0.00000000e+00
-352	0.00000000e+00	0.00000000e+00	0.00000000e+00	0.00000000e+00
-351	0.00000000e+00	0.00000000e+00	0.00000000e+00	0.00000000e+00
-350	0.00000000e+00	0.00000000e+00	0.00000000e+00	0.00000000e+00
-349	0.00000000e+00	0.00000000e+00	0.00000000e+00	0.00000000e+00
-348	0.00000000e+00	0.00000000e+00	0.00000000e+00	0.00000000e+00
-347	0.00000000e+00	0.00000000e+00	0.00000000e+00	0.00000000e+00
-346	0.00000000e+00	0.00000000e+00	0.00000000e+00	0.00000000e+00
-345	0.00000000e+00	0.00000000e+00	0.00000000e+00	0.00000000e+00
-344	0.00000000e+00	0.00000000e+00	0.00000000e+00	0.00000000e+00
-343	0.00000000e+00	0.00000000e+00	0.00000000e+00	0.00000000e+00
-342	0.00000000e+00	0.00000000e+00	0.00000000e+00	0.00000000e+00
-341	0.00000000e+00	0.00000000e+00	0.00000000e+00	0.00000000e+00
-340	0.00000000e+00	0.00000000e+00	0.00000000e+00	0.00000000e+00
-339	0.00000000e+00	0.00000000e+00	0.00000000e+00	0.00000000e+00
-338	0.00000000e+00	0.00000000e+00	0.00000000e+00	0.00000000e+00
-337	0.00000000e+00	0.00000000e+00	0.00000000e+00	0.00000000e+00
-336	0.00000000e+00	0.00000000e+00	0.00000000e+00	0.00000000e+00
-335	0.00000000e+00	0.00000000e+00	0.00000000e+00	0.00000000e+00
-334	0.00000000e+00	0.00000000e+00	0.00000000e+00	0.00000000e+00
-333	0.00000000e+00	0.00000000e+00	0.00000000e+00	0.00000000e+00
-332	0.00000000e+00	0.00000000e+00	0.00000000e+00	0.00000000e+00
-331	0.00000000e+00	0.00000000e+00	0.00000000e+00	0.00000000e+00
-330	0.00000000e+00	0.00000000e+00	0.00000000e+00	0.00000000e+00
-329	0.00000000e+00	0.00000000e+00	0.00000000e+00	0.00000000e+00
-328	0.00000000e+00	0.00000000e+00	0.00000000e+00	0.00000000e+00
-327	0.00000000e+00	0.00000000e+00	0.00000000e+00	0.00000000e+00
-326	0.00000000e+00	0.00000000e+00	0.00000000e+00	0.00000000e+00
-325	0.00000000e+00	0.00000000e+00	0.00000000e+00	0.00000000e+00
-324	0.00000000e+00	0.00000000e+00	0.00000000e+00	0.00000000e+00
-323	0.00000000e+00	0.00000000e+00	0.00000000e+00	0.00000000e+00
-322	0.00000000e+00	0.00000000e+00	0.00000000e+00	0.00000000e+00
-321	0.00000000e+00	0.00000000e+00	0.00000000e+00	0.00000000e+00
-320	0.00000000e+00	0.00000000e+00	0.00000000e+00	0.00000000e+00
-319	0.00000000e+00	0.00000000e+00	0.00000000e+00	0.00000000e+00
-318	0.00000000e+00	0.00000000e+00	0.00000000e+00	0.00000000e+00
-317	0.00000000e+00	0.00000000e+00	0.00000000e+00	0.00000000e+00
-316	0.00000000e+00	0.00000000e+00	0.00000000e+00	0.00000000e+00
-315	0.00000000e+00	0.00000000e+00	0.00000000e+00	0.00000000e+00
-314	0.00000000e+00	0.00000000e+00	0.00000000e+00	0.00000000e+00
-313	0.00000000e+00	0.00000000e+00	0.00000000e+00	0.00000000e+00
-312	0.00000000e+00	0.00000000e+00	0.00000000e+00	0.00000000e+00
-311	0.00000000e+00	0.00000000e+00	0.00000000e+00	0.00000000e+00
-310	0.00000000e+00	0.00000000e+00	0.00000000e+00	0.00000000e+00
-309	0.00000000e+00	0.00000000e+00	0.00000000e+00	0.00000000e+00
-308	0.00000000e+00	0.00000000e+00	0.00000000e+00	0.00000000e+00
-307	0.00000000e+00	0.00000000e+00	0.00000000e+00	0.00000000e+00
-306	0.00000000e+00	0.00000000e+00	0.00000000e+00	0.00000000e+00
-305	0.00000000e+00	0.00000000e+00	0.00000000e+00	0.00000000e+00
-304	0.00000000e+00	0.00000000e+00	0.00000000e+00	0.00000000e+00
-303	0.00000000e+00	0.00000000e+00	0.00000000e+00	0.00000000e+00
-302	0.00000000e+00	0.00000000e+00	0.00000000e+00	0.00000000e+00
-301	0.00000000e+00	0.00000000e+00	0.00000000e+00	0.00000000e+00
-300	0.00000000e+00	0.00000000e+00	0.00000000e+00	0.00000000e+00
-299	0.00000000e+00	0.00000000e+00	0.00000000e+00	0.00000000e+00
-298	0.00000000e+00	0.00000000e+00	0.00000000e+00	0.00000000e+00
-297	0.00000000e+00	0.00000000e+00	0.00000000e+00	0.00000000e+00
-296	0.00000000e+00	0.00000000e+00	0.00000000e+00	0.00000000e+00
-295	0.00000000e+00	0.00000000e+00	0.00000000e+00	0.00000000e+00
-294	0.00000000e+00	0.00000000e+00	0.00000000e+00	0.00000000e+00
-293	0.00000000e+00	0.00000000e+00	0.00000000e+00	0.00000000e+00
-292	0.00000000e+00	0.00000000e+00	0.00000000e+00	0.00000000e+00
-291	0.00000000e+00	0.00000000e+00	0.00000000e+00	0.00000000e+00
-290	0.00000000e+00	0.00000000e+00	0.00000000e+00	0.00000000e+00
-289	0.00000000e+00	0.00000000e+00	0.00000000e+00	0.00000000e+00
-288	0.00000000e+00	0.00000000e+00	0.00000000e+00	0.00000000e+00
-287	0.00000000e+00	0.00000000e+00	0.00000000e+00	0.00000000e+00
-286	0.00000000e+00	0.00000000e+00	0.00000000e+00	0.00000000e+00
-285	0.00000000e+00	0.00000000e+00	0.00000000e+00	0.00000000e+00
-284	0.00000000e+00	0.00000000e+00	0.00000000e+00	0.00000000e+00
-283	0.00000000e+00	0.00000000e+00	0.00000000e+00	0.00000000e+00
-282	0.00000000e+00	0.00000000e+00	0.00000000e+00	0.00000000e+00
-281	0.00000000e+00	0.00000000e+00	0.00000000e+00	0.00000000e+00
-280	0.00000000e+00	0.00000000e+00	0.00000000e+00	0.00000000e+00
-279	0.00000000e+00	0.00000000e+00	0.00000000e+00	0.00000000e+00
-278	0.00000000e+00	0.00000000e+00	0.00000000e+00	0.00000000e+00
-277	0.00000000e+00	0.00000000e+00	0.00000000e+00	0.00000000e+00
-276	0.00000000e+00	0.00000000e+00	0.00000000e+00	0.00000000e+00
-275	0.00000000e+00	0.00000000e+00	0.00000000e+00	0.00000000e+00
-274	0.00000000e+00	0.00000000e+00	0.00000000e+00	0.00000000e+00
-273	0.00000000e+00	0.00000000e+00	0.00000000e+00	0.00000000e+00
-272	0.00000000e+00	0.00000000e+00	0.00000000e+00	0.00000000e+00
-271	0.00000000e+00	0.00000000e+00	0.00000000e+00	0.00000000e+00
-270	0.00000000e+00	0.00000000e+00	0.00000000e+00	0.00000000e+00
-269	0.00000000e+00	0.00000000e+00	0.00000000e+00	0.00000000e+00
-268	0.00000000e+00	0.00000000e+00	0.00000000e+00	0.00000000e+00
-267	0.00000000e+00	0.00000000e+00	0.00000000e+00	0.00000000e+00
-266	0.00000000e+00	0.00000000e+00	0.00000000e+00	0.00000000e+00
-265	0.00000000e+00	0.00000000e+00	0.00000000e+00	0.00000000e+00
-264	1.00000000e+00	0.00000000e+00	0.00000000e+00	0.00000000e+00
-263	1.00000000e+00	0.00000000e+00	0.00000000e+00	0.00000000e+00
-262	1.00000000e+00	0.00000000e+00	0.00000000e+00	0.00000000e+00
-261	1.00000000e+00	0.00000000e+00	0.00000000e+00	0.00000000e+00
-260	2.00000000e+00	0.00000000e+00	0.00000000e+00	0.00000000e+00
-259	2.00000000e+00	0.00000000e+00	0.00000000e+00	0.00000000e+00
-258	2.00000000e+00	0.00000000e+00	0.00000000e+00	0.00000000e+00
-257	2.00000000e+00	0.00000000e+00	0.00000000e+00	0.00000000e+00
-256	3.00000000e+00	0.00000000e+00	0.00000000e+00	0.00000000e+00
-255	3.00000000e+00	0.00000000e+00	0.00000000e+00	0.00000000e+00
-254	5.00000000e+00	0.00000000e+00	0.00000000e+00	0.00000000e+00
-253	8.00000000e+00	0.00000000e+00	0.00000000e+00	0.00000000e+00
-252	8.00000000e+00	0.00000000e+00	0.00000000e+00	0.00000000e+00
-251	8.00000000e+00	0.00000000e+00	0.00000000e+00	0.00000000e+00
-250	8.00000000e+00	0.00000000e+00	0.00000000e+00	0.00000000e+00
-249	9.00000000e+00	0.00000000e+00	0.00000000e+00	0.00000000e+00
-248	9.00000000e+00	0.00000000e+00	0.00000000e+00	0.00000000e+00
-247	9.00000000e+00	0.00000000e+00	0.00000000e+00	0.00000000e+00
-246	1.00000000e+01	0.00000000e+00	0.00000000e+00	0.00000000e+00
-245	1.20000000e+01	0.00000000e+00	0.00000000e+00	0.00000000e+00
-244	1.40000000e+01	0.00000000e+00	0.00000000e+00	0.00000000e+00
-243	1.40000000e+01	0.00000000e+00	0.00000000e+00	0.00000000e+00
-242	1.40000000e+01	0.00000000e+00	0.00000000e+00	0.00000000e+00
-241	1.70000000e+01	0.00000000e+00	0.00000000e+00	0.00000000e+00
-240	1.90000000e+01	0.00000000e+00	0.00000000e+00	0.00000000e+00
-239	1.90000000e+01	0.00000000e+00	0.00000000e+00	0.00000000e+00
-238	2.10000000e+01	0.00000000e+00	0.00000000e+00	0.00000000e+00
-237	2.10000000e+01	0.00000000e+00	0.00000000e+00	0.00000000e+00
-236	2.10000000e+01	0.00000000e+00	0.00000000e+00	0.00000000e+00
-235	2.20000000e+01	0.00000000e+00	0.00000000e+00	0.00000000e+00
-234	2.20000000e+01	0.00000000e+00	0.00000000e+00	0.00000000e+00
-233	2.20000000e+01	0.00000000e+00	0.00000000e+00	0.00000000e+00
-232	2.60000000e+01	0.00000000e+00	0.00000000e+00	0.00000000e+00
-231	3.80000000e+01	0.00000000e+00	0.00000000e+00	0.00000000e+00
-230	4.90000000e+01	0.00000000e+00	0.00000000e+00	0.00000000e+00
-229	5.50000000e+01	0.00000000e+00	0.00000000e+00	0.00000000e+00
-228	6.60000000e+01	0.00000000e+00	0.00000000e+00	0.00000000e+00
-227	9.40000000e+01	0.00000000e+00	0.00000000e+00	0.00000000e+00
-226	1.22000000e+02	0.00000000e+00	0.00000000e+00	0.00000000e+00
-225	1.64000000e+02	0.00000000e+00	0.00000000e+00	0.00000000e+00
-224	1.79000000e+02	0.00000000e+00	0.00000000e+00	0.00000000e+00
-223	1.95000000e+02	0.00000000e+00	0.00000000e+00	0.00000000e+00
-222	2.01000000e+02	0.00000000e+00	0.00000000e+00	0.00000000e+00
-221	2.02000000e+02	0.00000000e+00	0.00000000e+00	0.00000000e+00
-220	2.15000000e+02	0.00000000e+00	0.00000000e+00	0.00000000e+00
-219	2.15000000e+02	0.00000000e+00	0.00000000e+00	0.00000000e+00
-218	2.15000000e+02	0.00000000e+00	0.00000000e+00	0.00000000e+00
-217	2.15000000e+02	0.00000000e+00	0.00000000e+00	0.00000000e+00
-216	2.16000000e+02	0.00000000e+00	0.00000000e+00	0.00000000e+00
-215	2.16000000e+02	0.00000000e+00	0.00000000e+00	0.00000000e+00
-214	2.16000000e+02	0.00000000e+00	0.00000000e+00	0.00000000e+00
-213	2.16000000e+02	0.00000000e+00	0.00000000e+00	0.00000000e+00
-212	2.17000000e+02	0.00000000e+00	0.00000000e+00	0.00000000e+00
-211	2.19000000e+02	0.00000000e+00	0.00000000e+00	0.00000000e+00
-210	2.20000000e+02	0.00000000e+00	0.00000000e+00	0.00000000e+00
-209	2.20000000e+02	0.00000000e+00	0.00000000e+00	0.00000000e+00
-208	2.20000000e+02	0.00000000e+00	0.00000000e+00	0.00000000e+00
-207	2.22000000e+02	0.00000000e+00	0.00000000e+00	0.00000000e+00
-206	2.22000000e+02	0.00000000e+00	0.00000000e+00	0.00000000e+00
-205	2.23000000e+02	0.00000000e+00	0.00000000e+00	0.00000000e+00
-204	2.24000000e+02	0.00000000e+00	0.00000000e+00	0.00000000e+00
-203	2.24000000e+02	0.00000000e+00	0.00000000e+00	0.00000000e+00
-202	2.25000000e+02	0.00000000e+00	0.00000000e+00	0.00000000e+00
-201	2.25000000e+02	0.00000000e+00	0.00000000e+00	0.00000000e+00
-200	2.25000000e+02	0.00000000e+00	0.00000000e+00	0.00000000e+00
-199	2.26000000e+02	0.00000000e+00	0.00000000e+00	0.00000000e+00
-198	2.26000000e+02	0.00000000e+00	0.00000000e+00	0.00000000e+00
-197	2.27000000e+02	0.00000000e+00	0.00000000e+00	0.00000000e+00
-196	2.27000000e+02	0.00000000e+00	0.00000000e+00	0.00000000e+00
-195	2.27000000e+02	0.00000000e+00	0.00000000e+00	0.00000000e+00
-194	2.27000000e+02	0.00000000e+00	0.00000000e+00	0.00000000e+00
-193	2.27000000e+02	0.00000000e+00	0.00000000e+00	0.00000000e+00
-192	2.27000000e+02	0.00000000e+00	0.00000000e+00	0.00000000e+00
-191	2.28000000e+02	0.00000000e+00	0.00000000e+00	0.00000000e+00
-190	2.28000000e+02	0.00000000e+00	0.00000000e+00	0.00000000e+00
-189	2.28000000e+02	0.00000000e+00	0.00000000e+00	0.00000000e+00
-188	2.28000000e+02	0.00000000e+00	0.00000000e+00	0.00000000e+00
-187	2.29000000e+02	0.00000000e+00	0.00000000e+00	0.00000000e+00
-186	2.30000000e+02	0.00000000e+00	0.00000000e+00	0.00000000e+00
-185	2.30000000e+02	0.00000000e+00	0.00000000e+00	0.00000000e+00
-184	2.31000000e+02	0.00000000e+00	0.00000000e+00	0.00000000e+00
-183	2.31000000e+02	0.00000000e+00	0.00000000e+00	0.00000000e+00
-182	2.31000000e+02	0.00000000e+00	0.00000000e+00	0.00000000e+00
-181	2.31000000e+02	0.00000000e+00	0.00000000e+00	0.00000000e+00
-180	2.31000000e+02	0.00000000e+00	0.00000000e+00	0.00000000e+00
-179	2.31000000e+02	0.00000000e+00	0.00000000e+00	0.00000000e+00
-178	2.32000000e+02	0.00000000e+00	0.00000000e+00	0.00000000e+00
-177	2.33000000e+02	0.00000000e+00	0.00000000e+00	0.00000000e+00
-176	2.34000000e+02	0.00000000e+00	0.00000000e+00	0.00000000e+00
-175	2.35000000e+02	0.00000000e+00	0.00000000e+00	0.00000000e+00
-174	2.35000000e+02	0.00000000e+00	0.00000000e+00	0.00000000e+00
-173	2.35000000e+02	0.00000000e+00	0.00000000e+00	0.00000000e+00
-172	2.35000000e+02	0.00000000e+00	0.00000000e+00	0.00000000e+00
-171	2.35000000e+02	0.00000000e+00	0.00000000e+00	0.00000000e+00
-170	2.35000000e+02	0.00000000e+00	0.00000000e+00	0.00000000e+00
-169	2.35000000e+02	0.00000000e+00	0.00000000e+00	0.00000000e+00
-168	2.35000000e+02	0.00000000e+00	0.00000000e+00	0.00000000e+00
-167	2.36000000e+02	0.00000000e+00	0.00000000e+00	0.00000000e+00
-166	2.36000000e+02	0.00000000e+00	0.00000000e+00	0.00000000e+00
-165	2.36000000e+02	0.00000000e+00	0.00000000e+00	0.00000000e+00
-164	2.36000000e+02	0.00000000e+00	0.00000000e+00	0.00000000e+00
-163	2.36000000e+02	0.00000000e+00	0.00000000e+00	0.00000000e+00
-162	2.36000000e+02	0.00000000e+00	0.00000000e+00	0.00000000e+00
-161	2.36000000e+02	0.00000000e+00	0.00000000e+00	0.00000000e+00
-160	2.36000000e+02	0.00000000e+00	0.00000000e+00	0.00000000e+00
-159	2.36000000e+02	0.00000000e+00	0.00000000e+00	0.00000000e+00
-158	2.37000000e+02	0.00000000e+00	0.00000000e+00	0.00000000e+00
-157	2.37000000e+02	0.00000000e+00	0.00000000e+00	0.00000000e+00
-156	2.37000000e+02	0.00000000e+00	0.00000000e+00	0.00000000e+00
-155	2.37000000e+02	0.00000000e+00	0.00000000e+00	0.00000000e+00
-154	2.37000000e+02	0.00000000e+00	0.00000000e+00	0.00000000e+00
-153	2.38000000e+02	0.00000000e+00	0.00000000e+00	0.00000000e+00
-152	2.39000000e+02	0.00000000e+00	0.00000000e+00	0.00000000e+00
-151	2.39000000e+02	0.00000000e+00	0.00000000e+00	0.00000000e+00
-150	2.40000000e+02	0.00000000e+00	0.00000000e+00	0.00000000e+00
-149	2.41000000e+02	0.00000000e+00	0.00000000e+00	0.00000000e+00
-148	2.41000000e+02	0.00000000e+00	0.00000000e+00	0.00000000e+00
-147	2.41000000e+02	0.00000000e+00	0.00000000e+00	0.00000000e+00
-146	2.79000000e+02	1.00000000e+00	1.00000000e+00	3.00000000e+00
-145	3.56000000e+02	1.00000000e+00	1.00000000e+00	3.00000000e+00
-144	4.53000000e+02	1.00000000e+00	1.00000000e+00	3.00000000e+00
-143	5.54000000e+02	1.00000000e+00	1.00000000e+00	3.00000000e+00
-142	6.61000000e+02	2.00000000e+00	2.00000000e+00	8.00000000e+00
-141	7.60000000e+02	2.00000000e+00	2.00000000e+00	8.00000000e+00
-140	8.41000000e+02	2.00000000e+00	2.00000000e+00	8.00000000e+00
-139	8.84000000e+02	3.00000000e+00	3.00000000e+00	9.00000000e+00
-138	9.06000000e+02	3.00000000e+00	3.00000000e+00	9.00000000e+00
-137	9.11000000e+02	3.00000000e+00	3.00000000e+00	9.00000000e+00
-136	9.22000000e+02	3.00000000e+00	3.00000000e+00	9.00000000e+00
-135	9.77000000e+02	4.00000000e+00	4.00000000e+00	1.00000000e+01
-134	1.03500000e+03	4.00000000e+00	4.00000000e+00	1.00000000e+01
-133	1.14400000e+03	4.00000000e+00	4.00000000e+00	1.00000000e+01
-132	1.25500000e+03	4.00000000e+00	4.00000000e+00	1.00000000e+01
-131	1.37200000e+03	4.00000000e+00	4.00000000e+00	1.00000000e+01
-130	1.46200000e+03	4.00000000e+00	4.00000000e+00	1.00000000e+01
-129	1.55900000e+03	4.00000000e+00	4.00000000e+00	1.00000000e+01
-128	1.65100000e+03	4.00000000e+00	4.00000000e+00	0.00000000e+00
-127	1.72700000e+03	4.00000000e+00	4.00000000e+00	1.00000000e+01
-126	1.80100000e+03	4.00000000e+00	4.00000000e+00	1.00000000e+01
-125	1.89000000e+03	4.00000000e+00	4.00000000e+00	1.00000000e+01
-124	1.89000000e+03	4.00000000e+00	4.00000000e+00	1.00000000e+01
-123	1.91700000e+03	4.00000000e+00	4.00000000e+00	1.00000000e+01
-122	1.91700000e+03	6.00000000e+00	6.00000000e+00	1.30000000e+01
-121	2.04700000e+03	6.00000000e+00	6.00000000e+00	1.30000000e+01
-120	2.16100000e+03	6.00000000e+00	7.00000000e+00	1.50000000e+01
-119	2.26600000e+03	6.00000000e+00	7.00000000e+00	1.50000000e+01
-118	2.50400000e+03	6.00000000e+00	7.00000000e+00	1.50000000e+01
-117	2.64200000e+03	6.00000000e+00	7.00000000e+00	1.50000000e+01
-116	2.78500000e+03	6.00000000e+00	7.00000000e+00	1.50000000e+01
-115	2.78500000e+03	6.00000000e+00	7.00000000e+00	1.50000000e+01
-114	2.91700000e+03	6.00000000e+00	7.00000000e+00	1.50000000e+01
-113	2.91700000e+03	6.00000000e+00	7.00000000e+00	1.50000000e+01
-112	2.91700000e+03	6.00000000e+00	7.00000000e+00	1.50000000e+01
-111	2.91700000e+03	6.00000000e+00	7.00000000e+00	1.50000000e+01
-110	2.91700000e+03	6.00000000e+00	7.00000000e+00	1.50000000e+01
-109	2.98800000e+03	6.00000000e+00	7.00000000e+00	1.50000000e+01
-108	3.09800000e+03	6.00000000e+00	7.00000000e+00	1.50000000e+01
-107	3.19800000e+03	6.00000000e+00	7.00000000e+00	1.50000000e+01
-106	3.29300000e+03	6.00000000e+00	7.00000000e+00	1.50000000e+01
-105	3.39200000e+03	6.00000000e+00	7.00000000e+00	1.50000000e+01
-104	3.65200000e+03	7.00000000e+00	7.00000000e+00	1.90000000e+01
-103	3.84600000e+03	7.00000000e+00	7.00000000e+00	1.90000000e+01
-102	4.03300000e+03	7.00000000e+00	8.00000000e+00	2.10000000e+01
-101	4.20500000e+03	7.00000000e+00	8.00000000e+00	2.10000000e+01
-100	4.32000000e+03	7.00000000e+00	8.00000000e+00	2.10000000e+01
-99	4.60000000e+03	7.00000000e+00	9.00000000e+00	2.20000000e+01
-98	4.89500000e+03	9.00000000e+00	1.10000000e+01	2.50000000e+01
-97	5.45200000e+03	9.00000000e+00	1.10000000e+01	2.50000000e+01
-96	6.14700000e+03	9.00000000e+00	1.20000000e+01	2.60000000e+01
-95	6.61200000e+03	9.00000000e+00	1.20000000e+01	2.60000000e+01
-94	7.42900000e+03	9.00000000e+00	1.20000000e+01	2.60000000e+01
-93	8.02100000e+03	9.00000000e+00	1.20000000e+01	2.60000000e+01
-92	8.48200000e+03	9.00000000e+00	1.20000000e+01	2.60000000e+01
-91	8.94900000e+03	9.00000000e+00	1.20000000e+01	2.60000000e+01
-90	9.25800000e+03	9.00000000e+00	1.20000000e+01	2.60000000e+01
-89	9.55700000e+03	1.10000000e+01	1.30000000e+01	2.70000000e+01
-88	9.88900000e+03	1.10000000e+01	1.30000000e+01	2.70000000e+01
-87	1.02130000e+04	1.10000000e+01	1.30000000e+01	2.70000000e+01
-86	1.05580000e+04	1.10000000e+01	1.30000000e+01	2.70000000e+01
-85	1.09000000e+04	1.10000000e+01	1.30000000e+01	2.70000000e+01
-84	1.12050000e+04	1.10000000e+01	1.30000000e+01	2.70000000e+01
-83	1.15170000e+04	1.10000000e+01	1.30000000e+01	2.70000000e+01
-82	1.17560000e+04	1.10000000e+01	1.30000000e+01	2.70000000e+01
-81	1.20780000e+04	1.10000000e+01	1.30000000e+01	2.70000000e+01
-80	1.25330000e+04	1.20000000e+01	1.40000000e+01	4.20000000e+01
-79	1.40350000e+04	1.20000000e+01	1.40000000e+01	4.20000000e+01
-78	1.51460000e+04	1.20000000e+01	1.40000000e+01	4.20000000e+01
-77	1.58550000e+04	1.40000000e+01	1.60000000e+01	4.50000000e+01
-76	1.63590000e+04	1.40000000e+01	1.60000000e+01	4.50000000e+01
-75	1.67540000e+04	1.40000000e+01	1.60000000e+01	4.50000000e+01
-74	1.71750000e+04	1.40000000e+01	1.60000000e+01	4.50000000e+01
-73	1.77050000e+04	1.40000000e+01	1.60000000e+01	4.50000000e+01
-72	2.06680000e+04	1.50000000e+01	1.70000000e+01	4.60000000e+01
-71	2.23540000e+04	1.50000000e+01	1.80000000e+01	4.70000000e+01
-70	2.38870000e+04	1.50000000e+01	1.80000000e+01	4.70000000e+01
-69	2.52840000e+04	1.50000000e+01	1.80000000e+01	4.70000000e+01
-68	2.61370000e+04	1.50000000e+01	1.80000000e+01	4.70000000e+01
-67	2.69190000e+04	1.50000000e+01	1.80000000e+01	4.70000000e+01
-66	2.84330000e+04	1.70000000e+01	1.90000000e+01	4.80000000e+01
-65	3.11700000e+04	2.00000000e+01	2.10000000e+01	5.10000000e+01
-64	3.42170000e+04	2.00000000e+01	2.10000000e+01	5.10000000e+01
-63	3.64100000e+04	2.00000000e+01	2.10000000e+01	5.10000000e+01
-62	3.79210000e+04	2.00000000e+01	2.10000000e+01	5.10000000e+01
-61	3.92040000e+04	2.10000000e+01	2.30000000e+01	5.30000000e+01
-60	4.04520000e+04	2.10000000e+01	2.30000000e+01	5.30000000e+01
-59	4.18590000e+04	2.10000000e+01	2.40000000e+01	5.50000000e+01
-58	4.32890000e+04	2.10000000e+01	2.40000000e+01	5.50000000e+01
-57	4.48090000e+04	2.10000000e+01	2.40000000e+01	5.50000000e+01
-56	4.65170000e+04	2.20000000e+01	2.50000000e+01	5.60000000e+01
-55	4.79940000e+04	2.40000000e+01	2.60000000e+01	5.70000000e+01
-54	4.91440000e+04	2.50000000e+01	2.70000000e+01	5.90000000e+01
-53	5.02160000e+04	2.50000000e+01	2.70000000e+01	5.90000000e+01
-52	5.14930000e+04	2.60000000e+01	2.80000000e+01	6.00000000e+01
-51	5.29850000e+04	2.60000000e+01	2.80000000e+01	6.00000000e+01
-50	5.47380000e+04	2.90000000e+01	3.00000000e+01	6.30000000e+01
-49	5.69510000e+04	2.90000000e+01	3.00000000e+01	6.30000000e+01
-48	5.93610000e+04	3.00000000e+01	3.10000000e+01	6.50000000e+01
-47	6.09040000e+04	3.00000000e+01	3.10000000e+01	6.50000000e+01
-46	6.23020000e+04	3.00000000e+01	3.10000000e+01	6.50000000e+01
-45	6.39280000e+04	3.10000000e+01	3.20000000e+01	6.90000000e+01
-44	6.56080000e+04	3.10000000e+01	3.20000000e+01	6.90000000e+01
-43	6.68080000e+04	3.10000000e+01	3.20000000e+01	6.90000000e+01
-42	6.81470000e+04	3.10000000e+01	3.20000000e+01	6.90000000e+01
-41	6.93700000e+04	3.10000000e+01	3.20000000e+01	6.90000000e+01
-40	7.05350000e+04	3.10000000e+01	3.20000000e+01	6.90000000e+01
-39	7.17680000e+04	3.10000000e+01	3.20000000e+01	6.90000000e+01
-38	7.30240000e+04	3.10000000e+01	3.30000000e+01	7.00000000e+01
-37	7.40660000e+04	3.10000000e+01	3.30000000e+01	7.00000000e+01
-36	7.50860000e+04	3.40000000e+01	3.50000000e+01	7.40000000e+01
-35	7.61710000e+04	3.40000000e+01	3.50000000e+01	7.40000000e+01
-34	7.75860000e+04	3.40000000e+01	3.50000000e+01	7.40000000e+01
-33	7.96140000e+04	3.40000000e+01	3.50000000e+01	7.40000000e+01
-32	8.17710000e+04	3.60000000e+01	3.60000000e+01	7.50000000e+01
-31	8.64390000e+04	3.70000000e+01	3.80000000e+01	7.70000000e+01
-30	9.18700000e+04	3.70000000e+01	4.00000000e+01	8.00000000e+01
-29	9.71900000e+04	3.70000000e+01	4.00000000e+01	8.00000000e+01
-28	1.02037000e+05	3.70000000e+01	4.00000000e+01	8.00000000e+01
-27	1.05957000e+05	4.40000000e+01	4.90000000e+01	9.00000000e+01
-26	1.09517000e+05	4.40000000e+01	5.00000000e+01	9.10000000e+01
-25	1.13376000e+05	4.70000000e+01	5.80000000e+01	1.03000000e+02
-24	1.16829000e+05	4.80000000e+01	5.90000000e+01	1.07000000e+02
-23	1.19598000e+05	4.90000000e+01	6.10000000e+01	1.10000000e+02
-22	1.22071000e+05	5.00000000e+01	6.20000000e+01	1.11000000e+02
-21	1.24543000e+05	5.00000000e+01	6.20000000e+01	1.11000000e+02
-20	1.26843000e+05	5.40000000e+01	6.50000000e+01	1.14000000e+02
-19	1.29631000e+05	5.40000000e+01	6.50000000e+01	1.14000000e+02
-18	1.32626000e+05	5.30000000e+01	6.50000000e+01	1.15000000e+02
-17	1.35725000e+05	5.30000000e+01	6.50000000e+01	1.15000000e+02
-16	1.38457000e+05	5.30000000e+01	6.50000000e+01	1.15000000e+02
-15	1.40900000e+05	5.30000000e+01	6.50000000e+01	1.15000000e+02
-14	1.43214000e+05	5.30000000e+01	6.50000000e+01	1.15000000e+02
-13	1.45517000e+05	5.30000000e+01	6.50000000e+01	1.15000000e+02
-12	1.48058000e+05	5.40000000e+01	6.80000000e+01	1.21000000e+02
-11	1.50718000e+05	5.70000000e+01	7.00000000e+01	1.24000000e+02
-10	1.53380000e+05	5.40000000e+01	7.10000000e+01	1.25000000e+02
-9	1.55743000e+05	5.40000000e+01	7.10000000e+01	1.25000000e+02
-8	1.57958000e+05	5.70000000e+01	7.30000000e+01	1.28000000e+02
-7	1.60208000e+05	5.70000000e+01	7.30000000e+01	1.28000000e+02
-6	1.62894000e+05	5.70000000e+01	7.30000000e+01	1.28000000e+02
-5	1.65139000e+05	5.70000000e+01	7.40000000e+01	1.30000000e+02
-4	1.67814000e+05	6.20000000e+01	8.00000000e+01	1.43000000e+02
-3	1.71060000e+05	6.00000000e+01	8.00000000e+01	1.45000000e+02
-2	1.74380000e+05	6.00000000e+01	8.00000000e+01	1.45000000e+02
-1	1.77394000e+05	6.00000000e+01	8.30000000e+01	1.48000000e+02
0	1.82082000e+05	6.80000000e+01	8.90000000e+01	1.55000000e+02
1	1.90097000e+05	6.90000000e+01	9.20000000e+01	1.58000000e+02
2	1.99141000e+05	7.10000000e+01	9.40000000e+01	1.62000000e+02
3	2.05950000e+05	7.50000000e+01	9.80000000e+01	1.66000000e+02
4	2.10956000e+05	7.80000000e+01	1.02000000e+02	1.71000000e+02
5	2.15036000e+05	7.90000000e+01	1.04000000e+02	1.73000000e+02
6	2.18234000e+05	7.90000000e+01	1.04000000e+02	1.73000000e+02
7	2.21617000e+05	7.90000000e+01	1.04000000e+02	1.73000000e+02
8	2.25075000e+05	7.90000000e+01	1.04000000e+02	1.73000000e+02
9	2.28055000e+05	7.70000000e+01	1.05000000e+02	1.74000000e+02
10	2.31001000e+05	7.70000000e+01	1.05000000e+02	1.74000000e+02
11	2.33986000e+05	7.70000000e+01	1.05000000e+02	1.74000000e+02
12	2.36275000e+05	7.70000000e+01	1.05000000e+02	1.74000000e+02
13	2.38582000e+05	8.20000000e+01	1.09000000e+02	1.80000000e+02
14	2.40878000e+05	7.90000000e+01	1.10000000e+02	1.81000000e+02
15	2.43809000e+05	8.20000000e+01	1.13000000e+02	1.85000000e+02
16	2.46685000e+05	8.20000000e+01	1.13000000e+02	1.85000000e+02
17	2.49243000e+05	8.30000000e+01	1.16000000e+02	1.88000000e+02
18	2.52252000e+05	8.30000000e+01	1.16000000e+02	1.88000000e+02
19	2.54467000e+05	8.50000000e+01	1.18000000e+02	1.90000000e+02
20	2.56630000e+05	8.50000000e+01	1.18000000e+02	1.90000000e+02
21	2.59869000e+05	8.40000000e+01	1.19000000e+02	1.91000000e+02
22	2.62377000e+05	8.60000000e+01	1.20000000e+02	1.92000000e+02
23	2.64765000e+05	8.80000000e+01	1.21000000e+02	1.93000000e+02
24	2.67282000e+05	8.80000000e+01	1.22000000e+02	1.94000000e+02
25	2.69753000e+05	8.80000000e+01	1.22000000e+02	1.94000000e+02
26	2.71882000e+05	9.00000000e+01	1.23000000e+02	1.95000000e+02
27	2.74837000e+05	9.30000000e+01	1.25000000e+02	1.97000000e+02
28	2.77869000e+05	9.30000000e+01	1.25000000e+02	1.97000000e+02
29	2.81599000e+05	9.70000000e+01	1.26000000e+02	1.98000000e+02
30	2.84954000e+05	9.40000000e+01	1.28000000e+02	2.00000000e+02
31	2.89413000e+05	9.70000000e+01	1.29000000e+02	2.01000000e+02
32	2.93688000e+05	1.00000000e+02	1.31000000e+02	2.05000000e+02
33	2.97608000e+05	1.02000000e+02	1.34000000e+02	2.09000000e+02
34	3.02532000e+05	1.06000000e+02	1.37000000e+02	2.13000000e+02
35	3.07256000e+05	1.09000000e+02	1.40000000e+02	2.18000000e+02
36	3.12487000e+05	1.09000000e+02	1.40000000e+02	2.18000000e+02
37	3.18362000e+05	1.11000000e+02	1.41000000e+02	2.19000000e+02
38	3.23168000e+05	1.04000000e+02	1.42000000e+02	2.20000000e+02
39	3.27627000e+05	1.05000000e+02	1.43000000e+02	2.21000000e+02
40	3.31008000e+05	1.05000000e+02	1.43000000e+02	2.21000000e+02
41	3.34621000e+05	1.05000000e+02	1.43000000e+02	2.21000000e+02
42	3.38291000e+05	1.14000000e+02	1.44000000e+02	2.22000000e+02
43	3.42212000e+05	1.14000000e+02	1.44000000e+02	2.22000000e+02
44	3.46894000e+05	1.12000000e+02	1.46000000e+02	2.24000000e+02
45	3.51775000e+05	1.21000000e+02	1.50000000e+02	2.28000000e+02
46	3.55731000e+05	1.18000000e+02	1.52000000e+02	2.30000000e+02
47	3.59421000e+05	1.18000000e+02	1.52000000e+02	2.30000000e+02
48	3.62574000e+05	1.18000000e+02	1.52000000e+02	2.30000000e+02
49	3.65707000e+05	1.18000000e+02	1.52000000e+02	2.30000000e+02
50	3.68120000e+05	1.19000000e+02	1.53000000e+02	2.31000000e+02
51	3.70581000e+05	1.19000000e+02	1.53000000e+02	2.31000000e+02
52	3.73232000e+05	1.19000000e+02	1.53000000e+02	2.31000000e+02
53	3.75804000e+05	1.21000000e+02	1.54000000e+02	2.33000000e+02
54	3.78131000e+05	1.21000000e+02	1.54000000e+02	2.33000000e+02
55	3.80353000e+05	1.21000000e+02	1.54000000e+02	2.33000000e+02
56	3.82405000e+05	1.22000000e+02	1.55000000e+02	2.34000000e+02
57	3.84036000e+05	1.22000000e+02	1.55000000e+02	2.34000000e+02
58	3.85522000e+05	1.22000000e+02	1.55000000e+02	2.34000000e+02
59	3.87444000e+05	1.22000000e+02	1.55000000e+02	2.34000000e+02
60	3.89666000e+05	1.22000000e+02	1.55000000e+02	2.34000000e+02
61	3.91714000e+05	1.22000000e+02	1.55000000e+02	2.34000000e+02
62	3.93785000e+05	1.22000000e+02	1.55000000e+02	2.34000000e+02
63	3.95889000e+05	1.22000000e+02	1.55000000e+02	2.34000000e+02
64	3.97661000e+05	1.20000000e+02	1.56000000e+02	2.35000000e+02
65	3.99395000e+05	1.20000000e+02	1.56000000e+02	2.35000000e+02
66	4.01683000e+05	1.20000000e+02	1.56000000e+02	2.35000000e+02
67	4.03855000e+05	1.20000000e+02	1.56000000e+02	2.35000000e+02
68	4.05646000e+05	1.21000000e+02	1.58000000e+02	2.37000000e+02
69	4.09277000e+05	1.26000000e+02	1.59000000e+02	2.38000000e+02
70	4.12104000e+05	1.26000000e+02	1.59000000e+02	2.38000000e+02
71	4.14435000e+05	1.26000000e+02	1.59000000e+02	2.38000000e+02
72	4.16733000e+05	1.23000000e+02	1.60000000e+02	2.39000000e+02
73	4.19028000e+05	1.25000000e+02	1.62000000e+02	2.42000000e+02
74	4.21100000e+05	1.24000000e+02	1.63000000e+02	2.43000000e+02
75	4.23015000e+05	1.24000000e+02	1.63000000e+02	2.43000000e+02
76	4.24635000e+05	1.24000000e+02	1.63000000e+02	2.43000000e+02
77	4.26383000e+05	1.24000000e+02	1.63000000e+02	2.43000000e+02
78	4.28102000e+05	1.24000000e+02	1.63000000e+02	2.43000000e+02
79	4.29842000e+05	1.25000000e+02	1.64000000e+02	2.46000000e+02
80	4.32110000e+05	1.27000000e+02	1.65000000e+02	2.47000000e+02
81	4.34664000e+05	1.30000000e+02	1.71000000e+02	2.58000000e+02
82	4.37020000e+05	1.33000000e+02	1.72000000e+02	2.60000000e+02
83	4.39385000e+05	1.35000000e+02	1.75000000e+02	2.63000000e+02
84	4.41640000e+05	1.35000000e+02	1.75000000e+02	2.63000000e+02
85	4.43654000e+05	1.35000000e+02	3.70000000e+01	2.63000000e+02
86	4.46299000e+05	1.31000000e+02	1.76000000e+02	2.64000000e+02
87	4.48640000e+05	1.31000000e+02	1.76000000e+02	2.64000000e+02
88	4.50958000e+05	1.31000000e+02	1.76000000e+02	2.64000000e+02
89	4.53440000e+05	1.31000000e+02	1.76000000e+02	2.64000000e+02
90	4.55913000e+05	1.34000000e+02	1.78000000e+02	2.66000000e+02
91	4.58025000e+05	1.34000000e+02	1.78000000e+02	2.66000000e+02
92	4.60009000e+05	1.34000000e+02	1.78000000e+02	2.66000000e+02
93	4.62209000e+05	1.34000000e+02	1.78000000e+02	2.66000000e+02
94	4.65244000e+05	1.34000000e+02	1.78000000e+02	2.66000000e+02
95	4.67843000e+05	1.34000000e+02	1.78000000e+02	2.66000000e+02
96	4.70599000e+05	1.34000000e+02	1.80000000e+02	2.70000000e+02
97	4.73459000e+05	1.34000000e+02	1.80000000e+02	2.70000000e+02
98	4.76204000e+05	1.34000000e+02	1.80000000e+02	2.70000000e+02
99	4.78901000e+05	1.40000000e+02	1.81000000e+02	2.72000000e+02
100	4.81352000e+05	1.43000000e+02	1.83000000e+02	2.79000000e+02
