Day_(movie_time)	Views	Users	Rigor	Edits
-500	0.00000000e+00	1.10000000e+01	1.40000000e+01	1.70000000e+01
-499	9.55000000e+02	1.10000000e+01	1.40000000e+01	1.70000000e+01
-498	2.14000000e+03	1.10000000e+01	1.50000000e+01	1.80000000e+01
-497	3.47700000e+03	1.10000000e+01	1.50000000e+01	1.80000000e+01
-496	4.70800000e+03	1.10000000e+01	1.50000000e+01	1.80000000e+01
-495	5.52600000e+03	1.10000000e+01	1.50000000e+01	1.80000000e+01
-494	6.27000000e+03	1.10000000e+01	1.50000000e+01	1.80000000e+01
-493	7.01400000e+03	1.10000000e+01	1.50000000e+01	1.80000000e+01
-492	7.68700000e+03	1.10000000e+01	1.50000000e+01	1.80000000e+01
-491	8.51100000e+03	1.10000000e+01	1.50000000e+01	1.80000000e+01
-490	9.32700000e+03	1.10000000e+01	1.50000000e+01	1.80000000e+01
-489	1.00610000e+04	1.10000000e+01	1.50000000e+01	1.80000000e+01
-488	1.07840000e+04	1.10000000e+01	1.50000000e+01	1.80000000e+01
-487	1.15620000e+04	1.10000000e+01	1.50000000e+01	1.80000000e+01
-486	1.21390000e+04	1.10000000e+01	1.50000000e+01	1.80000000e+01
-485	1.28710000e+04	1.10000000e+01	1.50000000e+01	1.80000000e+01
-484	1.38760000e+04	1.10000000e+01	1.50000000e+01	1.80000000e+01
-483	1.48930000e+04	1.10000000e+01	1.50000000e+01	1.80000000e+01
-482	1.56090000e+04	1.10000000e+01	1.50000000e+01	1.80000000e+01
-481	1.64020000e+04	1.10000000e+01	1.50000000e+01	1.80000000e+01
-480	1.71630000e+04	1.10000000e+01	1.50000000e+01	1.80000000e+01
-479	1.78460000e+04	1.10000000e+01	1.50000000e+01	1.80000000e+01
-478	1.87010000e+04	1.10000000e+01	1.50000000e+01	1.80000000e+01
-477	1.97870000e+04	1.10000000e+01	1.50000000e+01	1.80000000e+01
-476	2.08460000e+04	1.10000000e+01	1.50000000e+01	1.80000000e+01
-475	2.18640000e+04	1.10000000e+01	1.50000000e+01	1.80000000e+01
-474	2.29370000e+04	1.10000000e+01	1.50000000e+01	1.80000000e+01
-473	2.38500000e+04	1.10000000e+01	1.50000000e+01	1.80000000e+01
-472	2.48530000e+04	1.10000000e+01	1.50000000e+01	1.80000000e+01
-471	2.59030000e+04	1.10000000e+01	1.50000000e+01	1.80000000e+01
-470	2.71040000e+04	1.10000000e+01	1.50000000e+01	1.80000000e+01
-469	2.82440000e+04	1.10000000e+01	1.50000000e+01	1.80000000e+01
-468	2.92100000e+04	1.10000000e+01	1.50000000e+01	1.80000000e+01
-467	3.02030000e+04	1.10000000e+01	1.50000000e+01	1.80000000e+01
-466	3.10630000e+04	1.10000000e+01	1.50000000e+01	1.80000000e+01
-465	3.21040000e+04	1.10000000e+01	1.50000000e+01	1.80000000e+01
-464	3.34170000e+04	1.10000000e+01	1.50000000e+01	1.80000000e+01
-463	3.45190000e+04	1.10000000e+01	1.50000000e+01	1.80000000e+01
-462	3.55020000e+04	1.10000000e+01	1.50000000e+01	1.80000000e+01
-461	3.64390000e+04	1.10000000e+01	1.50000000e+01	1.80000000e+01
-460	3.73330000e+04	1.10000000e+01	1.50000000e+01	1.80000000e+01
-459	3.83990000e+04	1.10000000e+01	1.50000000e+01	1.80000000e+01
-458	3.91510000e+04	1.10000000e+01	1.50000000e+01	1.80000000e+01
-457	4.00630000e+04	1.10000000e+01	1.50000000e+01	1.80000000e+01
-456	4.11010000e+04	1.10000000e+01	1.50000000e+01	1.80000000e+01
-455	4.21050000e+04	1.10000000e+01	1.50000000e+01	1.80000000e+01
-454	4.33910000e+04	1.10000000e+01	1.50000000e+01	1.80000000e+01
-453	4.49040000e+04	1.10000000e+01	1.50000000e+01	1.80000000e+01
-452	4.65910000e+04	1.30000000e+01	1.70000000e+01	2.00000000e+01
-451	4.78860000e+04	1.30000000e+01	1.70000000e+01	2.00000000e+01
-450	4.92180000e+04	1.30000000e+01	1.80000000e+01	2.10000000e+01
-449	5.06730000e+04	1.30000000e+01	1.80000000e+01	2.10000000e+01
-448	5.17800000e+04	1.30000000e+01	1.80000000e+01	2.10000000e+01
-447	5.28630000e+04	1.30000000e+01	1.80000000e+01	2.10000000e+01
-446	5.38190000e+04	1.30000000e+01	1.80000000e+01	2.10000000e+01
-445	5.48400000e+04	1.30000000e+01	1.80000000e+01	2.10000000e+01
-444	5.59370000e+04	1.40000000e+01	1.90000000e+01	2.20000000e+01
-443	5.70190000e+04	1.40000000e+01	1.90000000e+01	2.20000000e+01
-442	5.80970000e+04	1.40000000e+01	1.90000000e+01	2.20000000e+01
-441	5.91050000e+04	1.40000000e+01	1.90000000e+01	2.20000000e+01
-440	5.99440000e+04	1.40000000e+01	1.90000000e+01	2.20000000e+01
-439	6.08010000e+04	1.40000000e+01	1.90000000e+01	2.20000000e+01
-438	6.15250000e+04	1.40000000e+01	1.90000000e+01	2.20000000e+01
-437	6.23610000e+04	1.40000000e+01	1.90000000e+01	2.20000000e+01
-436	6.33240000e+04	1.40000000e+01	1.90000000e+01	2.20000000e+01
-435	6.43290000e+04	1.40000000e+01	1.90000000e+01	2.20000000e+01
-434	6.52210000e+04	1.40000000e+01	1.90000000e+01	2.20000000e+01
-433	6.60850000e+04	1.40000000e+01	1.90000000e+01	2.20000000e+01
-432	6.69600000e+04	1.40000000e+01	1.90000000e+01	2.20000000e+01
-431	6.78300000e+04	1.40000000e+01	1.90000000e+01	2.20000000e+01
-430	6.87350000e+04	1.50000000e+01	2.00000000e+01	2.40000000e+01
-429	6.96470000e+04	1.50000000e+01	2.00000000e+01	2.40000000e+01
-428	7.07410000e+04	1.50000000e+01	2.00000000e+01	2.40000000e+01
-427	7.15960000e+04	1.50000000e+01	2.00000000e+01	2.40000000e+01
-426	7.23020000e+04	1.50000000e+01	2.00000000e+01	2.40000000e+01
-425	7.30260000e+04	1.50000000e+01	2.00000000e+01	2.40000000e+01
-424	7.37530000e+04	1.50000000e+01	2.00000000e+01	2.40000000e+01
-423	7.45560000e+04	1.50000000e+01	2.00000000e+01	2.40000000e+01
-422	7.54230000e+04	1.50000000e+01	2.00000000e+01	2.40000000e+01
-421	7.62090000e+04	1.50000000e+01	2.00000000e+01	2.40000000e+01
-420	7.72160000e+04	1.50000000e+01	2.00000000e+01	2.40000000e+01
-419	7.80490000e+04	1.50000000e+01	2.00000000e+01	2.40000000e+01
-418	7.88530000e+04	1.50000000e+01	2.00000000e+01	2.40000000e+01
-417	7.95520000e+04	1.50000000e+01	2.00000000e+01	2.40000000e+01
-416	8.02720000e+04	1.50000000e+01	2.00000000e+01	2.40000000e+01
-415	8.11380000e+04	1.50000000e+01	2.00000000e+01	2.40000000e+01
-414	8.20600000e+04	1.50000000e+01	2.00000000e+01	2.40000000e+01
-413	8.28070000e+04	1.50000000e+01	2.00000000e+01	2.40000000e+01
-412	8.28070000e+04	1.50000000e+01	2.00000000e+01	2.40000000e+01
-411	8.35160000e+04	1.50000000e+01	2.00000000e+01	2.40000000e+01
-410	8.35160000e+04	1.50000000e+01	2.00000000e+01	2.40000000e+01
-409	8.35160000e+04	1.50000000e+01	2.00000000e+01	2.40000000e+01
-408	8.35160000e+04	1.50000000e+01	2.00000000e+01	2.40000000e+01
-407	8.43750000e+04	1.50000000e+01	2.00000000e+01	2.40000000e+01
-406	8.51550000e+04	1.50000000e+01	2.00000000e+01	2.40000000e+01
-405	8.58340000e+04	1.50000000e+01	2.00000000e+01	2.40000000e+01
-404	8.64650000e+04	1.50000000e+01	2.00000000e+01	2.40000000e+01
-403	8.72220000e+04	1.50000000e+01	2.00000000e+01	2.40000000e+01
-402	8.79670000e+04	1.60000000e+01	2.10000000e+01	2.60000000e+01
-401	8.88570000e+04	1.60000000e+01	2.10000000e+01	2.60000000e+01
-400	8.97800000e+04	1.60000000e+01	2.10000000e+01	2.60000000e+01
-399	9.05150000e+04	1.60000000e+01	2.10000000e+01	2.60000000e+01
-398	9.12560000e+04	1.60000000e+01	2.10000000e+01	2.60000000e+01
-397	9.19650000e+04	1.60000000e+01	2.10000000e+01	2.60000000e+01
-396	9.26760000e+04	1.60000000e+01	2.10000000e+01	2.60000000e+01
-395	9.34630000e+04	1.60000000e+01	2.10000000e+01	2.60000000e+01
-394	9.45020000e+04	1.60000000e+01	2.10000000e+01	2.60000000e+01
-393	9.53510000e+04	1.60000000e+01	2.10000000e+01	2.60000000e+01
-392	9.62070000e+04	1.60000000e+01	2.10000000e+01	2.60000000e+01
-391	9.62070000e+04	1.60000000e+01	2.10000000e+01	2.60000000e+01
-390	9.62070000e+04	1.60000000e+01	2.10000000e+01	2.60000000e+01
-389	9.62070000e+04	1.60000000e+01	2.10000000e+01	2.60000000e+01
-388	9.69900000e+04	1.60000000e+01	2.10000000e+01	2.60000000e+01
-387	9.77680000e+04	1.60000000e+01	2.10000000e+01	2.60000000e+01
-386	9.84900000e+04	1.60000000e+01	2.10000000e+01	2.60000000e+01
-385	9.92340000e+04	1.60000000e+01	2.10000000e+01	2.60000000e+01
-384	9.99470000e+04	1.60000000e+01	2.10000000e+01	2.60000000e+01
-383	1.00759000e+05	1.60000000e+01	2.10000000e+01	2.60000000e+01
-382	1.01596000e+05	1.60000000e+01	2.10000000e+01	2.60000000e+01
-381	1.02492000e+05	1.60000000e+01	2.10000000e+01	2.60000000e+01
-380	1.03352000e+05	1.60000000e+01	2.10000000e+01	2.60000000e+01
-379	1.04207000e+05	1.60000000e+01	2.10000000e+01	2.60000000e+01
-378	1.04989000e+05	1.60000000e+01	2.10000000e+01	2.60000000e+01
-377	1.05806000e+05	1.60000000e+01	2.10000000e+01	2.60000000e+01
-376	1.06646000e+05	1.60000000e+01	2.10000000e+01	2.60000000e+01
-375	1.07445000e+05	1.60000000e+01	2.10000000e+01	2.60000000e+01
-374	1.08219000e+05	1.60000000e+01	2.10000000e+01	2.60000000e+01
-373	1.09025000e+05	1.60000000e+01	2.10000000e+01	2.60000000e+01
-372	1.09869000e+05	1.60000000e+01	2.10000000e+01	2.60000000e+01
-371	1.10916000e+05	1.70000000e+01	2.20000000e+01	2.80000000e+01
-370	1.12073000e+05	1.70000000e+01	2.20000000e+01	2.80000000e+01
-369	1.13163000e+05	1.70000000e+01	2.20000000e+01	2.80000000e+01
-368	1.14284000e+05	1.70000000e+01	2.20000000e+01	2.80000000e+01
-367	1.15405000e+05	1.70000000e+01	2.20000000e+01	2.80000000e+01
-366	1.16615000e+05	1.70000000e+01	2.20000000e+01	2.80000000e+01
-365	1.17807000e+05	1.70000000e+01	2.20000000e+01	2.80000000e+01
-364	1.19007000e+05	1.70000000e+01	2.20000000e+01	2.80000000e+01
-363	1.20207000e+05	1.70000000e+01	2.20000000e+01	2.80000000e+01
-362	1.21359000e+05	1.70000000e+01	2.20000000e+01	2.80000000e+01
-361	1.22449000e+05	1.70000000e+01	2.20000000e+01	2.80000000e+01
-360	1.23526000e+05	1.70000000e+01	2.20000000e+01	2.80000000e+01
-359	1.23526000e+05	1.70000000e+01	2.20000000e+01	2.80000000e+01
-358	1.24705000e+05	1.70000000e+01	2.20000000e+01	2.80000000e+01
-357	1.25810000e+05	1.70000000e+01	2.20000000e+01	2.80000000e+01
-356	1.26984000e+05	1.80000000e+01	2.30000000e+01	3.10000000e+01
-355	1.28449000e+05	1.80000000e+01	2.30000000e+01	3.10000000e+01
-354	1.29647000e+05	1.80000000e+01	2.30000000e+01	3.10000000e+01
-353	1.30761000e+05	1.80000000e+01	2.30000000e+01	3.10000000e+01
-352	1.30761000e+05	1.80000000e+01	2.30000000e+01	3.10000000e+01
-351	1.31866000e+05	1.80000000e+01	2.40000000e+01	3.20000000e+01
-350	1.32760000e+05	1.80000000e+01	2.40000000e+01	3.20000000e+01
-349	1.33615000e+05	1.80000000e+01	2.40000000e+01	3.20000000e+01
-348	1.34413000e+05	1.80000000e+01	2.40000000e+01	3.20000000e+01
-347	1.35341000e+05	1.80000000e+01	2.40000000e+01	3.20000000e+01
-346	1.36382000e+05	1.80000000e+01	2.40000000e+01	3.20000000e+01
-345	1.37481000e+05	1.80000000e+01	2.40000000e+01	3.20000000e+01
-344	1.38581000e+05	1.80000000e+01	2.40000000e+01	3.20000000e+01
-343	1.39438000e+05	2.10000000e+01	2.60000000e+01	3.60000000e+01
-342	1.40308000e+05	2.10000000e+01	2.60000000e+01	3.60000000e+01
-341	1.41150000e+05	2.10000000e+01	2.60000000e+01	3.60000000e+01
-340	1.42403000e+05	2.10000000e+01	2.60000000e+01	3.60000000e+01
-339	1.43443000e+05	2.10000000e+01	2.70000000e+01	3.70000000e+01
-338	1.44445000e+05	2.50000000e+01	2.80000000e+01	4.10000000e+01
-337	1.45512000e+05	2.50000000e+01	2.80000000e+01	4.10000000e+01
-336	1.46387000e+05	2.50000000e+01	2.80000000e+01	4.10000000e+01
-335	1.47144000e+05	2.50000000e+01	2.80000000e+01	4.10000000e+01
-334	1.47938000e+05	2.50000000e+01	2.80000000e+01	4.10000000e+01
-333	1.48778000e+05	2.50000000e+01	2.80000000e+01	4.10000000e+01
-332	1.49697000e+05	2.50000000e+01	2.80000000e+01	4.10000000e+01
-331	1.50645000e+05	2.30000000e+01	2.90000000e+01	4.20000000e+01
-330	1.51825000e+05	2.30000000e+01	2.90000000e+01	4.20000000e+01
-329	1.52749000e+05	2.30000000e+01	2.90000000e+01	4.20000000e+01
-328	1.53626000e+05	2.30000000e+01	2.90000000e+01	4.20000000e+01
-327	1.54556000e+05	2.30000000e+01	2.90000000e+01	4.20000000e+01
-326	1.55641000e+05	2.30000000e+01	2.90000000e+01	4.20000000e+01
-325	1.56780000e+05	2.30000000e+01	2.90000000e+01	4.20000000e+01
-324	1.58048000e+05	2.30000000e+01	2.90000000e+01	4.20000000e+01
-323	1.59600000e+05	2.30000000e+01	2.90000000e+01	4.20000000e+01
-322	1.60974000e+05	2.30000000e+01	2.90000000e+01	4.20000000e+01
-321	1.62363000e+05	2.30000000e+01	2.90000000e+01	4.20000000e+01
-320	1.63660000e+05	2.30000000e+01	2.90000000e+01	4.20000000e+01
-319	1.64773000e+05	2.30000000e+01	2.90000000e+01	4.20000000e+01
-318	1.66324000e+05	2.60000000e+01	3.00000000e+01	4.30000000e+01
-317	1.68000000e+05	2.60000000e+01	3.00000000e+01	4.30000000e+01
-316	1.70387000e+05	2.60000000e+01	3.00000000e+01	4.30000000e+01
-315	1.72551000e+05	2.60000000e+01	3.00000000e+01	4.30000000e+01
-314	1.74326000e+05	2.60000000e+01	3.00000000e+01	4.30000000e+01
-313	1.76101000e+05	2.60000000e+01	3.00000000e+01	4.30000000e+01
-312	1.77677000e+05	2.60000000e+01	3.00000000e+01	4.30000000e+01
-311	1.79612000e+05	2.60000000e+01	3.00000000e+01	4.30000000e+01
-310	1.81486000e+05	2.90000000e+01	3.20000000e+01	4.50000000e+01
-309	1.82968000e+05	2.90000000e+01	3.20000000e+01	4.50000000e+01
-308	1.84344000e+05	2.90000000e+01	3.20000000e+01	4.50000000e+01
-307	1.85808000e+05	2.90000000e+01	3.20000000e+01	4.50000000e+01
-306	1.87265000e+05	2.90000000e+01	3.20000000e+01	4.50000000e+01
-305	1.88680000e+05	2.90000000e+01	3.20000000e+01	4.50000000e+01
-304	1.90299000e+05	2.90000000e+01	3.20000000e+01	4.50000000e+01
-303	1.91967000e+05	2.90000000e+01	3.20000000e+01	4.50000000e+01
-302	1.93513000e+05	2.90000000e+01	3.20000000e+01	4.50000000e+01
-301	1.95027000e+05	2.90000000e+01	3.20000000e+01	4.50000000e+01
-300	1.96342000e+05	2.90000000e+01	3.20000000e+01	4.50000000e+01
-299	1.97546000e+05	2.90000000e+01	3.20000000e+01	4.50000000e+01
-298	1.98793000e+05	2.90000000e+01	3.20000000e+01	4.50000000e+01
-297	2.00278000e+05	2.90000000e+01	3.20000000e+01	4.50000000e+01
-296	2.02014000e+05	2.90000000e+01	3.20000000e+01	4.50000000e+01
-295	2.03867000e+05	2.90000000e+01	3.20000000e+01	4.50000000e+01
-294	2.05417000e+05	2.90000000e+01	3.20000000e+01	4.50000000e+01
-293	2.06793000e+05	2.90000000e+01	3.20000000e+01	4.50000000e+01
-292	2.08153000e+05	2.90000000e+01	3.20000000e+01	4.50000000e+01
-291	2.09904000e+05	2.90000000e+01	3.20000000e+01	4.50000000e+01
-290	2.09904000e+05	3.20000000e+01	3.40000000e+01	4.80000000e+01
-289	2.09904000e+05	3.20000000e+01	3.40000000e+01	4.80000000e+01
-288	2.11549000e+05	3.20000000e+01	3.40000000e+01	4.80000000e+01
-287	2.12811000e+05	3.20000000e+01	3.40000000e+01	4.80000000e+01
-286	2.14048000e+05	3.20000000e+01	3.40000000e+01	4.80000000e+01
-285	2.15299000e+05	3.20000000e+01	3.40000000e+01	4.80000000e+01
-284	2.16610000e+05	3.20000000e+01	3.40000000e+01	4.80000000e+01
-283	2.18067000e+05	3.20000000e+01	3.40000000e+01	4.80000000e+01
-282	2.19651000e+05	3.20000000e+01	3.40000000e+01	4.80000000e+01
-281	2.20914000e+05	3.20000000e+01	3.40000000e+01	4.80000000e+01
-280	2.22121000e+05	3.20000000e+01	3.40000000e+01	4.80000000e+01
-279	2.23340000e+05	3.20000000e+01	3.40000000e+01	4.80000000e+01
-278	2.24724000e+05	3.20000000e+01	3.50000000e+01	4.90000000e+01
-277	2.25998000e+05	3.20000000e+01	3.50000000e+01	4.90000000e+01
-276	2.27569000e+05	3.20000000e+01	3.50000000e+01	4.90000000e+01
-275	2.29359000e+05	3.40000000e+01	3.60000000e+01	5.00000000e+01
-274	2.29359000e+05	3.40000000e+01	3.60000000e+01	5.00000000e+01
-273	2.30582000e+05	3.40000000e+01	3.60000000e+01	5.00000000e+01
-272	2.31872000e+05	3.40000000e+01	3.60000000e+01	5.00000000e+01
-271	2.33148000e+05	3.40000000e+01	3.60000000e+01	5.00000000e+01
-270	2.34382000e+05	3.40000000e+01	3.60000000e+01	5.00000000e+01
-269	2.35702000e+05	3.40000000e+01	3.60000000e+01	5.00000000e+01
-268	2.37305000e+05	3.40000000e+01	3.60000000e+01	5.00000000e+01
-267	2.38838000e+05	3.40000000e+01	3.60000000e+01	5.00000000e+01
-266	2.40150000e+05	3.40000000e+01	3.60000000e+01	5.00000000e+01
-265	2.41272000e+05	3.40000000e+01	3.60000000e+01	5.00000000e+01
-264	2.42358000e+05	3.40000000e+01	3.60000000e+01	5.00000000e+01
-263	2.43332000e+05	3.40000000e+01	3.60000000e+01	5.00000000e+01
-262	2.44449000e+05	3.40000000e+01	3.60000000e+01	5.00000000e+01
-261	2.45950000e+05	3.40000000e+01	3.60000000e+01	5.00000000e+01
-260	2.47356000e+05	3.40000000e+01	3.60000000e+01	5.00000000e+01
-259	2.47356000e+05	3.40000000e+01	3.60000000e+01	5.00000000e+01
-258	2.48277000e+05	3.40000000e+01	3.60000000e+01	5.00000000e+01
-257	2.49107000e+05	3.40000000e+01	3.60000000e+01	5.00000000e+01
-256	2.50002000e+05	3.40000000e+01	3.60000000e+01	5.00000000e+01
-255	2.51200000e+05	3.40000000e+01	3.60000000e+01	5.00000000e+01
-254	2.52436000e+05	3.40000000e+01	3.60000000e+01	5.00000000e+01
-253	2.53455000e+05	3.40000000e+01	3.60000000e+01	5.00000000e+01
-252	2.54409000e+05	3.40000000e+01	3.70000000e+01	5.20000000e+01
-251	2.55456000e+05	3.40000000e+01	3.70000000e+01	5.20000000e+01
-250	2.56626000e+05	3.40000000e+01	3.70000000e+01	5.20000000e+01
-249	2.57770000e+05	3.40000000e+01	3.70000000e+01	5.20000000e+01
-248	2.59006000e+05	3.40000000e+01	3.70000000e+01	5.20000000e+01
-247	2.60457000e+05	3.40000000e+01	3.80000000e+01	5.30000000e+01
-246	2.62399000e+05	3.40000000e+01	3.80000000e+01	5.30000000e+01
-245	2.63753000e+05	3.40000000e+01	3.80000000e+01	5.30000000e+01
-244	2.65029000e+05	3.40000000e+01	3.80000000e+01	5.30000000e+01
-243	2.66132000e+05	3.40000000e+01	3.80000000e+01	5.30000000e+01
-242	2.67265000e+05	3.40000000e+01	3.80000000e+01	5.30000000e+01
-241	2.68619000e+05	3.40000000e+01	3.80000000e+01	5.30000000e+01
-240	2.69863000e+05	3.40000000e+01	3.80000000e+01	5.30000000e+01
-239	2.71058000e+05	3.40000000e+01	3.80000000e+01	5.30000000e+01
-238	2.72143000e+05	3.40000000e+01	3.80000000e+01	5.30000000e+01
-237	2.73135000e+05	3.40000000e+01	3.80000000e+01	5.30000000e+01
-236	2.74169000e+05	3.40000000e+01	3.80000000e+01	5.30000000e+01
-235	2.75292000e+05	3.40000000e+01	3.80000000e+01	5.30000000e+01
-234	2.76378000e+05	3.40000000e+01	3.80000000e+01	5.30000000e+01
-233	2.77679000e+05	3.60000000e+01	3.90000000e+01	5.40000000e+01
-232	2.78864000e+05	3.60000000e+01	3.90000000e+01	5.40000000e+01
-231	2.80007000e+05	4.00000000e+01	4.30000000e+01	5.90000000e+01
-230	2.80983000e+05	4.30000000e+01	4.50000000e+01	6.10000000e+01
-229	2.81978000e+05	4.40000000e+01	4.70000000e+01	6.30000000e+01
-228	2.83085000e+05	4.40000000e+01	4.70000000e+01	6.30000000e+01
-227	2.84372000e+05	4.40000000e+01	4.70000000e+01	6.30000000e+01
-226	2.85673000e+05	4.50000000e+01	4.80000000e+01	6.40000000e+01
-225	2.86887000e+05	4.60000000e+01	5.30000000e+01	6.90000000e+01
-224	2.87961000e+05	4.90000000e+01	5.40000000e+01	7.00000000e+01
-223	2.89140000e+05	4.90000000e+01	5.40000000e+01	7.00000000e+01
-222	2.90276000e+05	4.90000000e+01	5.40000000e+01	7.00000000e+01
-221	2.91474000e+05	4.90000000e+01	5.40000000e+01	7.00000000e+01
-220	2.92691000e+05	4.90000000e+01	5.40000000e+01	7.00000000e+01
-219	2.93987000e+05	4.90000000e+01	5.40000000e+01	7.00000000e+01
-218	2.95227000e+05	4.90000000e+01	5.40000000e+01	7.00000000e+01
-217	2.96334000e+05	4.70000000e+01	5.70000000e+01	7.30000000e+01
-216	2.97370000e+05	4.70000000e+01	5.70000000e+01	7.30000000e+01
-215	2.98466000e+05	4.70000000e+01	5.70000000e+01	7.30000000e+01
-214	2.99471000e+05	4.70000000e+01	5.70000000e+01	7.30000000e+01
-213	3.00479000e+05	4.70000000e+01	5.70000000e+01	7.30000000e+01
-212	3.01561000e+05	4.90000000e+01	5.80000000e+01	7.40000000e+01
-211	3.02695000e+05	5.20000000e+01	6.00000000e+01	7.60000000e+01
-210	3.03652000e+05	5.30000000e+01	6.10000000e+01	7.70000000e+01
-209	3.04478000e+05	5.30000000e+01	6.10000000e+01	7.70000000e+01
-208	3.05473000e+05	5.30000000e+01	6.10000000e+01	7.70000000e+01
-207	3.06624000e+05	5.30000000e+01	6.10000000e+01	7.70000000e+01
-206	3.07851000e+05	5.30000000e+01	6.10000000e+01	7.70000000e+01
-205	3.08965000e+05	5.30000000e+01	6.10000000e+01	7.70000000e+01
-204	3.09972000e+05	5.30000000e+01	6.10000000e+01	7.70000000e+01
-203	3.10842000e+05	5.30000000e+01	6.10000000e+01	7.70000000e+01
-202	3.11659000e+05	5.30000000e+01	6.10000000e+01	7.70000000e+01
-201	3.12511000e+05	5.30000000e+01	6.10000000e+01	7.70000000e+01
-200	3.13407000e+05	5.30000000e+01	6.10000000e+01	7.70000000e+01
-199	3.14403000e+05	5.30000000e+01	6.10000000e+01	7.70000000e+01
-198	3.15595000e+05	5.30000000e+01	6.10000000e+01	7.70000000e+01
-197	3.16618000e+05	5.30000000e+01	6.10000000e+01	7.70000000e+01
-196	3.17515000e+05	5.30000000e+01	6.10000000e+01	7.70000000e+01
-195	3.18411000e+05	5.30000000e+01	6.10000000e+01	7.70000000e+01
-194	3.19308000e+05	5.60000000e+01	6.20000000e+01	7.80000000e+01
-193	3.20196000e+05	5.60000000e+01	6.20000000e+01	7.80000000e+01
-192	3.21192000e+05	5.60000000e+01	6.20000000e+01	7.80000000e+01
-191	3.22312000e+05	5.60000000e+01	6.20000000e+01	7.80000000e+01
-190	3.23397000e+05	5.40000000e+01	6.30000000e+01	7.90000000e+01
-189	3.24366000e+05	5.80000000e+01	6.50000000e+01	8.20000000e+01
-188	3.25397000e+05	5.80000000e+01	6.50000000e+01	8.20000000e+01
-187	3.26424000e+05	5.80000000e+01	6.50000000e+01	8.20000000e+01
-186	3.27875000e+05	5.80000000e+01	6.50000000e+01	8.20000000e+01
-185	3.29275000e+05	5.80000000e+01	6.50000000e+01	8.20000000e+01
-184	3.30655000e+05	5.80000000e+01	6.50000000e+01	8.20000000e+01
-183	3.32167000e+05	5.80000000e+01	6.50000000e+01	8.20000000e+01
-182	3.33403000e+05	5.90000000e+01	6.60000000e+01	8.30000000e+01
-181	3.34734000e+05	5.90000000e+01	6.60000000e+01	8.30000000e+01
-180	3.35604000e+05	5.90000000e+01	6.60000000e+01	8.30000000e+01
-179	3.36634000e+05	5.90000000e+01	6.60000000e+01	8.30000000e+01
-178	3.37979000e+05	5.90000000e+01	6.60000000e+01	8.30000000e+01
-177	3.39319000e+05	5.90000000e+01	6.60000000e+01	8.30000000e+01
-176	3.40458000e+05	5.90000000e+01	6.60000000e+01	8.30000000e+01
-175	3.41427000e+05	5.90000000e+01	6.60000000e+01	8.30000000e+01
-174	3.42244000e+05	5.90000000e+01	6.60000000e+01	8.30000000e+01
-173	3.43344000e+05	5.90000000e+01	6.60000000e+01	8.30000000e+01
-172	3.44502000e+05	5.90000000e+01	6.60000000e+01	8.30000000e+01
-171	3.45793000e+05	5.90000000e+01	6.60000000e+01	8.30000000e+01
-170	3.47123000e+05	5.90000000e+01	6.60000000e+01	8.30000000e+01
-169	3.48713000e+05	5.90000000e+01	6.60000000e+01	8.30000000e+01
-168	3.50163000e+05	5.90000000e+01	6.80000000e+01	8.50000000e+01
-167	3.52364000e+05	6.30000000e+01	7.00000000e+01	8.70000000e+01
-166	3.55197000e+05	6.30000000e+01	7.00000000e+01	8.70000000e+01
-165	3.57973000e+05	6.20000000e+01	7.10000000e+01	8.80000000e+01
-164	3.60300000e+05	6.20000000e+01	7.10000000e+01	8.80000000e+01
-163	3.62253000e+05	6.20000000e+01	7.10000000e+01	8.80000000e+01
-162	3.64063000e+05	6.20000000e+01	7.10000000e+01	8.80000000e+01
-161	3.65552000e+05	6.20000000e+01	7.10000000e+01	8.80000000e+01
-160	3.67506000e+05	6.20000000e+01	7.10000000e+01	8.80000000e+01
-159	3.69111000e+05	6.20000000e+01	7.10000000e+01	8.80000000e+01
-158	3.70818000e+05	6.20000000e+01	7.10000000e+01	8.80000000e+01
-157	3.72496000e+05	6.20000000e+01	7.10000000e+01	8.80000000e+01
-156	3.74265000e+05	6.20000000e+01	7.20000000e+01	8.90000000e+01
-155	3.75933000e+05	6.20000000e+01	7.20000000e+01	8.90000000e+01
-154	3.77225000e+05	6.20000000e+01	7.20000000e+01	8.90000000e+01
-153	3.78517000e+05	6.20000000e+01	7.30000000e+01	9.00000000e+01
-152	3.79614000e+05	6.20000000e+01	7.30000000e+01	9.00000000e+01
-151	3.80261000e+05	6.20000000e+01	7.30000000e+01	9.00000000e+01
-150	3.80521000e+05	6.20000000e+01	7.30000000e+01	9.00000000e+01
-149	3.80716000e+05	6.30000000e+01	7.40000000e+01	9.10000000e+01
-148	3.80938000e+05	6.30000000e+01	7.40000000e+01	9.10000000e+01
-147	3.81402000e+05	6.30000000e+01	7.50000000e+01	9.20000000e+01
-146	3.82062000e+05	6.30000000e+01	7.50000000e+01	9.20000000e+01
-145	3.83649000e+05	6.30000000e+01	7.50000000e+01	9.20000000e+01
-144	3.84785000e+05	6.30000000e+01	7.50000000e+01	9.20000000e+01
-143	3.85917000e+05	6.40000000e+01	7.60000000e+01	9.40000000e+01
-142	3.87145000e+05	6.40000000e+01	7.70000000e+01	9.50000000e+01
-141	3.88324000e+05	6.40000000e+01	7.70000000e+01	9.50000000e+01
-140	3.89198000e+05	6.90000000e+01	7.90000000e+01	9.70000000e+01
-139	3.90236000e+05	6.90000000e+01	7.90000000e+01	9.70000000e+01
-138	3.91021000e+05	6.90000000e+01	7.90000000e+01	9.70000000e+01
-137	3.91773000e+05	6.90000000e+01	7.90000000e+01	9.70000000e+01
-136	3.91773000e+05	6.90000000e+01	7.90000000e+01	9.70000000e+01
-135	3.92168000e+05	6.90000000e+01	7.90000000e+01	9.70000000e+01
-134	3.92168000e+05	6.90000000e+01	7.90000000e+01	9.70000000e+01
-133	3.93191000e+05	6.90000000e+01	7.90000000e+01	9.70000000e+01
-132	3.94221000e+05	6.90000000e+01	7.90000000e+01	9.70000000e+01
-131	3.95131000e+05	6.90000000e+01	7.90000000e+01	9.70000000e+01
-130	3.96111000e+05	6.90000000e+01	7.90000000e+01	9.70000000e+01
-129	3.96935000e+05	6.90000000e+01	7.90000000e+01	9.70000000e+01
-128	3.97863000e+05	6.90000000e+01	7.90000000e+01	9.70000000e+01
-127	3.97863000e+05	6.90000000e+01	7.90000000e+01	9.70000000e+01
-126	3.98895000e+05	6.90000000e+01	7.90000000e+01	9.70000000e+01
-125	3.98895000e+05	6.90000000e+01	7.90000000e+01	9.70000000e+01
-124	3.98895000e+05	7.10000000e+01	8.00000000e+01	9.90000000e+01
-123	3.98895000e+05	7.10000000e+01	8.00000000e+01	9.90000000e+01
-122	3.98895000e+05	7.10000000e+01	8.00000000e+01	9.90000000e+01
-121	3.99878000e+05	7.10000000e+01	8.00000000e+01	9.90000000e+01
-120	4.00739000e+05	7.10000000e+01	8.00000000e+01	9.90000000e+01
-119	4.01631000e+05	7.10000000e+01	8.00000000e+01	9.90000000e+01
-118	4.02548000e+05	7.10000000e+01	8.00000000e+01	9.90000000e+01
-117	4.03417000e+05	7.10000000e+01	8.00000000e+01	9.90000000e+01
-116	4.04355000e+05	7.10000000e+01	8.00000000e+01	9.90000000e+01
-115	4.05331000e+05	7.10000000e+01	8.00000000e+01	9.90000000e+01
-114	4.06478000e+05	7.10000000e+01	8.00000000e+01	9.90000000e+01
-113	4.07592000e+05	7.10000000e+01	8.00000000e+01	9.90000000e+01
-112	4.08563000e+05	7.10000000e+01	8.00000000e+01	9.90000000e+01
-111	4.09504000e+05	7.10000000e+01	8.00000000e+01	9.90000000e+01
-110	4.10629000e+05	7.10000000e+01	8.00000000e+01	9.90000000e+01
-109	4.11895000e+05	7.10000000e+01	8.00000000e+01	9.90000000e+01
-108	4.13123000e+05	7.10000000e+01	8.00000000e+01	9.90000000e+01
-107	4.14419000e+05	7.10000000e+01	8.00000000e+01	9.90000000e+01
-106	4.15928000e+05	7.10000000e+01	8.00000000e+01	9.90000000e+01
-105	4.17378000e+05	7.10000000e+01	8.00000000e+01	9.90000000e+01
-104	4.18784000e+05	7.10000000e+01	8.00000000e+01	9.90000000e+01
-103	4.20310000e+05	7.10000000e+01	8.00000000e+01	9.90000000e+01
-102	4.21846000e+05	7.10000000e+01	8.00000000e+01	9.90000000e+01
-101	4.23456000e+05	7.10000000e+01	8.00000000e+01	9.90000000e+01
-100	4.25396000e+05	7.10000000e+01	8.00000000e+01	9.90000000e+01
-99	4.27615000e+05	7.10000000e+01	8.00000000e+01	9.90000000e+01
-98	4.29516000e+05	7.10000000e+01	8.00000000e+01	9.90000000e+01
-97	4.31235000e+05	7.10000000e+01	8.00000000e+01	9.90000000e+01
-96	4.32892000e+05	7.10000000e+01	8.00000000e+01	9.90000000e+01
-95	4.34352000e+05	7.10000000e+01	8.00000000e+01	9.90000000e+01
-94	4.35909000e+05	7.10000000e+01	8.00000000e+01	9.90000000e+01
-93	4.37797000e+05	7.10000000e+01	8.00000000e+01	9.90000000e+01
-92	4.39528000e+05	7.10000000e+01	8.00000000e+01	9.90000000e+01
-91	4.40929000e+05	7.10000000e+01	8.00000000e+01	9.90000000e+01
-90	4.42359000e+05	7.10000000e+01	8.00000000e+01	9.90000000e+01
-89	4.43856000e+05	7.10000000e+01	8.00000000e+01	9.90000000e+01
-88	4.45322000e+05	7.10000000e+01	8.00000000e+01	9.90000000e+01
-87	4.46640000e+05	7.10000000e+01	8.00000000e+01	9.90000000e+01
-86	4.48320000e+05	6.80000000e+01	8.20000000e+01	1.01000000e+02
-85	4.50093000e+05	7.20000000e+01	8.30000000e+01	1.03000000e+02
-84	4.51691000e+05	7.20000000e+01	8.30000000e+01	1.03000000e+02
-83	4.53230000e+05	7.20000000e+01	8.30000000e+01	1.03000000e+02
-82	4.54608000e+05	7.20000000e+01	8.30000000e+01	1.03000000e+02
-81	4.55919000e+05	7.20000000e+01	8.30000000e+01	1.03000000e+02
-80	4.57357000e+05	7.20000000e+01	8.30000000e+01	1.03000000e+02
-79	4.58996000e+05	7.20000000e+01	8.30000000e+01	1.03000000e+02
-78	4.60614000e+05	7.20000000e+01	8.40000000e+01	1.04000000e+02
-77	4.61933000e+05	7.20000000e+01	8.40000000e+01	1.04000000e+02
-76	4.63236000e+05	7.20000000e+01	8.40000000e+01	1.04000000e+02
-75	4.64569000e+05	7.20000000e+01	8.40000000e+01	1.04000000e+02
-74	4.65798000e+05	7.20000000e+01	8.40000000e+01	1.04000000e+02
-73	4.67102000e+05	7.30000000e+01	8.50000000e+01	1.05000000e+02
-72	4.68738000e+05	7.30000000e+01	8.50000000e+01	1.05000000e+02
-71	4.70514000e+05	7.30000000e+01	8.50000000e+01	1.05000000e+02
-70	4.71913000e+05	7.30000000e+01	8.50000000e+01	1.05000000e+02
-69	4.73382000e+05	7.30000000e+01	8.50000000e+01	1.05000000e+02
-68	4.74692000e+05	7.30000000e+01	8.50000000e+01	1.05000000e+02
-67	4.76027000e+05	7.30000000e+01	8.50000000e+01	1.05000000e+02
-66	4.77339000e+05	7.30000000e+01	8.50000000e+01	1.05000000e+02
-65	4.78830000e+05	7.30000000e+01	8.50000000e+01	1.05000000e+02
-64	4.80591000e+05	7.30000000e+01	8.50000000e+01	1.05000000e+02
-63	4.81933000e+05	7.30000000e+01	8.50000000e+01	1.05000000e+02
-62	4.83529000e+05	7.30000000e+01	8.50000000e+01	1.05000000e+02
-61	4.84907000e+05	7.30000000e+01	8.50000000e+01	1.05000000e+02
-60	4.86053000e+05	7.30000000e+01	8.50000000e+01	1.05000000e+02
-59	4.87564000e+05	7.30000000e+01	8.50000000e+01	1.05000000e+02
-58	4.89458000e+05	7.30000000e+01	8.50000000e+01	1.05000000e+02
-57	4.91188000e+05	7.30000000e+01	8.50000000e+01	1.05000000e+02
-56	4.92646000e+05	7.30000000e+01	8.50000000e+01	1.05000000e+02
-55	4.93931000e+05	7.30000000e+01	8.50000000e+01	1.05000000e+02
-54	4.95305000e+05	7.30000000e+01	8.50000000e+01	1.05000000e+02
-53	4.96684000e+05	7.30000000e+01	8.50000000e+01	1.05000000e+02
-52	4.98133000e+05	7.30000000e+01	8.50000000e+01	1.05000000e+02
-51	4.99812000e+05	7.20000000e+01	8.60000000e+01	1.06000000e+02
-50	5.01278000e+05	7.20000000e+01	8.60000000e+01	1.06000000e+02
-49	5.02697000e+05	7.20000000e+01	8.60000000e+01	1.06000000e+02
-48	5.03953000e+05	7.20000000e+01	8.60000000e+01	1.06000000e+02
-47	5.05256000e+05	7.20000000e+01	8.60000000e+01	1.06000000e+02
-46	5.06547000e+05	7.20000000e+01	8.60000000e+01	1.06000000e+02
-45	5.07801000e+05	7.20000000e+01	8.60000000e+01	1.06000000e+02
-44	5.09327000e+05	7.20000000e+01	8.60000000e+01	1.06000000e+02
-43	5.10744000e+05	7.20000000e+01	8.60000000e+01	1.06000000e+02
-42	5.11974000e+05	7.20000000e+01	8.60000000e+01	1.06000000e+02
-41	5.13257000e+05	7.20000000e+01	8.60000000e+01	1.06000000e+02
-40	5.14428000e+05	7.20000000e+01	8.60000000e+01	1.06000000e+02
-39	5.15738000e+05	7.20000000e+01	8.60000000e+01	1.06000000e+02
-38	5.17159000e+05	7.20000000e+01	8.60000000e+01	1.06000000e+02
-37	5.18604000e+05	7.20000000e+01	8.60000000e+01	1.06000000e+02
-36	5.19967000e+05	7.20000000e+01	8.60000000e+01	1.06000000e+02
-35	5.21120000e+05	7.20000000e+01	8.60000000e+01	1.06000000e+02
-34	5.22345000e+05	7.20000000e+01	8.60000000e+01	1.06000000e+02
-33	5.23944000e+05	7.20000000e+01	8.60000000e+01	1.06000000e+02
-32	5.25172000e+05	7.20000000e+01	8.60000000e+01	1.06000000e+02
-31	5.26592000e+05	7.80000000e+01	8.70000000e+01	1.07000000e+02
-30	5.28044000e+05	7.30000000e+01	8.80000000e+01	1.08000000e+02
-29	5.29689000e+05	7.30000000e+01	8.80000000e+01	1.08000000e+02
-28	5.31328000e+05	7.30000000e+01	8.80000000e+01	1.08000000e+02
-27	5.32909000e+05	7.50000000e+01	8.90000000e+01	1.09000000e+02
-26	5.34612000e+05	7.50000000e+01	8.90000000e+01	1.09000000e+02
-25	5.36617000e+05	7.50000000e+01	8.90000000e+01	1.09000000e+02
-24	5.38102000e+05	7.50000000e+01	8.90000000e+01	1.09000000e+02
-23	5.39799000e+05	7.50000000e+01	8.90000000e+01	1.09000000e+02
-22	5.41776000e+05	7.50000000e+01	8.90000000e+01	1.09000000e+02
-21	5.43918000e+05	7.50000000e+01	8.90000000e+01	1.09000000e+02
-20	5.46079000e+05	7.80000000e+01	9.00000000e+01	1.10000000e+02
-19	5.48038000e+05	7.80000000e+01	9.00000000e+01	1.10000000e+02
-18	5.49976000e+05	7.80000000e+01	9.00000000e+01	1.10000000e+02
-17	5.51707000e+05	7.80000000e+01	9.00000000e+01	1.10000000e+02
-16	5.53845000e+05	7.80000000e+01	9.00000000e+01	1.10000000e+02
-15	5.55951000e+05	8.10000000e+01	9.10000000e+01	1.11000000e+02
-14	5.58417000e+05	8.10000000e+01	9.10000000e+01	1.11000000e+02
-13	5.60469000e+05	8.10000000e+01	9.10000000e+01	1.11000000e+02
-12	5.63163000e+05	8.10000000e+01	9.10000000e+01	1.11000000e+02
-11	5.65923000e+05	8.10000000e+01	9.10000000e+01	1.11000000e+02
-10	5.68563000e+05	8.10000000e+01	9.10000000e+01	1.11000000e+02
-9	5.71878000e+05	8.10000000e+01	9.20000000e+01	1.13000000e+02
-8	5.74804000e+05	7.70000000e+01	9.30000000e+01	1.14000000e+02
-7	5.77852000e+05	7.70000000e+01	9.30000000e+01	1.14000000e+02
-6	5.80762000e+05	7.70000000e+01	9.30000000e+01	1.14000000e+02
-5	5.83702000e+05	8.00000000e+01	9.40000000e+01	1.16000000e+02
-4	5.86826000e+05	8.00000000e+01	9.40000000e+01	1.16000000e+02
-3	5.89733000e+05	8.10000000e+01	9.50000000e+01	1.17000000e+02
-2	5.92664000e+05	8.50000000e+01	9.70000000e+01	1.21000000e+02
-1	5.97007000e+05	8.40000000e+01	9.80000000e+01	1.22000000e+02
0	6.01937000e+05	8.20000000e+01	1.00000000e+02	1.24000000e+02
1	6.09362000e+05	9.40000000e+01	1.06000000e+02	1.31000000e+02
2	6.17958000e+05	9.50000000e+01	1.08000000e+02	1.33000000e+02
3	6.25987000e+05	9.50000000e+01	1.12000000e+02	1.37000000e+02
4	6.32853000e+05	1.00000000e+02	1.15000000e+02	1.40000000e+02
5	6.39139000e+05	1.00000000e+02	1.20000000e+02	1.46000000e+02
6	6.45220000e+05	1.08000000e+02	1.23000000e+02	1.64000000e+02
7	6.48676000e+05	1.13000000e+02	1.29000000e+02	1.73000000e+02
8	6.52413000e+05	1.13000000e+02	1.29000000e+02	1.94000000e+02
9	6.55925000e+05	1.19000000e+02	1.33000000e+02	2.20000000e+02
10	6.59269000e+05	1.22000000e+02	1.35000000e+02	2.32000000e+02
11	6.62831000e+05	1.23000000e+02	1.36000000e+02	2.33000000e+02
12	6.66460000e+05	1.25000000e+02	1.41000000e+02	2.40000000e+02
13	6.69868000e+05	1.25000000e+02	1.41000000e+02	2.41000000e+02
14	6.72431000e+05	1.25000000e+02	1.41000000e+02	2.41000000e+02
15	6.75279000e+05	1.26000000e+02	1.45000000e+02	2.45000000e+02
16	6.78174000e+05	1.26000000e+02	1.45000000e+02	2.45000000e+02
17	6.81050000e+05	1.28000000e+02	1.48000000e+02	2.48000000e+02
18	6.84350000e+05	1.31000000e+02	1.49000000e+02	2.49000000e+02
19	6.87839000e+05	1.32000000e+02	1.51000000e+02	2.51000000e+02
20	6.91061000e+05	1.34000000e+02	1.53000000e+02	2.53000000e+02
21	6.93321000e+05	1.43000000e+02	1.54000000e+02	2.55000000e+02
22	6.95412000e+05	1.33000000e+02	1.55000000e+02	2.57000000e+02
23	6.97258000e+05	1.33000000e+02	1.58000000e+02	2.63000000e+02
24	6.99235000e+05	1.33000000e+02	1.58000000e+02	2.63000000e+02
25	7.01474000e+05	1.34000000e+02	1.59000000e+02	2.64000000e+02
26	7.04048000e+05	1.34000000e+02	1.60000000e+02	2.65000000e+02
27	7.06209000e+05	1.32000000e+02	1.61000000e+02	2.66000000e+02
28	7.08200000e+05	1.44000000e+02	1.62000000e+02	2.76000000e+02
29	7.10099000e+05	1.44000000e+02	1.63000000e+02	2.77000000e+02
30	7.11929000e+05	1.44000000e+02	1.63000000e+02	2.77000000e+02
31	7.13912000e+05	1.44000000e+02	1.63000000e+02	2.77000000e+02
32	7.16132000e+05	1.37000000e+02	1.64000000e+02	2.79000000e+02
33	7.18502000e+05	1.37000000e+02	1.64000000e+02	2.79000000e+02
34	7.20673000e+05	1.35000000e+02	1.66000000e+02	2.82000000e+02
35	7.22504000e+05	1.35000000e+02	1.66000000e+02	2.82000000e+02
36	7.24398000e+05	1.35000000e+02	1.66000000e+02	2.82000000e+02
37	7.26236000e+05	1.35000000e+02	1.66000000e+02	2.82000000e+02
38	7.27981000e+05	1.35000000e+02	1.66000000e+02	2.82000000e+02
39	7.29850000e+05	1.35000000e+02	1.66000000e+02	2.82000000e+02
40	7.31914000e+05	1.40000000e+02	1.67000000e+02	2.84000000e+02
41	7.34097000e+05	1.40000000e+02	1.67000000e+02	2.84000000e+02
42	7.36213000e+05	1.40000000e+02	1.67000000e+02	2.84000000e+02
43	7.38306000e+05	1.40000000e+02	1.67000000e+02	2.84000000e+02
44	7.40342000e+05	1.37000000e+02	1.68000000e+02	2.85000000e+02
45	7.42072000e+05	1.37000000e+02	1.68000000e+02	2.85000000e+02
46	7.43682000e+05	1.37000000e+02	1.68000000e+02	2.85000000e+02
47	7.45764000e+05	1.37000000e+02	1.68000000e+02	2.85000000e+02
48	7.48418000e+05	1.37000000e+02	1.68000000e+02	2.85000000e+02
49	7.50896000e+05	1.34000000e+02	1.71000000e+02	2.90000000e+02
50	7.53500000e+05	1.38000000e+02	1.72000000e+02	2.92000000e+02
51	7.56040000e+05	1.38000000e+02	1.72000000e+02	2.92000000e+02
52	7.58281000e+05	1.38000000e+02	1.72000000e+02	2.92000000e+02
53	7.60689000e+05	1.38000000e+02	1.72000000e+02	2.92000000e+02
54	7.63683000e+05	1.38000000e+02	1.72000000e+02	2.92000000e+02
55	7.67250000e+05	1.45000000e+02	1.73000000e+02	2.94000000e+02
56	7.70435000e+05	1.45000000e+02	1.73000000e+02	2.94000000e+02
57	7.74257000e+05	1.45000000e+02	1.73000000e+02	2.94000000e+02
58	7.78319000e+05	1.33000000e+02	1.76000000e+02	3.00000000e+02
59	7.81933000e+05	1.36000000e+02	1.78000000e+02	3.02000000e+02
60	7.85270000e+05	1.36000000e+02	1.78000000e+02	3.02000000e+02
61	7.89290000e+05	1.36000000e+02	1.78000000e+02	3.02000000e+02
62	7.93620000e+05	1.36000000e+02	1.80000000e+02	3.05000000e+02
63	7.97818000e+05	1.36000000e+02	1.80000000e+02	3.05000000e+02
64	8.02017000e+05	1.36000000e+02	1.80000000e+02	3.05000000e+02
65	8.06099000e+05	1.36000000e+02	1.80000000e+02	3.05000000e+02
66	8.09686000e+05	1.36000000e+02	1.80000000e+02	3.05000000e+02
67	8.13186000e+05	1.50000000e+02	1.81000000e+02	3.06000000e+02
68	8.17335000e+05	1.50000000e+02	1.81000000e+02	3.06000000e+02
69	8.20801000e+05	1.48000000e+02	1.83000000e+02	3.08000000e+02
70	8.24209000e+05	1.48000000e+02	1.83000000e+02	3.08000000e+02
71	8.27788000e+05	1.48000000e+02	1.83000000e+02	3.08000000e+02
72	8.31890000e+05	1.48000000e+02	1.83000000e+02	3.08000000e+02
73	8.35700000e+05	1.44000000e+02	1.84000000e+02	3.11000000e+02
74	8.40252000e+05	1.44000000e+02	1.87000000e+02	3.15000000e+02
75	8.44820000e+05	1.51000000e+02	1.87000000e+02	3.19000000e+02
76	8.48505000e+05	1.52000000e+02	1.88000000e+02	3.23000000e+02
77	8.51693000e+05	1.52000000e+02	1.88000000e+02	3.23000000e+02
78	8.54942000e+05	1.52000000e+02	1.88000000e+02	3.23000000e+02
79	8.57852000e+05	1.52000000e+02	1.88000000e+02	3.23000000e+02
80	8.60602000e+05	1.52000000e+02	1.88000000e+02	3.23000000e+02
81	8.63426000e+05	1.48000000e+02	1.90000000e+02	3.27000000e+02
82	8.66296000e+05	1.48000000e+02	1.90000000e+02	3.27000000e+02
83	8.68871000e+05	1.48000000e+02	1.90000000e+02	3.27000000e+02
84	8.71318000e+05	1.48000000e+02	1.90000000e+02	3.27000000e+02
85	8.73956000e+05	1.48000000e+02	1.90000000e+02	3.27000000e+02
86	8.76346000e+05	1.48000000e+02	1.90000000e+02	3.27000000e+02
87	8.78633000e+05	1.48000000e+02	1.90000000e+02	3.27000000e+02
88	8.81174000e+05	1.52000000e+02	1.91000000e+02	3.28000000e+02
89	8.83896000e+05	1.52000000e+02	1.91000000e+02	3.28000000e+02
90	8.86442000e+05	1.51000000e+02	1.92000000e+02	3.29000000e+02
91	8.88435000e+05	1.51000000e+02	1.92000000e+02	3.29000000e+02
92	8.90322000e+05	1.51000000e+02	1.92000000e+02	3.29000000e+02
93	8.92179000e+05	1.51000000e+02	1.92000000e+02	3.29000000e+02
94	8.94070000e+05	1.51000000e+02	1.92000000e+02	3.29000000e+02
95	8.96255000e+05	1.51000000e+02	1.92000000e+02	3.29000000e+02
96	8.98534000e+05	1.51000000e+02	1.92000000e+02	3.29000000e+02
97	9.00495000e+05	1.51000000e+02	1.92000000e+02	3.29000000e+02
98	9.02192000e+05	1.51000000e+02	1.92000000e+02	3.29000000e+02
99	9.03938000e+05	1.51000000e+02	1.92000000e+02	3.29000000e+02
100	9.05631000e+05	1.51000000e+02	1.92000000e+02	3.29000000e+02
