Day_(movie_time)	Views	Users	Rigor	Edits
-500	0.00000000e+00	3.20000000e+01	4.40000000e+01	5.50000000e+01
-499	3.80000000e+02	3.20000000e+01	4.40000000e+01	5.50000000e+01
-498	8.36000000e+02	3.20000000e+01	4.40000000e+01	5.50000000e+01
-497	1.31500000e+03	3.20000000e+01	4.40000000e+01	5.50000000e+01
-496	1.86000000e+03	3.20000000e+01	4.40000000e+01	5.50000000e+01
-495	2.38800000e+03	3.20000000e+01	4.40000000e+01	5.50000000e+01
-494	3.01300000e+03	3.20000000e+01	4.40000000e+01	5.50000000e+01
-493	3.65800000e+03	3.20000000e+01	4.40000000e+01	5.50000000e+01
-492	4.28300000e+03	3.20000000e+01	4.40000000e+01	5.50000000e+01
-491	4.85000000e+03	3.20000000e+01	4.40000000e+01	5.50000000e+01
-490	5.37700000e+03	3.20000000e+01	4.40000000e+01	5.50000000e+01
-489	5.89100000e+03	3.20000000e+01	4.40000000e+01	5.50000000e+01
-488	6.49200000e+03	3.20000000e+01	4.40000000e+01	5.50000000e+01
-487	7.15000000e+03	3.20000000e+01	4.40000000e+01	5.50000000e+01
-486	7.87700000e+03	3.20000000e+01	4.40000000e+01	5.50000000e+01
-485	8.49900000e+03	3.20000000e+01	4.40000000e+01	5.50000000e+01
-484	9.05600000e+03	3.20000000e+01	4.40000000e+01	5.50000000e+01
-483	9.63400000e+03	3.20000000e+01	4.40000000e+01	5.50000000e+01
-482	1.02000000e+04	3.20000000e+01	4.40000000e+01	5.50000000e+01
-481	1.08190000e+04	3.20000000e+01	4.40000000e+01	5.50000000e+01
-480	1.14570000e+04	3.30000000e+01	4.50000000e+01	5.90000000e+01
-479	1.21030000e+04	3.90000000e+01	4.70000000e+01	6.80000000e+01
-478	1.21030000e+04	3.90000000e+01	4.70000000e+01	6.80000000e+01
-477	1.21030000e+04	3.60000000e+01	4.80000000e+01	6.90000000e+01
-476	1.26960000e+04	3.90000000e+01	4.90000000e+01	7.10000000e+01
-475	1.33230000e+04	3.90000000e+01	4.90000000e+01	7.10000000e+01
-474	1.39530000e+04	3.90000000e+01	4.90000000e+01	7.10000000e+01
-473	1.45600000e+04	3.90000000e+01	4.90000000e+01	7.10000000e+01
-472	1.52700000e+04	3.80000000e+01	5.00000000e+01	8.10000000e+01
-471	1.57830000e+04	4.00000000e+01	5.10000000e+01	8.30000000e+01
-470	1.61250000e+04	4.00000000e+01	5.10000000e+01	8.30000000e+01
-469	1.65270000e+04	4.00000000e+01	5.10000000e+01	8.30000000e+01
-468	1.68740000e+04	4.00000000e+01	5.10000000e+01	8.30000000e+01
-467	1.73030000e+04	4.00000000e+01	5.10000000e+01	8.30000000e+01
-466	1.77770000e+04	4.00000000e+01	5.10000000e+01	8.30000000e+01
-465	1.82580000e+04	4.00000000e+01	5.20000000e+01	8.50000000e+01
-464	1.86330000e+04	4.20000000e+01	5.30000000e+01	8.60000000e+01
-463	1.89590000e+04	4.20000000e+01	5.30000000e+01	8.60000000e+01
-462	1.93460000e+04	4.90000000e+01	5.40000000e+01	8.90000000e+01
-461	1.97500000e+04	4.90000000e+01	5.40000000e+01	8.90000000e+01
-460	2.01600000e+04	4.90000000e+01	5.40000000e+01	8.90000000e+01
-459	2.06250000e+04	4.90000000e+01	5.40000000e+01	8.90000000e+01
-458	2.10560000e+04	4.90000000e+01	5.40000000e+01	8.90000000e+01
-457	2.15080000e+04	4.90000000e+01	5.40000000e+01	8.90000000e+01
-456	2.19350000e+04	4.90000000e+01	5.40000000e+01	8.90000000e+01
-455	2.23910000e+04	4.70000000e+01	5.50000000e+01	9.10000000e+01
-454	2.28790000e+04	4.70000000e+01	5.50000000e+01	9.10000000e+01
-453	2.41660000e+04	4.90000000e+01	5.60000000e+01	9.20000000e+01
-452	2.49050000e+04	4.90000000e+01	5.60000000e+01	9.20000000e+01
-451	2.52580000e+04	4.90000000e+01	5.60000000e+01	9.20000000e+01
-450	2.55170000e+04	4.90000000e+01	5.60000000e+01	9.20000000e+01
-449	2.57540000e+04	4.90000000e+01	5.60000000e+01	9.20000000e+01
-448	2.59630000e+04	4.90000000e+01	5.60000000e+01	9.20000000e+01
-447	2.61840000e+04	4.90000000e+01	5.60000000e+01	9.20000000e+01
-446	2.64070000e+04	4.90000000e+01	5.60000000e+01	9.20000000e+01
-445	2.66180000e+04	4.90000000e+01	5.60000000e+01	9.20000000e+01
-444	2.68140000e+04	4.90000000e+01	5.60000000e+01	9.20000000e+01
-443	2.70300000e+04	4.90000000e+01	5.60000000e+01	9.20000000e+01
-442	2.71090000e+04	4.90000000e+01	5.60000000e+01	9.20000000e+01
-441	2.72080000e+04	4.90000000e+01	5.60000000e+01	9.20000000e+01
-440	2.72950000e+04	4.90000000e+01	5.60000000e+01	9.20000000e+01
-439	2.73850000e+04	4.90000000e+01	5.60000000e+01	9.20000000e+01
-438	2.74900000e+04	4.90000000e+01	5.60000000e+01	9.20000000e+01
-437	2.75760000e+04	4.90000000e+01	5.60000000e+01	9.20000000e+01
-436	2.76790000e+04	4.90000000e+01	5.60000000e+01	9.20000000e+01
-435	2.77740000e+04	4.90000000e+01	5.60000000e+01	9.20000000e+01
-434	2.78550000e+04	4.90000000e+01	5.60000000e+01	9.20000000e+01
-433	2.79480000e+04	4.90000000e+01	5.60000000e+01	9.20000000e+01
-432	2.80170000e+04	4.90000000e+01	5.60000000e+01	9.20000000e+01
-431	2.81110000e+04	4.90000000e+01	5.60000000e+01	9.20000000e+01
-430	2.82010000e+04	4.90000000e+01	5.60000000e+01	9.20000000e+01
-429	2.82790000e+04	4.90000000e+01	5.60000000e+01	9.20000000e+01
-428	2.83450000e+04	4.90000000e+01	5.60000000e+01	9.20000000e+01
-427	2.84170000e+04	4.90000000e+01	5.60000000e+01	9.20000000e+01
-426	2.84980000e+04	4.90000000e+01	5.60000000e+01	9.20000000e+01
-425	2.85890000e+04	4.90000000e+01	5.60000000e+01	9.20000000e+01
-424	2.87010000e+04	4.90000000e+01	5.60000000e+01	9.20000000e+01
-423	2.88110000e+04	4.90000000e+01	5.60000000e+01	9.20000000e+01
-422	2.89350000e+04	4.90000000e+01	5.60000000e+01	9.20000000e+01
-421	2.90620000e+04	4.90000000e+01	5.60000000e+01	9.20000000e+01
-420	2.91820000e+04	4.90000000e+01	5.60000000e+01	9.20000000e+01
-419	2.92780000e+04	4.90000000e+01	5.60000000e+01	9.20000000e+01
-418	2.93730000e+04	4.90000000e+01	5.60000000e+01	9.20000000e+01
-417	2.94680000e+04	4.90000000e+01	5.60000000e+01	9.20000000e+01
-416	2.95740000e+04	4.90000000e+01	5.60000000e+01	9.20000000e+01
-415	2.96760000e+04	4.90000000e+01	5.60000000e+01	9.20000000e+01
-414	2.97610000e+04	4.90000000e+01	5.60000000e+01	9.20000000e+01
-413	2.98610000e+04	4.90000000e+01	5.60000000e+01	9.20000000e+01
-412	2.99530000e+04	4.90000000e+01	5.60000000e+01	9.20000000e+01
-411	3.00930000e+04	4.90000000e+01	5.60000000e+01	9.20000000e+01
-410	3.02040000e+04	4.90000000e+01	5.60000000e+01	9.20000000e+01
-409	3.03140000e+04	4.90000000e+01	5.60000000e+01	9.20000000e+01
-408	3.04020000e+04	4.90000000e+01	5.60000000e+01	9.20000000e+01
-407	3.04860000e+04	4.90000000e+01	5.60000000e+01	9.20000000e+01
-406	3.05740000e+04	4.90000000e+01	5.60000000e+01	9.20000000e+01
-405	3.09050000e+04	5.20000000e+01	5.90000000e+01	1.00000000e+02
-404	3.23620000e+04	5.10000000e+01	6.30000000e+01	1.14000000e+02
-403	3.38480000e+04	5.60000000e+01	6.30000000e+01	1.23000000e+02
-402	3.55810000e+04	5.50000000e+01	6.30000000e+01	1.28000000e+02
-401	3.70280000e+04	5.40000000e+01	6.80000000e+01	1.37000000e+02
-400	3.84580000e+04	5.80000000e+01	7.00000000e+01	1.40000000e+02
-399	4.00830000e+04	6.50000000e+01	7.40000000e+01	1.46000000e+02
-398	4.17360000e+04	6.40000000e+01	7.60000000e+01	1.48000000e+02
-397	4.36090000e+04	6.20000000e+01	7.70000000e+01	1.73000000e+02
-396	4.53260000e+04	6.20000000e+01	7.70000000e+01	1.73000000e+02
-395	4.72220000e+04	6.10000000e+01	7.90000000e+01	1.80000000e+02
-394	4.89020000e+04	6.80000000e+01	8.20000000e+01	1.87000000e+02
-393	5.03630000e+04	6.60000000e+01	9.00000000e+01	1.95000000e+02
-392	5.18540000e+04	6.60000000e+01	9.10000000e+01	1.96000000e+02
-391	5.34060000e+04	6.60000000e+01	9.20000000e+01	1.97000000e+02
-390	5.51090000e+04	6.60000000e+01	9.20000000e+01	1.97000000e+02
-389	5.68000000e+04	6.60000000e+01	9.20000000e+01	1.97000000e+02
-388	5.85680000e+04	7.60000000e+01	9.60000000e+01	2.01000000e+02
-387	5.99590000e+04	7.30000000e+01	9.70000000e+01	2.02000000e+02
-386	6.13350000e+04	7.30000000e+01	9.70000000e+01	2.02000000e+02
-385	6.26800000e+04	7.20000000e+01	9.80000000e+01	2.04000000e+02
-384	6.41060000e+04	7.30000000e+01	9.90000000e+01	2.07000000e+02
-383	6.56810000e+04	7.80000000e+01	1.02000000e+02	2.11000000e+02
-382	6.73810000e+04	7.80000000e+01	1.02000000e+02	2.11000000e+02
-381	6.89550000e+04	7.80000000e+01	1.02000000e+02	2.11000000e+02
-380	7.02990000e+04	7.80000000e+01	1.02000000e+02	2.11000000e+02
-379	7.17860000e+04	7.70000000e+01	1.04000000e+02	2.14000000e+02
-378	7.31780000e+04	7.70000000e+01	1.04000000e+02	2.14000000e+02
-377	7.44480000e+04	7.60000000e+01	1.05000000e+02	2.15000000e+02
-376	7.58100000e+04	7.60000000e+01	1.06000000e+02	2.16000000e+02
-375	7.70830000e+04	7.60000000e+01	1.06000000e+02	2.16000000e+02
-374	7.83720000e+04	7.60000000e+01	1.06000000e+02	2.16000000e+02
-373	7.94930000e+04	8.50000000e+01	1.08000000e+02	2.19000000e+02
-372	8.07190000e+04	8.50000000e+01	1.08000000e+02	2.19000000e+02
-371	8.18800000e+04	7.90000000e+01	1.09000000e+02	2.20000000e+02
-370	8.31360000e+04	7.70000000e+01	1.11000000e+02	2.33000000e+02
-369	8.45080000e+04	8.30000000e+01	1.12000000e+02	2.34000000e+02
-368	8.58470000e+04	8.30000000e+01	1.13000000e+02	2.35000000e+02
-367	8.70930000e+04	8.30000000e+01	1.13000000e+02	2.35000000e+02
-366	8.82220000e+04	8.30000000e+01	1.13000000e+02	2.35000000e+02
-365	8.93400000e+04	8.30000000e+01	1.13000000e+02	2.35000000e+02
-364	9.03520000e+04	8.30000000e+01	1.13000000e+02	2.35000000e+02
-363	9.14530000e+04	8.10000000e+01	1.14000000e+02	2.37000000e+02
-362	9.27900000e+04	8.10000000e+01	1.16000000e+02	2.39000000e+02
-361	9.42360000e+04	8.10000000e+01	1.16000000e+02	2.39000000e+02
-360	9.57640000e+04	8.10000000e+01	1.16000000e+02	2.39000000e+02
-359	9.70740000e+04	9.00000000e+01	1.17000000e+02	2.42000000e+02
-358	9.84170000e+04	9.20000000e+01	1.19000000e+02	2.44000000e+02
-357	9.97360000e+04	9.00000000e+01	1.20000000e+02	2.46000000e+02
-356	1.00905000e+05	9.00000000e+01	1.20000000e+02	2.46000000e+02
-355	1.02155000e+05	1.04000000e+02	1.32000000e+02	2.60000000e+02
-354	1.03614000e+05	1.07000000e+02	1.38000000e+02	2.68000000e+02
-353	1.04922000e+05	1.10000000e+02	1.41000000e+02	2.86000000e+02
-352	1.06051000e+05	1.13000000e+02	1.43000000e+02	2.89000000e+02
-351	1.07132000e+05	1.13000000e+02	1.43000000e+02	2.89000000e+02
-350	1.08204000e+05	1.13000000e+02	1.43000000e+02	2.89000000e+02
-349	1.09218000e+05	1.14000000e+02	1.44000000e+02	2.90000000e+02
-348	1.10352000e+05	1.14000000e+02	1.44000000e+02	2.90000000e+02
-347	1.11695000e+05	1.14000000e+02	1.44000000e+02	2.90000000e+02
-346	1.12978000e+05	1.14000000e+02	1.44000000e+02	2.90000000e+02
-345	1.13978000e+05	1.14000000e+02	1.44000000e+02	2.90000000e+02
-344	1.14997000e+05	1.17000000e+02	1.47000000e+02	2.97000000e+02
-343	1.16064000e+05	1.17000000e+02	1.47000000e+02	2.97000000e+02
-342	1.17092000e+05	1.17000000e+02	1.47000000e+02	2.97000000e+02
-341	1.18349000e+05	1.09000000e+02	1.47000000e+02	3.08000000e+02
-340	1.19705000e+05	1.09000000e+02	1.47000000e+02	3.08000000e+02
-339	1.21061000e+05	1.09000000e+02	1.47000000e+02	3.08000000e+02
-338	1.22190000e+05	1.12000000e+02	1.49000000e+02	3.10000000e+02
-337	1.23288000e+05	1.17000000e+02	1.52000000e+02	3.13000000e+02
-336	1.24425000e+05	1.11000000e+02	1.53000000e+02	3.14000000e+02
-335	1.25578000e+05	1.13000000e+02	1.56000000e+02	3.18000000e+02
-334	1.26829000e+05	1.18000000e+02	1.58000000e+02	3.21000000e+02
-333	1.28316000e+05	1.21000000e+02	1.60000000e+02	3.23000000e+02
-332	1.29637000e+05	1.21000000e+02	1.60000000e+02	3.23000000e+02
-331	1.30846000e+05	1.30000000e+02	1.61000000e+02	3.27000000e+02
-330	1.32032000e+05	1.30000000e+02	1.61000000e+02	3.27000000e+02
-329	1.33182000e+05	1.30000000e+02	1.61000000e+02	3.27000000e+02
-328	1.34228000e+05	1.19000000e+02	1.61000000e+02	3.32000000e+02
-327	1.35445000e+05	1.19000000e+02	1.61000000e+02	3.32000000e+02
-326	1.36722000e+05	1.19000000e+02	1.61000000e+02	3.32000000e+02
-325	1.37895000e+05	1.19000000e+02	1.61000000e+02	3.32000000e+02
-324	1.39016000e+05	1.23000000e+02	1.61000000e+02	3.35000000e+02
-323	1.40100000e+05	1.23000000e+02	1.63000000e+02	3.39000000e+02
-322	1.41137000e+05	1.23000000e+02	1.63000000e+02	3.39000000e+02
-321	1.42276000e+05	1.24000000e+02	1.64000000e+02	3.40000000e+02
-320	1.43425000e+05	1.24000000e+02	1.64000000e+02	3.40000000e+02
-319	1.44625000e+05	1.28000000e+02	1.69000000e+02	3.52000000e+02
-318	1.45777000e+05	1.31000000e+02	1.71000000e+02	3.54000000e+02
-317	1.46878000e+05	1.31000000e+02	1.71000000e+02	3.54000000e+02
-316	1.47821000e+05	1.31000000e+02	1.71000000e+02	3.54000000e+02
-315	1.48768000e+05	1.31000000e+02	1.71000000e+02	3.54000000e+02
-314	1.49827000e+05	1.31000000e+02	1.71000000e+02	3.54000000e+02
-313	1.51013000e+05	1.32000000e+02	1.73000000e+02	3.58000000e+02
-312	1.52323000e+05	1.36000000e+02	1.75000000e+02	3.60000000e+02
-311	1.53593000e+05	1.35000000e+02	1.77000000e+02	3.66000000e+02
-310	1.54795000e+05	1.35000000e+02	1.77000000e+02	3.66000000e+02
-309	1.55958000e+05	1.35000000e+02	1.77000000e+02	3.66000000e+02
-308	1.57188000e+05	1.35000000e+02	1.77000000e+02	3.66000000e+02
-307	1.58468000e+05	1.32000000e+02	1.79000000e+02	3.73000000e+02
-306	1.59893000e+05	1.32000000e+02	1.79000000e+02	3.73000000e+02
-305	1.61261000e+05	1.32000000e+02	1.79000000e+02	3.73000000e+02
-304	1.62574000e+05	1.42000000e+02	1.82000000e+02	3.76000000e+02
-303	1.63771000e+05	1.39000000e+02	1.86000000e+02	3.84000000e+02
-302	1.65049000e+05	1.53000000e+02	1.88000000e+02	3.86000000e+02
-301	1.66261000e+05	1.43000000e+02	1.90000000e+02	3.89000000e+02
-300	1.67425000e+05	1.43000000e+02	1.90000000e+02	3.89000000e+02
-299	1.68625000e+05	1.45000000e+02	1.92000000e+02	3.91000000e+02
-298	1.69890000e+05	1.45000000e+02	1.92000000e+02	3.91000000e+02
-297	1.71144000e+05	1.45000000e+02	1.92000000e+02	3.91000000e+02
-296	1.72290000e+05	1.48000000e+02	1.92000000e+02	3.98000000e+02
-295	1.73343000e+05	1.47000000e+02	1.92000000e+02	4.02000000e+02
-294	1.74380000e+05	1.52000000e+02	1.94000000e+02	4.07000000e+02
-293	1.75478000e+05	1.52000000e+02	1.94000000e+02	4.07000000e+02
-292	1.76559000e+05	1.50000000e+02	1.98000000e+02	4.11000000e+02
-291	1.77754000e+05	1.50000000e+02	1.98000000e+02	4.11000000e+02
-290	1.78792000e+05	1.50000000e+02	1.98000000e+02	4.11000000e+02
-289	1.79791000e+05	1.50000000e+02	1.98000000e+02	4.11000000e+02
-288	1.80784000e+05	1.50000000e+02	1.98000000e+02	4.11000000e+02
-287	1.81762000e+05	1.50000000e+02	1.98000000e+02	4.11000000e+02
-286	1.82963000e+05	1.53000000e+02	1.99000000e+02	4.17000000e+02
-285	1.84056000e+05	1.53000000e+02	1.99000000e+02	4.17000000e+02
-284	1.85334000e+05	1.53000000e+02	1.99000000e+02	4.17000000e+02
-283	1.86584000e+05	1.55000000e+02	2.00000000e+02	4.18000000e+02
-282	1.87614000e+05	1.55000000e+02	2.00000000e+02	4.18000000e+02
-281	1.88773000e+05	1.55000000e+02	2.00000000e+02	4.18000000e+02
-280	1.89869000e+05	1.52000000e+02	2.01000000e+02	4.27000000e+02
-279	1.91048000e+05	1.55000000e+02	2.01000000e+02	4.31000000e+02
-278	1.92176000e+05	1.58000000e+02	2.01000000e+02	4.32000000e+02
-277	1.93463000e+05	1.62000000e+02	2.03000000e+02	4.34000000e+02
-276	1.94588000e+05	1.62000000e+02	2.03000000e+02	4.34000000e+02
-275	1.95773000e+05	1.62000000e+02	2.03000000e+02	4.34000000e+02
-274	1.97006000e+05	1.56000000e+02	2.03000000e+02	4.42000000e+02
-273	1.98273000e+05	1.56000000e+02	2.03000000e+02	4.42000000e+02
-272	1.99523000e+05	1.56000000e+02	2.03000000e+02	4.42000000e+02
-271	2.00683000e+05	1.59000000e+02	2.04000000e+02	4.43000000e+02
-270	2.01909000e+05	1.59000000e+02	2.04000000e+02	4.43000000e+02
-269	2.03160000e+05	1.59000000e+02	2.04000000e+02	4.43000000e+02
-268	2.04341000e+05	1.59000000e+02	2.04000000e+02	4.43000000e+02
-267	2.05460000e+05	1.59000000e+02	2.04000000e+02	4.43000000e+02
-266	2.06693000e+05	1.59000000e+02	2.04000000e+02	4.43000000e+02
-265	2.07901000e+05	1.64000000e+02	2.05000000e+02	4.44000000e+02
-264	2.09144000e+05	1.64000000e+02	2.05000000e+02	4.44000000e+02
-263	2.10263000e+05	1.64000000e+02	2.05000000e+02	4.44000000e+02
-262	2.11577000e+05	1.55000000e+02	2.08000000e+02	4.47000000e+02
-261	2.12933000e+05	1.55000000e+02	2.10000000e+02	4.49000000e+02
-260	2.14156000e+05	1.60000000e+02	2.11000000e+02	4.65000000e+02
-259	2.15413000e+05	1.60000000e+02	2.11000000e+02	4.65000000e+02
-258	2.16575000e+05	1.62000000e+02	2.13000000e+02	4.70000000e+02
-257	2.17829000e+05	1.54000000e+02	2.15000000e+02	4.78000000e+02
-256	2.19088000e+05	1.54000000e+02	2.15000000e+02	4.78000000e+02
-255	2.20326000e+05	1.54000000e+02	2.15000000e+02	4.78000000e+02
-254	2.21635000e+05	1.74000000e+02	2.17000000e+02	4.86000000e+02
-253	2.22770000e+05	1.62000000e+02	2.18000000e+02	4.87000000e+02
-252	2.23985000e+05	1.72000000e+02	2.20000000e+02	4.90000000e+02
-251	2.25251000e+05	1.76000000e+02	2.24000000e+02	4.94000000e+02
-250	2.26454000e+05	1.76000000e+02	2.24000000e+02	4.94000000e+02
-249	2.27805000e+05	1.76000000e+02	2.24000000e+02	4.94000000e+02
-248	2.29273000e+05	1.76000000e+02	2.24000000e+02	4.94000000e+02
-247	2.30715000e+05	1.76000000e+02	2.24000000e+02	4.94000000e+02
-246	2.31997000e+05	1.74000000e+02	2.25000000e+02	4.95000000e+02
-245	2.33328000e+05	1.74000000e+02	2.25000000e+02	4.95000000e+02
-244	2.34659000e+05	1.74000000e+02	2.25000000e+02	4.95000000e+02
-243	2.36017000e+05	1.74000000e+02	2.25000000e+02	4.95000000e+02
-242	2.37560000e+05	1.84000000e+02	2.26000000e+02	5.00000000e+02
-241	2.39243000e+05	1.73000000e+02	2.26000000e+02	5.02000000e+02
-240	2.40812000e+05	1.73000000e+02	2.26000000e+02	5.02000000e+02
-239	2.42445000e+05	1.73000000e+02	2.26000000e+02	5.02000000e+02
-238	2.43900000e+05	1.73000000e+02	2.26000000e+02	5.02000000e+02
-237	2.45571000e+05	1.73000000e+02	2.26000000e+02	5.02000000e+02
-236	2.47148000e+05	1.53000000e+02	2.28000000e+02	5.06000000e+02
-235	2.48851000e+05	1.53000000e+02	2.28000000e+02	5.06000000e+02
-234	2.50833000e+05	1.53000000e+02	2.28000000e+02	5.06000000e+02
-233	2.53035000e+05	1.62000000e+02	2.32000000e+02	5.12000000e+02
-232	2.54951000e+05	1.62000000e+02	2.33000000e+02	5.19000000e+02
-231	2.56683000e+05	1.82000000e+02	2.33000000e+02	5.20000000e+02
-230	2.58212000e+05	1.64000000e+02	2.35000000e+02	5.22000000e+02
-229	2.59706000e+05	1.64000000e+02	2.35000000e+02	5.22000000e+02
-228	2.61357000e+05	1.67000000e+02	2.35000000e+02	5.23000000e+02
-227	2.63148000e+05	1.67000000e+02	2.35000000e+02	5.23000000e+02
-226	2.65039000e+05	1.77000000e+02	2.37000000e+02	5.25000000e+02
-225	2.66656000e+05	1.77000000e+02	2.37000000e+02	5.25000000e+02
-224	2.68034000e+05	1.71000000e+02	2.38000000e+02	5.26000000e+02
-223	2.69677000e+05	1.71000000e+02	2.38000000e+02	5.26000000e+02
-222	2.71209000e+05	1.71000000e+02	2.38000000e+02	5.26000000e+02
-221	2.72700000e+05	1.70000000e+02	2.40000000e+02	5.28000000e+02
-220	2.74413000e+05	1.70000000e+02	2.40000000e+02	5.28000000e+02
-219	2.75868000e+05	1.70000000e+02	2.40000000e+02	5.28000000e+02
-218	2.77500000e+05	1.70000000e+02	2.40000000e+02	5.28000000e+02
-217	2.79091000e+05	1.70000000e+02	2.40000000e+02	5.28000000e+02
-216	2.80746000e+05	1.67000000e+02	2.40000000e+02	5.62000000e+02
-215	2.82187000e+05	1.67000000e+02	2.40000000e+02	5.62000000e+02
-214	2.83590000e+05	1.67000000e+02	2.40000000e+02	5.62000000e+02
-213	2.85351000e+05	1.67000000e+02	2.40000000e+02	5.62000000e+02
-212	2.86917000e+05	1.67000000e+02	2.40000000e+02	5.62000000e+02
-211	2.88475000e+05	1.67000000e+02	2.40000000e+02	5.62000000e+02
-210	2.89988000e+05	1.67000000e+02	2.40000000e+02	5.62000000e+02
-209	2.91514000e+05	1.67000000e+02	2.40000000e+02	5.62000000e+02
-208	2.92961000e+05	1.67000000e+02	2.40000000e+02	5.62000000e+02
-207	2.94771000e+05	1.79000000e+02	2.40000000e+02	5.70000000e+02
-206	2.96547000e+05	1.79000000e+02	2.40000000e+02	5.70000000e+02
-205	2.98226000e+05	1.79000000e+02	2.40000000e+02	5.70000000e+02
-204	2.99996000e+05	1.75000000e+02	2.42000000e+02	5.73000000e+02
-203	3.01600000e+05	1.75000000e+02	2.42000000e+02	5.73000000e+02
-202	3.03145000e+05	1.70000000e+02	2.44000000e+02	5.75000000e+02
-201	3.04641000e+05	1.82000000e+02	2.45000000e+02	5.76000000e+02
-200	3.06219000e+05	1.82000000e+02	2.45000000e+02	5.76000000e+02
-199	3.08125000e+05	1.82000000e+02	2.45000000e+02	5.76000000e+02
-198	3.10032000e+05	1.82000000e+02	2.45000000e+02	5.76000000e+02
-197	3.11887000e+05	1.82000000e+02	2.45000000e+02	5.76000000e+02
-196	3.13588000e+05	1.82000000e+02	2.47000000e+02	5.78000000e+02
-195	3.15156000e+05	1.82000000e+02	2.47000000e+02	5.78000000e+02
-194	3.16790000e+05	1.92000000e+02	2.50000000e+02	5.83000000e+02
-193	3.18588000e+05	1.82000000e+02	2.52000000e+02	5.85000000e+02
-192	3.20616000e+05	1.95000000e+02	2.54000000e+02	5.87000000e+02
-191	3.22414000e+05	1.90000000e+02	2.56000000e+02	5.89000000e+02
-190	3.24447000e+05	2.00000000e+02	2.61000000e+02	5.99000000e+02
-189	3.28130000e+05	2.02000000e+02	2.65000000e+02	6.05000000e+02
-188	3.33549000e+05	2.09000000e+02	2.71000000e+02	6.16000000e+02
-187	3.37184000e+05	2.03000000e+02	2.73000000e+02	6.18000000e+02
-186	3.40478000e+05	1.93000000e+02	2.75000000e+02	6.27000000e+02
-185	3.43977000e+05	2.15000000e+02	2.79000000e+02	6.39000000e+02
-184	3.46831000e+05	2.03000000e+02	2.85000000e+02	6.47000000e+02
-183	3.49676000e+05	2.03000000e+02	2.85000000e+02	6.47000000e+02
-182	3.52093000e+05	2.11000000e+02	2.86000000e+02	6.49000000e+02
-181	3.54656000e+05	2.08000000e+02	2.87000000e+02	6.50000000e+02
-180	3.59604000e+05	2.17000000e+02	2.90000000e+02	6.55000000e+02
-179	3.66786000e+05	2.22000000e+02	3.02000000e+02	6.97000000e+02
-178	3.74302000e+05	2.19000000e+02	3.14000000e+02	7.17000000e+02
-177	3.79420000e+05	2.22000000e+02	3.18000000e+02	7.22000000e+02
-176	3.85655000e+05	2.22000000e+02	3.20000000e+02	7.25000000e+02
-175	3.89406000e+05	2.22000000e+02	3.20000000e+02	7.25000000e+02
-174	3.92550000e+05	2.34000000e+02	3.25000000e+02	7.42000000e+02
-173	3.95181000e+05	2.27000000e+02	3.26000000e+02	7.43000000e+02
-172	3.97497000e+05	2.27000000e+02	3.26000000e+02	7.43000000e+02
-171	4.00069000e+05	2.49000000e+02	3.27000000e+02	7.44000000e+02
-170	4.02403000e+05	2.47000000e+02	3.30000000e+02	7.47000000e+02
-169	4.04602000e+05	2.47000000e+02	3.30000000e+02	7.47000000e+02
-168	4.07022000e+05	2.51000000e+02	3.31000000e+02	7.48000000e+02
-167	4.09084000e+05	2.38000000e+02	3.32000000e+02	7.49000000e+02
-166	4.11081000e+05	2.40000000e+02	3.33000000e+02	7.50000000e+02
-165	4.13077000e+05	2.32000000e+02	3.34000000e+02	7.51000000e+02
-164	4.15145000e+05	2.43000000e+02	3.35000000e+02	7.52000000e+02
-163	4.17136000e+05	2.43000000e+02	3.35000000e+02	7.52000000e+02
-162	4.19157000e+05	2.43000000e+02	3.35000000e+02	7.52000000e+02
-161	4.20964000e+05	2.43000000e+02	3.35000000e+02	7.52000000e+02
-160	4.22906000e+05	2.43000000e+02	3.36000000e+02	7.53000000e+02
-159	4.24969000e+05	2.43000000e+02	3.39000000e+02	7.59000000e+02
-158	4.26848000e+05	2.43000000e+02	3.39000000e+02	7.59000000e+02
-157	4.28905000e+05	2.43000000e+02	3.39000000e+02	7.59000000e+02
-156	4.30755000e+05	2.39000000e+02	3.42000000e+02	7.62000000e+02
-155	4.32493000e+05	2.39000000e+02	3.42000000e+02	7.62000000e+02
-154	4.34310000e+05	2.65000000e+02	3.45000000e+02	7.65000000e+02
-153	4.36079000e+05	2.52000000e+02	3.47000000e+02	7.67000000e+02
-152	4.37911000e+05	2.50000000e+02	3.51000000e+02	7.72000000e+02
-151	4.39836000e+05	2.51000000e+02	3.53000000e+02	7.74000000e+02
-150	4.41454000e+05	2.51000000e+02	3.53000000e+02	7.74000000e+02
-149	4.43071000e+05	2.65000000e+02	3.54000000e+02	7.75000000e+02
-148	4.44579000e+05	2.58000000e+02	3.55000000e+02	7.77000000e+02
-147	4.46128000e+05	2.70000000e+02	3.61000000e+02	7.94000000e+02
-146	4.47994000e+05	2.70000000e+02	3.61000000e+02	7.94000000e+02
-145	4.49900000e+05	2.72000000e+02	3.63000000e+02	7.97000000e+02
-144	4.51681000e+05	2.72000000e+02	3.63000000e+02	7.97000000e+02
-143	4.53450000e+05	2.72000000e+02	3.63000000e+02	7.97000000e+02
-142	4.55131000e+05	2.72000000e+02	3.63000000e+02	7.97000000e+02
-141	4.55131000e+05	2.72000000e+02	3.63000000e+02	7.97000000e+02
-140	4.56986000e+05	2.72000000e+02	3.63000000e+02	7.97000000e+02
-139	4.56986000e+05	2.78000000e+02	3.68000000e+02	8.06000000e+02
-138	4.56986000e+05	2.86000000e+02	3.70000000e+02	8.08000000e+02
-137	4.56986000e+05	2.86000000e+02	3.70000000e+02	8.08000000e+02
-136	4.59088000e+05	2.86000000e+02	3.70000000e+02	8.08000000e+02
-135	4.61136000e+05	2.87000000e+02	3.72000000e+02	8.11000000e+02
-134	4.63051000e+05	2.81000000e+02	3.73000000e+02	8.12000000e+02
-133	4.64962000e+05	2.77000000e+02	3.74000000e+02	8.13000000e+02
-132	4.67019000e+05	2.77000000e+02	3.74000000e+02	8.13000000e+02
-131	4.69239000e+05	2.70000000e+02	3.76000000e+02	8.15000000e+02
-130	4.71613000e+05	2.88000000e+02	3.77000000e+02	8.18000000e+02
-129	4.73877000e+05	2.88000000e+02	3.77000000e+02	8.18000000e+02
-128	4.75711000e+05	2.88000000e+02	3.77000000e+02	8.18000000e+02
-127	4.77498000e+05	2.85000000e+02	3.79000000e+02	8.20000000e+02
-126	4.79265000e+05	2.76000000e+02	3.81000000e+02	8.22000000e+02
-125	4.81397000e+05	2.76000000e+02	3.81000000e+02	8.22000000e+02
-124	4.83615000e+05	2.83000000e+02	3.83000000e+02	8.24000000e+02
-123	4.85876000e+05	2.77000000e+02	3.88000000e+02	8.29000000e+02
-122	4.88097000e+05	2.77000000e+02	3.88000000e+02	8.29000000e+02
-121	4.90026000e+05	2.77000000e+02	3.88000000e+02	8.29000000e+02
-120	4.90026000e+05	2.84000000e+02	3.90000000e+02	8.31000000e+02
-119	4.90026000e+05	2.84000000e+02	3.90000000e+02	8.31000000e+02
-118	4.90026000e+05	2.74000000e+02	3.92000000e+02	8.33000000e+02
-117	4.91937000e+05	2.74000000e+02	3.92000000e+02	8.33000000e+02
-116	4.93852000e+05	2.94000000e+02	3.94000000e+02	8.35000000e+02
-115	4.96002000e+05	2.83000000e+02	3.95000000e+02	8.36000000e+02
-114	4.97875000e+05	2.83000000e+02	3.95000000e+02	8.36000000e+02
-113	4.99724000e+05	2.90000000e+02	3.97000000e+02	8.38000000e+02
-112	5.01628000e+05	2.90000000e+02	3.98000000e+02	8.40000000e+02
-111	5.03541000e+05	2.97000000e+02	3.99000000e+02	8.42000000e+02
-110	5.05723000e+05	2.97000000e+02	4.01000000e+02	8.45000000e+02
-109	5.07917000e+05	3.06000000e+02	4.03000000e+02	8.47000000e+02
-108	5.09985000e+05	3.06000000e+02	4.03000000e+02	8.47000000e+02
-107	5.12028000e+05	3.02000000e+02	4.04000000e+02	8.49000000e+02
-106	5.13934000e+05	3.02000000e+02	4.04000000e+02	8.49000000e+02
-105	5.15877000e+05	3.01000000e+02	4.05000000e+02	8.51000000e+02
-104	5.17855000e+05	3.00000000e+02	4.07000000e+02	8.53000000e+02
-103	5.19813000e+05	3.00000000e+02	4.07000000e+02	8.53000000e+02
-102	5.21886000e+05	3.03000000e+02	4.09000000e+02	8.55000000e+02
-101	5.24428000e+05	3.02000000e+02	4.13000000e+02	8.61000000e+02
-100	5.27078000e+05	3.05000000e+02	4.16000000e+02	8.66000000e+02
-99	5.29342000e+05	3.05000000e+02	4.16000000e+02	8.66000000e+02
-98	5.31425000e+05	3.05000000e+02	4.16000000e+02	8.68000000e+02
-97	5.33600000e+05	3.06000000e+02	4.18000000e+02	8.70000000e+02
-96	5.35794000e+05	3.07000000e+02	4.23000000e+02	8.77000000e+02
-95	5.38108000e+05	3.07000000e+02	4.23000000e+02	8.77000000e+02
-94	5.40015000e+05	3.07000000e+02	4.23000000e+02	8.77000000e+02
-93	5.41803000e+05	3.07000000e+02	4.23000000e+02	8.77000000e+02
-92	5.43678000e+05	3.07000000e+02	4.23000000e+02	8.77000000e+02
-91	5.45469000e+05	3.07000000e+02	4.23000000e+02	8.77000000e+02
-90	5.47338000e+05	3.07000000e+02	4.23000000e+02	8.77000000e+02
-89	5.49706000e+05	3.07000000e+02	4.23000000e+02	8.77000000e+02
-88	5.49706000e+05	3.07000000e+02	4.23000000e+02	8.77000000e+02
-87	5.51836000e+05	3.07000000e+02	4.23000000e+02	8.77000000e+02
-86	5.53544000e+05	3.07000000e+02	4.23000000e+02	8.77000000e+02
-85	5.55160000e+05	3.22000000e+02	4.24000000e+02	8.78000000e+02
-84	5.56661000e+05	3.20000000e+02	4.25000000e+02	8.79000000e+02
-83	5.58491000e+05	3.20000000e+02	4.25000000e+02	8.79000000e+02
-82	5.60523000e+05	3.12000000e+02	4.28000000e+02	8.82000000e+02
-81	5.60523000e+05	3.12000000e+02	4.28000000e+02	8.82000000e+02
-80	5.62348000e+05	3.12000000e+02	4.28000000e+02	8.82000000e+02
-79	5.64032000e+05	3.13000000e+02	4.30000000e+02	8.84000000e+02
-78	5.65592000e+05	3.13000000e+02	4.30000000e+02	8.84000000e+02
-77	5.67275000e+05	3.15000000e+02	4.30000000e+02	8.86000000e+02
-76	5.69125000e+05	3.15000000e+02	4.30000000e+02	8.86000000e+02
-75	5.70993000e+05	3.13000000e+02	4.32000000e+02	8.88000000e+02
-74	5.72921000e+05	3.13000000e+02	4.32000000e+02	8.88000000e+02
-73	5.74877000e+05	3.19000000e+02	4.36000000e+02	8.92000000e+02
-72	5.76557000e+05	3.19000000e+02	4.36000000e+02	8.92000000e+02
-71	5.78168000e+05	3.27000000e+02	4.37000000e+02	8.93000000e+02
-70	5.79730000e+05	3.27000000e+02	4.37000000e+02	8.93000000e+02
-69	5.81390000e+05	3.15000000e+02	4.39000000e+02	8.95000000e+02
-68	5.83282000e+05	3.15000000e+02	4.39000000e+02	8.95000000e+02
-67	5.85171000e+05	3.25000000e+02	4.41000000e+02	8.97000000e+02
-66	5.87194000e+05	3.25000000e+02	4.41000000e+02	8.97000000e+02
-65	5.88937000e+05	3.23000000e+02	4.43000000e+02	9.06000000e+02
-64	5.90850000e+05	3.26000000e+02	4.45000000e+02	9.08000000e+02
-63	5.92461000e+05	3.22000000e+02	4.47000000e+02	9.10000000e+02
-62	5.94373000e+05	3.36000000e+02	4.55000000e+02	9.19000000e+02
-61	5.96757000e+05	3.31000000e+02	4.57000000e+02	9.23000000e+02
-60	5.99466000e+05	3.31000000e+02	4.57000000e+02	9.23000000e+02
-59	6.02263000e+05	3.36000000e+02	4.58000000e+02	9.39000000e+02
-58	6.04804000e+05	3.39000000e+02	4.59000000e+02	9.42000000e+02
-57	6.10724000e+05	3.26000000e+02	4.60000000e+02	9.43000000e+02
-56	6.20237000e+05	3.37000000e+02	4.63000000e+02	9.52000000e+02
-55	6.27544000e+05	3.48000000e+02	4.65000000e+02	9.54000000e+02
-54	6.33331000e+05	3.32000000e+02	4.66000000e+02	9.55000000e+02
-53	6.38198000e+05	3.44000000e+02	4.70000000e+02	9.61000000e+02
-52	6.42182000e+05	3.39000000e+02	4.72000000e+02	9.63000000e+02
-51	6.45966000e+05	3.39000000e+02	4.72000000e+02	9.63000000e+02
-50	6.49981000e+05	3.39000000e+02	4.75000000e+02	9.72000000e+02
-49	6.53539000e+05	3.45000000e+02	4.79000000e+02	9.78000000e+02
-48	6.57024000e+05	3.60000000e+02	4.81000000e+02	9.82000000e+02
-47	6.60471000e+05	3.60000000e+02	4.83000000e+02	9.86000000e+02
-46	6.64213000e+05	3.67000000e+02	4.87000000e+02	9.91000000e+02
-45	6.68605000e+05	3.19000000e+02	4.95000000e+02	1.00500000e+03
-44	6.73313000e+05	3.23000000e+02	5.01000000e+02	1.01300000e+03
-43	6.78430000e+05	3.23000000e+02	5.01000000e+02	1.01300000e+03
-42	6.82834000e+05	3.25000000e+02	5.04000000e+02	1.01700000e+03
-41	6.87393000e+05	3.28000000e+02	5.07000000e+02	1.02100000e+03
-40	6.92672000e+05	3.31000000e+02	5.12000000e+02	1.02600000e+03
-39	6.96985000e+05	3.34000000e+02	5.18000000e+02	1.03400000e+03
-38	7.01855000e+05	3.37000000e+02	5.25000000e+02	1.04300000e+03
-37	7.06890000e+05	3.49000000e+02	5.39000000e+02	1.06300000e+03
-36	7.12867000e+05	3.54000000e+02	5.47000000e+02	1.08300000e+03
-35	7.18905000e+05	3.54000000e+02	5.47000000e+02	1.09000000e+03
-34	7.24676000e+05	3.55000000e+02	5.48000000e+02	1.09600000e+03
-33	7.30624000e+05	3.55000000e+02	5.49000000e+02	1.09700000e+03
-32	7.36236000e+05	3.55000000e+02	5.56000000e+02	1.10800000e+03
-31	7.41591000e+05	3.56000000e+02	5.58000000e+02	1.13000000e+03
-30	7.46590000e+05	3.56000000e+02	5.61000000e+02	1.13500000e+03
-29	7.51914000e+05	3.56000000e+02	5.61000000e+02	1.13500000e+03
-28	7.56759000e+05	3.56000000e+02	5.61000000e+02	1.13500000e+03
-27	7.62001000e+05	3.56000000e+02	5.61000000e+02	1.13500000e+03
-26	7.67685000e+05	3.56000000e+02	5.61000000e+02	1.13500000e+03
-25	7.73608000e+05	3.56000000e+02	5.61000000e+02	1.13500000e+03
-24	7.79835000e+05	3.56000000e+02	5.61000000e+02	1.13500000e+03
-23	7.85596000e+05	3.56000000e+02	5.61000000e+02	1.13500000e+03
-22	7.91440000e+05	3.57000000e+02	5.62000000e+02	1.13700000e+03
-21	7.97884000e+05	3.57000000e+02	5.63000000e+02	1.14100000e+03
-20	8.04888000e+05	3.57000000e+02	5.64000000e+02	1.14200000e+03
-19	8.04888000e+05	3.58000000e+02	5.66000000e+02	1.14900000e+03
-18	8.04888000e+05	3.58000000e+02	5.66000000e+02	1.14900000e+03
-17	8.12899000e+05	3.58000000e+02	5.66000000e+02	1.14900000e+03
-16	8.20293000e+05	3.58000000e+02	5.66000000e+02	1.14900000e+03
-15	8.27935000e+05	3.58000000e+02	5.66000000e+02	1.14900000e+03
-14	8.34532000e+05	3.58000000e+02	5.66000000e+02	1.14900000e+03
-13	8.41690000e+05	3.58000000e+02	5.66000000e+02	1.14900000e+03
-12	8.49815000e+05	3.58000000e+02	5.66000000e+02	1.14900000e+03
-11	8.58793000e+05	3.59000000e+02	5.67000000e+02	1.15000000e+03
-10	8.67365000e+05	3.59000000e+02	5.67000000e+02	1.15000000e+03
-9	8.75740000e+05	3.59000000e+02	5.68000000e+02	1.15500000e+03
-8	8.84520000e+05	3.60000000e+02	5.69000000e+02	1.15600000e+03
-7	8.94278000e+05	3.60000000e+02	5.69000000e+02	1.15600000e+03
-6	9.04274000e+05	3.60000000e+02	5.70000000e+02	1.15700000e+03
-5	9.18995000e+05	3.65000000e+02	5.79000000e+02	1.17200000e+03
-4	9.31280000e+05	3.72000000e+02	5.90000000e+02	1.18900000e+03
-3	9.31280000e+05	3.74000000e+02	5.94000000e+02	1.19700000e+03
-2	9.43271000e+05	3.78000000e+02	6.00000000e+02	1.21400000e+03
-1	9.58879000e+05	3.79000000e+02	6.02000000e+02	1.21800000e+03
0	9.80097000e+05	3.79000000e+02	6.08000000e+02	1.23100000e+03
1	1.02706200e+06	3.84000000e+02	6.24000000e+02	1.29200000e+03
2	1.07296000e+06	3.90000000e+02	6.35000000e+02	1.31400000e+03
3	1.11355000e+06	3.93000000e+02	6.46000000e+02	1.35400000e+03
4	1.15527600e+06	3.97000000e+02	6.57000000e+02	1.37500000e+03
5	1.18640200e+06	3.98000000e+02	6.63000000e+02	1.40100000e+03
6	1.21382500e+06	4.02000000e+02	6.73000000e+02	1.41800000e+03
7	1.23944700e+06	4.05000000e+02	6.85000000e+02	1.44400000e+03
8	1.26040600e+06	4.06000000e+02	6.92000000e+02	1.47300000e+03
9	1.28385900e+06	4.07000000e+02	6.98000000e+02	1.49000000e+03
10	1.30721300e+06	4.11000000e+02	7.07000000e+02	1.50700000e+03
11	1.32829600e+06	4.11000000e+02	7.09000000e+02	1.51400000e+03
12	1.32829600e+06	4.11000000e+02	7.09000000e+02	1.51800000e+03
13	1.33954300e+06	4.13000000e+02	7.14000000e+02	1.52600000e+03
14	1.34966100e+06	4.15000000e+02	7.17000000e+02	1.53100000e+03
15	1.36012800e+06	4.16000000e+02	7.18000000e+02	1.53200000e+03
16	1.37256400e+06	4.16000000e+02	7.19000000e+02	1.53400000e+03
17	1.38385500e+06	4.16000000e+02	7.25000000e+02	1.54400000e+03
18	1.39287800e+06	4.16000000e+02	7.26000000e+02	1.54500000e+03
19	1.40144300e+06	4.16000000e+02	7.29000000e+02	1.55100000e+03
20	1.40938900e+06	4.16000000e+02	7.29000000e+02	1.55100000e+03
21	1.41718700e+06	4.17000000e+02	7.31000000e+02	1.56300000e+03
22	1.42542200e+06	4.17000000e+02	7.31000000e+02	1.56300000e+03
23	1.43416200e+06	4.17000000e+02	7.32000000e+02	1.56900000e+03
24	1.44242200e+06	4.17000000e+02	7.32000000e+02	1.57300000e+03
25	1.44951000e+06	4.17000000e+02	7.33000000e+02	1.57500000e+03
26	1.45525300e+06	4.18000000e+02	7.36000000e+02	1.57800000e+03
27	1.46072100e+06	4.22000000e+02	7.41000000e+02	1.58700000e+03
28	1.46639500e+06	4.27000000e+02	7.46000000e+02	1.59900000e+03
29	1.47230900e+06	4.32000000e+02	7.55000000e+02	1.61300000e+03
30	1.47936000e+06	4.39000000e+02	7.64000000e+02	1.63300000e+03
31	1.48561500e+06	4.48000000e+02	7.75000000e+02	1.65100000e+03
32	1.49129800e+06	4.56000000e+02	7.87000000e+02	1.68300000e+03
33	1.49633900e+06	4.60000000e+02	7.92000000e+02	1.68800000e+03
34	1.50100300e+06	4.61000000e+02	7.95000000e+02	1.69200000e+03
35	1.50543800e+06	4.62000000e+02	7.96000000e+02	1.69300000e+03
36	1.51007700e+06	4.65000000e+02	7.99000000e+02	1.69800000e+03
37	1.51541300e+06	4.68000000e+02	8.03000000e+02	1.70400000e+03
38	1.52055800e+06	4.74000000e+02	8.11000000e+02	1.71400000e+03
39	1.52492400e+06	4.76000000e+02	8.16000000e+02	1.72700000e+03
40	1.52876200e+06	4.84000000e+02	8.26000000e+02	1.74600000e+03
41	1.53257800e+06	4.92000000e+02	8.38000000e+02	1.76400000e+03
42	1.53604700e+06	4.96000000e+02	8.45000000e+02	1.77800000e+03
43	1.53992500e+06	4.99000000e+02	8.49000000e+02	1.78900000e+03
44	1.54459900e+06	5.00000000e+02	8.51000000e+02	1.79500000e+03
45	1.54874000e+06	5.05000000e+02	8.57000000e+02	1.80400000e+03
46	1.55248100e+06	5.05000000e+02	8.57000000e+02	1.80400000e+03
47	1.55612000e+06	5.11000000e+02	8.67000000e+02	1.84000000e+03
48	1.55950300e+06	5.13000000e+02	8.71000000e+02	1.84600000e+03
49	1.56291000e+06	5.18000000e+02	8.76000000e+02	1.85200000e+03
50	1.56645100e+06	5.19000000e+02	8.78000000e+02	1.85500000e+03
51	1.57036400e+06	5.20000000e+02	8.81000000e+02	1.86400000e+03
52	1.57456300e+06	5.24000000e+02	8.85000000e+02	1.87400000e+03
53	1.57808200e+06	5.25000000e+02	8.89000000e+02	1.88500000e+03
54	1.58081500e+06	5.28000000e+02	8.95000000e+02	1.89600000e+03
55	1.58338600e+06	5.32000000e+02	9.02000000e+02	1.90700000e+03
56	1.58613300e+06	5.34000000e+02	9.05000000e+02	1.91000000e+03
57	1.58907000e+06	5.35000000e+02	9.07000000e+02	1.91400000e+03
58	1.59213900e+06	5.37000000e+02	9.09000000e+02	1.91600000e+03
59	1.59536200e+06	5.39000000e+02	9.11000000e+02	1.91800000e+03
60	1.59781800e+06	5.39000000e+02	9.12000000e+02	1.91900000e+03
61	1.60036500e+06	5.40000000e+02	9.14000000e+02	1.92800000e+03
62	1.60276900e+06	5.40000000e+02	9.14000000e+02	1.93600000e+03
63	1.60539200e+06	5.40000000e+02	9.14000000e+02	1.94400000e+03
64	1.60820100e+06	5.42000000e+02	9.16000000e+02	1.94600000e+03
65	1.61144200e+06	5.43000000e+02	9.18000000e+02	1.95400000e+03
66	1.61448500e+06	5.47000000e+02	9.25000000e+02	1.96800000e+03
67	1.61708600e+06	5.48000000e+02	9.26000000e+02	1.97200000e+03
68	1.61951100e+06	5.49000000e+02	9.28000000e+02	1.97400000e+03
69	1.62209800e+06	5.50000000e+02	9.29000000e+02	1.97800000e+03
70	1.62487200e+06	5.51000000e+02	9.30000000e+02	1.97900000e+03
71	1.62818100e+06	5.54000000e+02	9.34000000e+02	1.98300000e+03
72	1.63183100e+06	5.61000000e+02	9.42000000e+02	1.99100000e+03
73	1.63565300e+06	5.70000000e+02	9.52000000e+02	2.00700000e+03
74	1.63852200e+06	5.71000000e+02	9.53000000e+02	2.00800000e+03
75	1.64124200e+06	5.76000000e+02	9.59000000e+02	2.01800000e+03
76	1.64398200e+06	5.80000000e+02	9.64000000e+02	2.03200000e+03
77	1.64658300e+06	5.82000000e+02	9.67000000e+02	2.03900000e+03
78	1.64952400e+06	5.88000000e+02	9.73000000e+02	2.05200000e+03
79	1.65284700e+06	5.93000000e+02	9.80000000e+02	2.06100000e+03
80	1.65624800e+06	5.96000000e+02	9.85000000e+02	2.07200000e+03
81	1.65917200e+06	5.98000000e+02	9.87000000e+02	2.07400000e+03
82	1.66185200e+06	6.00000000e+02	9.89000000e+02	2.08000000e+03
83	1.66429200e+06	6.02000000e+02	9.91000000e+02	2.08400000e+03
84	1.66685500e+06	6.02000000e+02	9.91000000e+02	2.08400000e+03
85	1.66947700e+06	6.02000000e+02	9.91000000e+02	2.08400000e+03
86	1.67272600e+06	6.06000000e+02	9.96000000e+02	2.09300000e+03
87	1.67565800e+06	6.10000000e+02	1.00100000e+03	2.09900000e+03
88	1.67829600e+06	6.12000000e+02	1.00300000e+03	2.10100000e+03
89	1.68066200e+06	6.13000000e+02	1.00400000e+03	2.10200000e+03
90	1.68311200e+06	6.15000000e+02	1.00700000e+03	2.10600000e+03
91	1.68511100e+06	6.16000000e+02	1.00800000e+03	2.10700000e+03
92	1.68731900e+06	6.19000000e+02	1.01200000e+03	2.11100000e+03
93	1.69014800e+06	6.19000000e+02	1.01200000e+03	2.11100000e+03
94	1.69299200e+06	6.19000000e+02	1.01200000e+03	2.11100000e+03
95	1.69525300e+06	6.19000000e+02	1.01300000e+03	2.11200000e+03
96	1.69703500e+06	6.20000000e+02	1.01400000e+03	2.11300000e+03
97	1.69877400e+06	6.21000000e+02	1.01600000e+03	2.11600000e+03
98	1.70100900e+06	6.21000000e+02	1.01600000e+03	2.11600000e+03
99	1.70350800e+06	6.21000000e+02	1.01600000e+03	2.11600000e+03
100	1.70630200e+06	6.21000000e+02	1.01700000e+03	2.11700000e+03
