Day_(movie_time)	Views	Users	Rigor	Edits
-500	0.00000000e+00	0.00000000e+00	0.00000000e+00	0.00000000e+00
-499	0.00000000e+00	0.00000000e+00	0.00000000e+00	0.00000000e+00
-498	0.00000000e+00	0.00000000e+00	0.00000000e+00	0.00000000e+00
-497	0.00000000e+00	0.00000000e+00	0.00000000e+00	0.00000000e+00
-496	0.00000000e+00	0.00000000e+00	0.00000000e+00	0.00000000e+00
-495	0.00000000e+00	0.00000000e+00	0.00000000e+00	0.00000000e+00
-494	0.00000000e+00	0.00000000e+00	0.00000000e+00	0.00000000e+00
-493	0.00000000e+00	0.00000000e+00	0.00000000e+00	0.00000000e+00
-492	0.00000000e+00	0.00000000e+00	0.00000000e+00	0.00000000e+00
-491	0.00000000e+00	0.00000000e+00	0.00000000e+00	0.00000000e+00
-490	0.00000000e+00	0.00000000e+00	0.00000000e+00	0.00000000e+00
-489	0.00000000e+00	0.00000000e+00	0.00000000e+00	0.00000000e+00
-488	0.00000000e+00	0.00000000e+00	0.00000000e+00	0.00000000e+00
-487	0.00000000e+00	0.00000000e+00	0.00000000e+00	0.00000000e+00
-486	0.00000000e+00	0.00000000e+00	0.00000000e+00	0.00000000e+00
-485	0.00000000e+00	0.00000000e+00	0.00000000e+00	0.00000000e+00
-484	0.00000000e+00	0.00000000e+00	0.00000000e+00	0.00000000e+00
-483	0.00000000e+00	0.00000000e+00	0.00000000e+00	0.00000000e+00
-482	0.00000000e+00	0.00000000e+00	0.00000000e+00	0.00000000e+00
-481	0.00000000e+00	0.00000000e+00	0.00000000e+00	0.00000000e+00
-480	0.00000000e+00	0.00000000e+00	0.00000000e+00	0.00000000e+00
-479	0.00000000e+00	0.00000000e+00	0.00000000e+00	0.00000000e+00
-478	0.00000000e+00	0.00000000e+00	0.00000000e+00	0.00000000e+00
-477	0.00000000e+00	0.00000000e+00	0.00000000e+00	0.00000000e+00
-476	0.00000000e+00	0.00000000e+00	0.00000000e+00	0.00000000e+00
-475	0.00000000e+00	0.00000000e+00	0.00000000e+00	0.00000000e+00
-474	0.00000000e+00	0.00000000e+00	0.00000000e+00	0.00000000e+00
-473	0.00000000e+00	0.00000000e+00	0.00000000e+00	0.00000000e+00
-472	0.00000000e+00	0.00000000e+00	0.00000000e+00	0.00000000e+00
-471	0.00000000e+00	0.00000000e+00	0.00000000e+00	0.00000000e+00
-470	0.00000000e+00	0.00000000e+00	0.00000000e+00	0.00000000e+00
-469	0.00000000e+00	0.00000000e+00	0.00000000e+00	0.00000000e+00
-468	0.00000000e+00	0.00000000e+00	0.00000000e+00	0.00000000e+00
-467	0.00000000e+00	0.00000000e+00	0.00000000e+00	0.00000000e+00
-466	0.00000000e+00	0.00000000e+00	0.00000000e+00	0.00000000e+00
-465	0.00000000e+00	0.00000000e+00	0.00000000e+00	0.00000000e+00
-464	0.00000000e+00	0.00000000e+00	0.00000000e+00	0.00000000e+00
-463	0.00000000e+00	0.00000000e+00	0.00000000e+00	0.00000000e+00
-462	0.00000000e+00	0.00000000e+00	0.00000000e+00	0.00000000e+00
-461	0.00000000e+00	0.00000000e+00	0.00000000e+00	0.00000000e+00
-460	0.00000000e+00	0.00000000e+00	0.00000000e+00	0.00000000e+00
-459	0.00000000e+00	0.00000000e+00	0.00000000e+00	0.00000000e+00
-458	0.00000000e+00	0.00000000e+00	0.00000000e+00	0.00000000e+00
-457	0.00000000e+00	0.00000000e+00	0.00000000e+00	0.00000000e+00
-456	0.00000000e+00	0.00000000e+00	0.00000000e+00	0.00000000e+00
-455	0.00000000e+00	0.00000000e+00	0.00000000e+00	0.00000000e+00
-454	0.00000000e+00	0.00000000e+00	0.00000000e+00	0.00000000e+00
-453	0.00000000e+00	0.00000000e+00	0.00000000e+00	0.00000000e+00
-452	0.00000000e+00	0.00000000e+00	0.00000000e+00	0.00000000e+00
-451	0.00000000e+00	0.00000000e+00	0.00000000e+00	0.00000000e+00
-450	0.00000000e+00	0.00000000e+00	0.00000000e+00	0.00000000e+00
-449	0.00000000e+00	0.00000000e+00	0.00000000e+00	0.00000000e+00
-448	0.00000000e+00	0.00000000e+00	0.00000000e+00	0.00000000e+00
-447	0.00000000e+00	0.00000000e+00	0.00000000e+00	0.00000000e+00
-446	0.00000000e+00	0.00000000e+00	0.00000000e+00	0.00000000e+00
-445	0.00000000e+00	0.00000000e+00	0.00000000e+00	0.00000000e+00
-444	0.00000000e+00	0.00000000e+00	0.00000000e+00	0.00000000e+00
-443	0.00000000e+00	0.00000000e+00	0.00000000e+00	0.00000000e+00
-442	0.00000000e+00	0.00000000e+00	0.00000000e+00	0.00000000e+00
-441	0.00000000e+00	0.00000000e+00	0.00000000e+00	0.00000000e+00
-440	0.00000000e+00	0.00000000e+00	0.00000000e+00	0.00000000e+00
-439	0.00000000e+00	0.00000000e+00	0.00000000e+00	0.00000000e+00
-438	0.00000000e+00	0.00000000e+00	0.00000000e+00	0.00000000e+00
-437	0.00000000e+00	0.00000000e+00	0.00000000e+00	0.00000000e+00
-436	0.00000000e+00	0.00000000e+00	0.00000000e+00	0.00000000e+00
-435	0.00000000e+00	0.00000000e+00	0.00000000e+00	0.00000000e+00
-434	0.00000000e+00	0.00000000e+00	0.00000000e+00	0.00000000e+00
-433	0.00000000e+00	0.00000000e+00	0.00000000e+00	0.00000000e+00
-432	0.00000000e+00	0.00000000e+00	0.00000000e+00	0.00000000e+00
-431	0.00000000e+00	0.00000000e+00	0.00000000e+00	0.00000000e+00
-430	0.00000000e+00	0.00000000e+00	0.00000000e+00	0.00000000e+00
-429	0.00000000e+00	0.00000000e+00	0.00000000e+00	0.00000000e+00
-428	0.00000000e+00	0.00000000e+00	0.00000000e+00	0.00000000e+00
-427	0.00000000e+00	0.00000000e+00	0.00000000e+00	0.00000000e+00
-426	0.00000000e+00	0.00000000e+00	0.00000000e+00	0.00000000e+00
-425	0.00000000e+00	0.00000000e+00	0.00000000e+00	0.00000000e+00
-424	0.00000000e+00	0.00000000e+00	0.00000000e+00	0.00000000e+00
-423	0.00000000e+00	0.00000000e+00	0.00000000e+00	0.00000000e+00
-422	0.00000000e+00	0.00000000e+00	0.00000000e+00	0.00000000e+00
-421	0.00000000e+00	0.00000000e+00	0.00000000e+00	0.00000000e+00
-420	0.00000000e+00	0.00000000e+00	0.00000000e+00	0.00000000e+00
-419	0.00000000e+00	0.00000000e+00	0.00000000e+00	0.00000000e+00
-418	0.00000000e+00	0.00000000e+00	0.00000000e+00	0.00000000e+00
-417	0.00000000e+00	0.00000000e+00	0.00000000e+00	0.00000000e+00
-416	0.00000000e+00	0.00000000e+00	0.00000000e+00	0.00000000e+00
-415	0.00000000e+00	0.00000000e+00	0.00000000e+00	0.00000000e+00
-414	0.00000000e+00	0.00000000e+00	0.00000000e+00	0.00000000e+00
-413	0.00000000e+00	0.00000000e+00	0.00000000e+00	0.00000000e+00
-412	0.00000000e+00	0.00000000e+00	0.00000000e+00	0.00000000e+00
-411	0.00000000e+00	0.00000000e+00	0.00000000e+00	0.00000000e+00
-410	0.00000000e+00	0.00000000e+00	0.00000000e+00	0.00000000e+00
-409	0.00000000e+00	0.00000000e+00	0.00000000e+00	0.00000000e+00
-408	0.00000000e+00	0.00000000e+00	0.00000000e+00	0.00000000e+00
-407	0.00000000e+00	0.00000000e+00	0.00000000e+00	0.00000000e+00
-406	0.00000000e+00	0.00000000e+00	0.00000000e+00	0.00000000e+00
-405	0.00000000e+00	0.00000000e+00	0.00000000e+00	0.00000000e+00
-404	0.00000000e+00	0.00000000e+00	0.00000000e+00	0.00000000e+00
-403	0.00000000e+00	0.00000000e+00	0.00000000e+00	0.00000000e+00
-402	0.00000000e+00	0.00000000e+00	0.00000000e+00	0.00000000e+00
-401	0.00000000e+00	0.00000000e+00	0.00000000e+00	0.00000000e+00
-400	0.00000000e+00	0.00000000e+00	0.00000000e+00	0.00000000e+00
-399	0.00000000e+00	0.00000000e+00	0.00000000e+00	0.00000000e+00
-398	0.00000000e+00	0.00000000e+00	0.00000000e+00	0.00000000e+00
-397	0.00000000e+00	0.00000000e+00	0.00000000e+00	0.00000000e+00
-396	0.00000000e+00	0.00000000e+00	0.00000000e+00	0.00000000e+00
-395	0.00000000e+00	0.00000000e+00	0.00000000e+00	0.00000000e+00
-394	0.00000000e+00	0.00000000e+00	0.00000000e+00	0.00000000e+00
-393	0.00000000e+00	0.00000000e+00	0.00000000e+00	0.00000000e+00
-392	0.00000000e+00	0.00000000e+00	0.00000000e+00	0.00000000e+00
-391	0.00000000e+00	0.00000000e+00	0.00000000e+00	0.00000000e+00
-390	0.00000000e+00	0.00000000e+00	0.00000000e+00	0.00000000e+00
-389	0.00000000e+00	0.00000000e+00	0.00000000e+00	0.00000000e+00
-388	0.00000000e+00	0.00000000e+00	0.00000000e+00	0.00000000e+00
-387	0.00000000e+00	0.00000000e+00	0.00000000e+00	0.00000000e+00
-386	0.00000000e+00	0.00000000e+00	0.00000000e+00	0.00000000e+00
-385	0.00000000e+00	0.00000000e+00	0.00000000e+00	0.00000000e+00
-384	0.00000000e+00	0.00000000e+00	0.00000000e+00	0.00000000e+00
-383	0.00000000e+00	0.00000000e+00	0.00000000e+00	0.00000000e+00
-382	0.00000000e+00	0.00000000e+00	0.00000000e+00	0.00000000e+00
-381	0.00000000e+00	0.00000000e+00	0.00000000e+00	0.00000000e+00
-380	0.00000000e+00	0.00000000e+00	0.00000000e+00	0.00000000e+00
-379	0.00000000e+00	0.00000000e+00	0.00000000e+00	0.00000000e+00
-378	0.00000000e+00	0.00000000e+00	0.00000000e+00	0.00000000e+00
-377	0.00000000e+00	0.00000000e+00	0.00000000e+00	0.00000000e+00
-376	0.00000000e+00	0.00000000e+00	0.00000000e+00	0.00000000e+00
-375	0.00000000e+00	0.00000000e+00	0.00000000e+00	0.00000000e+00
-374	0.00000000e+00	0.00000000e+00	0.00000000e+00	0.00000000e+00
-373	0.00000000e+00	0.00000000e+00	0.00000000e+00	0.00000000e+00
-372	0.00000000e+00	0.00000000e+00	0.00000000e+00	0.00000000e+00
-371	0.00000000e+00	0.00000000e+00	0.00000000e+00	0.00000000e+00
-370	0.00000000e+00	0.00000000e+00	0.00000000e+00	0.00000000e+00
-369	0.00000000e+00	0.00000000e+00	0.00000000e+00	0.00000000e+00
-368	0.00000000e+00	0.00000000e+00	0.00000000e+00	0.00000000e+00
-367	0.00000000e+00	0.00000000e+00	0.00000000e+00	0.00000000e+00
-366	0.00000000e+00	0.00000000e+00	0.00000000e+00	0.00000000e+00
-365	0.00000000e+00	0.00000000e+00	0.00000000e+00	0.00000000e+00
-364	0.00000000e+00	0.00000000e+00	0.00000000e+00	0.00000000e+00
-363	0.00000000e+00	0.00000000e+00	0.00000000e+00	0.00000000e+00
-362	0.00000000e+00	0.00000000e+00	0.00000000e+00	0.00000000e+00
-361	0.00000000e+00	0.00000000e+00	0.00000000e+00	0.00000000e+00
-360	0.00000000e+00	0.00000000e+00	0.00000000e+00	0.00000000e+00
-359	0.00000000e+00	0.00000000e+00	0.00000000e+00	0.00000000e+00
-358	0.00000000e+00	0.00000000e+00	0.00000000e+00	0.00000000e+00
-357	0.00000000e+00	0.00000000e+00	0.00000000e+00	0.00000000e+00
-356	0.00000000e+00	0.00000000e+00	0.00000000e+00	0.00000000e+00
-355	0.00000000e+00	0.00000000e+00	0.00000000e+00	0.00000000e+00
-354	0.00000000e+00	0.00000000e+00	0.00000000e+00	0.00000000e+00
-353	0.00000000e+00	0.00000000e+00	0.00000000e+00	0.00000000e+00
-352	0.00000000e+00	0.00000000e+00	0.00000000e+00	0.00000000e+00
-351	0.00000000e+00	0.00000000e+00	0.00000000e+00	0.00000000e+00
-350	0.00000000e+00	0.00000000e+00	0.00000000e+00	0.00000000e+00
-349	0.00000000e+00	0.00000000e+00	0.00000000e+00	0.00000000e+00
-348	0.00000000e+00	0.00000000e+00	0.00000000e+00	0.00000000e+00
-347	0.00000000e+00	0.00000000e+00	0.00000000e+00	0.00000000e+00
-346	0.00000000e+00	0.00000000e+00	0.00000000e+00	0.00000000e+00
-345	0.00000000e+00	0.00000000e+00	0.00000000e+00	0.00000000e+00
-344	0.00000000e+00	0.00000000e+00	0.00000000e+00	0.00000000e+00
-343	0.00000000e+00	0.00000000e+00	0.00000000e+00	0.00000000e+00
-342	0.00000000e+00	0.00000000e+00	0.00000000e+00	0.00000000e+00
-341	0.00000000e+00	0.00000000e+00	0.00000000e+00	0.00000000e+00
-340	0.00000000e+00	0.00000000e+00	0.00000000e+00	0.00000000e+00
-339	0.00000000e+00	0.00000000e+00	0.00000000e+00	0.00000000e+00
-338	0.00000000e+00	0.00000000e+00	0.00000000e+00	0.00000000e+00
-337	0.00000000e+00	0.00000000e+00	0.00000000e+00	0.00000000e+00
-336	0.00000000e+00	0.00000000e+00	0.00000000e+00	0.00000000e+00
-335	0.00000000e+00	0.00000000e+00	0.00000000e+00	0.00000000e+00
-334	0.00000000e+00	0.00000000e+00	0.00000000e+00	0.00000000e+00
-333	0.00000000e+00	0.00000000e+00	0.00000000e+00	0.00000000e+00
-332	0.00000000e+00	0.00000000e+00	0.00000000e+00	0.00000000e+00
-331	0.00000000e+00	0.00000000e+00	0.00000000e+00	0.00000000e+00
-330	0.00000000e+00	0.00000000e+00	0.00000000e+00	0.00000000e+00
-329	0.00000000e+00	0.00000000e+00	0.00000000e+00	0.00000000e+00
-328	0.00000000e+00	0.00000000e+00	0.00000000e+00	0.00000000e+00
-327	0.00000000e+00	0.00000000e+00	0.00000000e+00	0.00000000e+00
-326	0.00000000e+00	0.00000000e+00	0.00000000e+00	0.00000000e+00
-325	0.00000000e+00	0.00000000e+00	0.00000000e+00	0.00000000e+00
-324	0.00000000e+00	0.00000000e+00	0.00000000e+00	0.00000000e+00
-323	0.00000000e+00	0.00000000e+00	0.00000000e+00	0.00000000e+00
-322	0.00000000e+00	0.00000000e+00	0.00000000e+00	0.00000000e+00
-321	0.00000000e+00	0.00000000e+00	0.00000000e+00	0.00000000e+00
-320	0.00000000e+00	0.00000000e+00	0.00000000e+00	0.00000000e+00
-319	0.00000000e+00	0.00000000e+00	0.00000000e+00	0.00000000e+00
-318	0.00000000e+00	0.00000000e+00	0.00000000e+00	0.00000000e+00
-317	0.00000000e+00	0.00000000e+00	0.00000000e+00	0.00000000e+00
-316	0.00000000e+00	0.00000000e+00	0.00000000e+00	0.00000000e+00
-315	0.00000000e+00	0.00000000e+00	0.00000000e+00	0.00000000e+00
-314	0.00000000e+00	0.00000000e+00	0.00000000e+00	0.00000000e+00
-313	0.00000000e+00	0.00000000e+00	0.00000000e+00	0.00000000e+00
-312	0.00000000e+00	0.00000000e+00	0.00000000e+00	0.00000000e+00
-311	0.00000000e+00	0.00000000e+00	0.00000000e+00	0.00000000e+00
-310	0.00000000e+00	0.00000000e+00	0.00000000e+00	0.00000000e+00
-309	0.00000000e+00	0.00000000e+00	0.00000000e+00	0.00000000e+00
-308	0.00000000e+00	0.00000000e+00	0.00000000e+00	0.00000000e+00
-307	0.00000000e+00	0.00000000e+00	0.00000000e+00	0.00000000e+00
-306	0.00000000e+00	0.00000000e+00	0.00000000e+00	0.00000000e+00
-305	0.00000000e+00	0.00000000e+00	0.00000000e+00	0.00000000e+00
-304	0.00000000e+00	0.00000000e+00	0.00000000e+00	0.00000000e+00
-303	0.00000000e+00	0.00000000e+00	0.00000000e+00	0.00000000e+00
-302	0.00000000e+00	0.00000000e+00	0.00000000e+00	0.00000000e+00
-301	0.00000000e+00	0.00000000e+00	0.00000000e+00	0.00000000e+00
-300	0.00000000e+00	0.00000000e+00	0.00000000e+00	0.00000000e+00
-299	0.00000000e+00	0.00000000e+00	0.00000000e+00	0.00000000e+00
-298	0.00000000e+00	0.00000000e+00	0.00000000e+00	0.00000000e+00
-297	0.00000000e+00	0.00000000e+00	0.00000000e+00	0.00000000e+00
-296	0.00000000e+00	0.00000000e+00	0.00000000e+00	0.00000000e+00
-295	0.00000000e+00	0.00000000e+00	0.00000000e+00	0.00000000e+00
-294	0.00000000e+00	0.00000000e+00	0.00000000e+00	0.00000000e+00
-293	0.00000000e+00	0.00000000e+00	0.00000000e+00	0.00000000e+00
-292	0.00000000e+00	0.00000000e+00	0.00000000e+00	0.00000000e+00
-291	0.00000000e+00	0.00000000e+00	0.00000000e+00	0.00000000e+00
-290	0.00000000e+00	0.00000000e+00	0.00000000e+00	0.00000000e+00
-289	0.00000000e+00	0.00000000e+00	0.00000000e+00	0.00000000e+00
-288	0.00000000e+00	0.00000000e+00	0.00000000e+00	0.00000000e+00
-287	0.00000000e+00	0.00000000e+00	0.00000000e+00	0.00000000e+00
-286	0.00000000e+00	0.00000000e+00	0.00000000e+00	0.00000000e+00
-285	0.00000000e+00	0.00000000e+00	0.00000000e+00	0.00000000e+00
-284	0.00000000e+00	0.00000000e+00	0.00000000e+00	0.00000000e+00
-283	0.00000000e+00	0.00000000e+00	0.00000000e+00	0.00000000e+00
-282	0.00000000e+00	0.00000000e+00	0.00000000e+00	0.00000000e+00
-281	0.00000000e+00	0.00000000e+00	0.00000000e+00	0.00000000e+00
-280	0.00000000e+00	0.00000000e+00	0.00000000e+00	0.00000000e+00
-279	0.00000000e+00	0.00000000e+00	0.00000000e+00	0.00000000e+00
-278	0.00000000e+00	0.00000000e+00	0.00000000e+00	0.00000000e+00
-277	0.00000000e+00	0.00000000e+00	0.00000000e+00	0.00000000e+00
-276	0.00000000e+00	0.00000000e+00	0.00000000e+00	0.00000000e+00
-275	0.00000000e+00	0.00000000e+00	0.00000000e+00	0.00000000e+00
-274	0.00000000e+00	0.00000000e+00	0.00000000e+00	0.00000000e+00
-273	0.00000000e+00	0.00000000e+00	0.00000000e+00	0.00000000e+00
-272	0.00000000e+00	0.00000000e+00	0.00000000e+00	0.00000000e+00
-271	0.00000000e+00	0.00000000e+00	0.00000000e+00	0.00000000e+00
-270	0.00000000e+00	0.00000000e+00	0.00000000e+00	0.00000000e+00
-269	0.00000000e+00	0.00000000e+00	0.00000000e+00	0.00000000e+00
-268	0.00000000e+00	0.00000000e+00	0.00000000e+00	0.00000000e+00
-267	0.00000000e+00	0.00000000e+00	0.00000000e+00	0.00000000e+00
-266	0.00000000e+00	0.00000000e+00	0.00000000e+00	0.00000000e+00
-265	0.00000000e+00	0.00000000e+00	0.00000000e+00	0.00000000e+00
-264	0.00000000e+00	0.00000000e+00	0.00000000e+00	0.00000000e+00
-263	0.00000000e+00	0.00000000e+00	0.00000000e+00	0.00000000e+00
-262	0.00000000e+00	0.00000000e+00	0.00000000e+00	0.00000000e+00
-261	0.00000000e+00	0.00000000e+00	0.00000000e+00	0.00000000e+00
-260	0.00000000e+00	0.00000000e+00	0.00000000e+00	0.00000000e+00
-259	0.00000000e+00	0.00000000e+00	0.00000000e+00	0.00000000e+00
-258	0.00000000e+00	0.00000000e+00	0.00000000e+00	0.00000000e+00
-257	0.00000000e+00	0.00000000e+00	0.00000000e+00	0.00000000e+00
-256	0.00000000e+00	0.00000000e+00	0.00000000e+00	0.00000000e+00
-255	0.00000000e+00	0.00000000e+00	0.00000000e+00	0.00000000e+00
-254	0.00000000e+00	0.00000000e+00	0.00000000e+00	0.00000000e+00
-253	0.00000000e+00	0.00000000e+00	0.00000000e+00	0.00000000e+00
-252	0.00000000e+00	0.00000000e+00	0.00000000e+00	0.00000000e+00
-251	0.00000000e+00	0.00000000e+00	0.00000000e+00	0.00000000e+00
-250	0.00000000e+00	0.00000000e+00	0.00000000e+00	0.00000000e+00
-249	0.00000000e+00	0.00000000e+00	0.00000000e+00	0.00000000e+00
-248	0.00000000e+00	0.00000000e+00	0.00000000e+00	0.00000000e+00
-247	0.00000000e+00	0.00000000e+00	0.00000000e+00	0.00000000e+00
-246	0.00000000e+00	0.00000000e+00	0.00000000e+00	0.00000000e+00
-245	0.00000000e+00	0.00000000e+00	0.00000000e+00	0.00000000e+00
-244	0.00000000e+00	0.00000000e+00	0.00000000e+00	0.00000000e+00
-243	0.00000000e+00	0.00000000e+00	0.00000000e+00	0.00000000e+00
-242	0.00000000e+00	0.00000000e+00	0.00000000e+00	0.00000000e+00
-241	0.00000000e+00	0.00000000e+00	0.00000000e+00	0.00000000e+00
-240	0.00000000e+00	0.00000000e+00	0.00000000e+00	0.00000000e+00
-239	0.00000000e+00	0.00000000e+00	0.00000000e+00	0.00000000e+00
-238	0.00000000e+00	0.00000000e+00	0.00000000e+00	0.00000000e+00
-237	0.00000000e+00	0.00000000e+00	0.00000000e+00	0.00000000e+00
-236	0.00000000e+00	0.00000000e+00	0.00000000e+00	0.00000000e+00
-235	0.00000000e+00	0.00000000e+00	0.00000000e+00	0.00000000e+00
-234	0.00000000e+00	0.00000000e+00	0.00000000e+00	0.00000000e+00
-233	0.00000000e+00	0.00000000e+00	0.00000000e+00	0.00000000e+00
-232	0.00000000e+00	0.00000000e+00	0.00000000e+00	0.00000000e+00
-231	0.00000000e+00	0.00000000e+00	0.00000000e+00	0.00000000e+00
-230	0.00000000e+00	0.00000000e+00	0.00000000e+00	0.00000000e+00
-229	0.00000000e+00	0.00000000e+00	0.00000000e+00	0.00000000e+00
-228	0.00000000e+00	0.00000000e+00	0.00000000e+00	0.00000000e+00
-227	0.00000000e+00	0.00000000e+00	0.00000000e+00	0.00000000e+00
-226	0.00000000e+00	0.00000000e+00	0.00000000e+00	0.00000000e+00
-225	0.00000000e+00	0.00000000e+00	0.00000000e+00	0.00000000e+00
-224	0.00000000e+00	0.00000000e+00	0.00000000e+00	0.00000000e+00
-223	0.00000000e+00	0.00000000e+00	0.00000000e+00	0.00000000e+00
-222	0.00000000e+00	0.00000000e+00	0.00000000e+00	0.00000000e+00
-221	0.00000000e+00	0.00000000e+00	0.00000000e+00	0.00000000e+00
-220	0.00000000e+00	0.00000000e+00	0.00000000e+00	0.00000000e+00
-219	0.00000000e+00	0.00000000e+00	0.00000000e+00	0.00000000e+00
-218	0.00000000e+00	0.00000000e+00	0.00000000e+00	0.00000000e+00
-217	0.00000000e+00	0.00000000e+00	0.00000000e+00	0.00000000e+00
-216	0.00000000e+00	0.00000000e+00	0.00000000e+00	0.00000000e+00
-215	0.00000000e+00	0.00000000e+00	0.00000000e+00	0.00000000e+00
-214	0.00000000e+00	0.00000000e+00	0.00000000e+00	0.00000000e+00
-213	0.00000000e+00	0.00000000e+00	0.00000000e+00	0.00000000e+00
-212	0.00000000e+00	0.00000000e+00	0.00000000e+00	0.00000000e+00
-211	0.00000000e+00	0.00000000e+00	0.00000000e+00	0.00000000e+00
-210	0.00000000e+00	0.00000000e+00	0.00000000e+00	0.00000000e+00
-209	0.00000000e+00	0.00000000e+00	0.00000000e+00	0.00000000e+00
-208	0.00000000e+00	0.00000000e+00	0.00000000e+00	0.00000000e+00
-207	0.00000000e+00	0.00000000e+00	0.00000000e+00	0.00000000e+00
-206	0.00000000e+00	0.00000000e+00	0.00000000e+00	0.00000000e+00
-205	0.00000000e+00	0.00000000e+00	0.00000000e+00	0.00000000e+00
-204	0.00000000e+00	0.00000000e+00	0.00000000e+00	0.00000000e+00
-203	0.00000000e+00	0.00000000e+00	0.00000000e+00	0.00000000e+00
-202	0.00000000e+00	0.00000000e+00	0.00000000e+00	0.00000000e+00
-201	0.00000000e+00	0.00000000e+00	0.00000000e+00	0.00000000e+00
-200	0.00000000e+00	0.00000000e+00	0.00000000e+00	0.00000000e+00
-199	0.00000000e+00	0.00000000e+00	0.00000000e+00	0.00000000e+00
-198	0.00000000e+00	0.00000000e+00	0.00000000e+00	0.00000000e+00
-197	0.00000000e+00	0.00000000e+00	0.00000000e+00	0.00000000e+00
-196	0.00000000e+00	0.00000000e+00	0.00000000e+00	0.00000000e+00
-195	0.00000000e+00	0.00000000e+00	0.00000000e+00	0.00000000e+00
-194	0.00000000e+00	0.00000000e+00	0.00000000e+00	0.00000000e+00
-193	0.00000000e+00	0.00000000e+00	0.00000000e+00	0.00000000e+00
-192	0.00000000e+00	0.00000000e+00	0.00000000e+00	0.00000000e+00
-191	0.00000000e+00	0.00000000e+00	0.00000000e+00	0.00000000e+00
-190	0.00000000e+00	0.00000000e+00	0.00000000e+00	0.00000000e+00
-189	0.00000000e+00	0.00000000e+00	0.00000000e+00	0.00000000e+00
-188	0.00000000e+00	0.00000000e+00	0.00000000e+00	0.00000000e+00
-187	0.00000000e+00	0.00000000e+00	0.00000000e+00	0.00000000e+00
-186	0.00000000e+00	0.00000000e+00	0.00000000e+00	0.00000000e+00
-185	0.00000000e+00	0.00000000e+00	0.00000000e+00	0.00000000e+00
-184	0.00000000e+00	0.00000000e+00	0.00000000e+00	0.00000000e+00
-183	0.00000000e+00	0.00000000e+00	0.00000000e+00	0.00000000e+00
-182	0.00000000e+00	0.00000000e+00	0.00000000e+00	0.00000000e+00
-181	0.00000000e+00	0.00000000e+00	0.00000000e+00	0.00000000e+00
-180	0.00000000e+00	0.00000000e+00	0.00000000e+00	0.00000000e+00
-179	0.00000000e+00	0.00000000e+00	0.00000000e+00	0.00000000e+00
-178	0.00000000e+00	0.00000000e+00	0.00000000e+00	0.00000000e+00
-177	0.00000000e+00	0.00000000e+00	0.00000000e+00	0.00000000e+00
-176	0.00000000e+00	0.00000000e+00	0.00000000e+00	0.00000000e+00
-175	0.00000000e+00	0.00000000e+00	0.00000000e+00	0.00000000e+00
-174	0.00000000e+00	0.00000000e+00	0.00000000e+00	0.00000000e+00
-173	0.00000000e+00	0.00000000e+00	0.00000000e+00	0.00000000e+00
-172	0.00000000e+00	0.00000000e+00	0.00000000e+00	0.00000000e+00
-171	0.00000000e+00	0.00000000e+00	0.00000000e+00	0.00000000e+00
-170	0.00000000e+00	0.00000000e+00	0.00000000e+00	0.00000000e+00
-169	0.00000000e+00	0.00000000e+00	0.00000000e+00	0.00000000e+00
-168	0.00000000e+00	0.00000000e+00	0.00000000e+00	0.00000000e+00
-167	0.00000000e+00	0.00000000e+00	0.00000000e+00	0.00000000e+00
-166	0.00000000e+00	0.00000000e+00	0.00000000e+00	0.00000000e+00
-165	0.00000000e+00	0.00000000e+00	0.00000000e+00	0.00000000e+00
-164	0.00000000e+00	0.00000000e+00	0.00000000e+00	0.00000000e+00
-163	0.00000000e+00	0.00000000e+00	0.00000000e+00	0.00000000e+00
-162	0.00000000e+00	0.00000000e+00	0.00000000e+00	0.00000000e+00
-161	0.00000000e+00	0.00000000e+00	0.00000000e+00	0.00000000e+00
-160	0.00000000e+00	0.00000000e+00	0.00000000e+00	0.00000000e+00
-159	0.00000000e+00	0.00000000e+00	0.00000000e+00	0.00000000e+00
-158	0.00000000e+00	0.00000000e+00	0.00000000e+00	0.00000000e+00
-157	0.00000000e+00	0.00000000e+00	0.00000000e+00	0.00000000e+00
-156	0.00000000e+00	0.00000000e+00	0.00000000e+00	0.00000000e+00
-155	0.00000000e+00	0.00000000e+00	0.00000000e+00	0.00000000e+00
-154	0.00000000e+00	0.00000000e+00	0.00000000e+00	0.00000000e+00
-153	0.00000000e+00	0.00000000e+00	0.00000000e+00	0.00000000e+00
-152	0.00000000e+00	0.00000000e+00	0.00000000e+00	0.00000000e+00
-151	0.00000000e+00	0.00000000e+00	0.00000000e+00	0.00000000e+00
-150	0.00000000e+00	0.00000000e+00	0.00000000e+00	0.00000000e+00
-149	0.00000000e+00	0.00000000e+00	0.00000000e+00	0.00000000e+00
-148	0.00000000e+00	0.00000000e+00	0.00000000e+00	0.00000000e+00
-147	0.00000000e+00	0.00000000e+00	0.00000000e+00	0.00000000e+00
-146	0.00000000e+00	0.00000000e+00	0.00000000e+00	0.00000000e+00
-145	0.00000000e+00	0.00000000e+00	0.00000000e+00	0.00000000e+00
-144	0.00000000e+00	0.00000000e+00	0.00000000e+00	0.00000000e+00
-143	0.00000000e+00	0.00000000e+00	0.00000000e+00	0.00000000e+00
-142	0.00000000e+00	0.00000000e+00	0.00000000e+00	0.00000000e+00
-141	0.00000000e+00	1.00000000e+00	1.00000000e+00	1.20000000e+01
-140	2.70000000e+01	1.00000000e+00	1.00000000e+00	1.20000000e+01
-139	3.20000000e+01	1.00000000e+00	1.00000000e+00	1.20000000e+01
-138	4.00000000e+01	1.00000000e+00	1.00000000e+00	1.20000000e+01
-137	4.40000000e+01	1.00000000e+00	1.00000000e+00	1.20000000e+01
-136	5.00000000e+01	1.00000000e+00	1.00000000e+00	1.20000000e+01
-135	5.40000000e+01	1.00000000e+00	1.00000000e+00	1.20000000e+01
-134	5.60000000e+01	1.00000000e+00	1.00000000e+00	1.20000000e+01
-133	6.30000000e+01	1.00000000e+00	1.00000000e+00	1.20000000e+01
-132	7.00000000e+01	1.00000000e+00	1.00000000e+00	1.20000000e+01
-131	7.20000000e+01	1.00000000e+00	1.00000000e+00	1.20000000e+01
-130	8.10000000e+01	1.00000000e+00	1.00000000e+00	1.20000000e+01
-129	8.90000000e+01	1.00000000e+00	1.00000000e+00	1.20000000e+01
-128	1.08000000e+02	2.00000000e+00	2.00000000e+00	0.00000000e+00
-127	1.18000000e+02	2.00000000e+00	2.00000000e+00	1.30000000e+01
-126	1.27000000e+02	2.00000000e+00	2.00000000e+00	1.30000000e+01
-125	1.31000000e+02	2.00000000e+00	2.00000000e+00	1.30000000e+01
-124	1.35000000e+02	2.00000000e+00	2.00000000e+00	1.30000000e+01
-123	1.40000000e+02	2.00000000e+00	2.00000000e+00	1.30000000e+01
-122	1.46000000e+02	2.00000000e+00	2.00000000e+00	1.30000000e+01
-121	1.66000000e+02	2.00000000e+00	2.00000000e+00	1.30000000e+01
-120	1.84000000e+02	2.00000000e+00	2.00000000e+00	1.30000000e+01
-119	1.94000000e+02	2.00000000e+00	2.00000000e+00	1.30000000e+01
-118	2.08000000e+02	2.00000000e+00	2.00000000e+00	1.30000000e+01
-117	2.15000000e+02	2.00000000e+00	2.00000000e+00	1.30000000e+01
-116	2.22000000e+02	2.00000000e+00	2.00000000e+00	1.30000000e+01
-115	2.29000000e+02	2.00000000e+00	2.00000000e+00	1.30000000e+01
-114	2.35000000e+02	2.00000000e+00	2.00000000e+00	1.30000000e+01
-113	2.41000000e+02	2.00000000e+00	2.00000000e+00	1.30000000e+01
-112	2.46000000e+02	2.00000000e+00	2.00000000e+00	1.30000000e+01
-111	2.57000000e+02	3.00000000e+00	3.00000000e+00	1.40000000e+01
-110	2.76000000e+02	3.00000000e+00	3.00000000e+00	1.40000000e+01
-109	2.83000000e+02	3.00000000e+00	3.00000000e+00	1.40000000e+01
-108	2.94000000e+02	3.00000000e+00	3.00000000e+00	1.40000000e+01
-107	3.21000000e+02	4.00000000e+00	4.00000000e+00	1.50000000e+01
-106	3.27000000e+02	4.00000000e+00	4.00000000e+00	1.50000000e+01
-105	3.35000000e+02	4.00000000e+00	4.00000000e+00	1.50000000e+01
-104	3.39000000e+02	4.00000000e+00	4.00000000e+00	1.50000000e+01
-103	3.46000000e+02	4.00000000e+00	4.00000000e+00	1.50000000e+01
-102	3.51000000e+02	4.00000000e+00	4.00000000e+00	1.50000000e+01
-101	3.62000000e+02	4.00000000e+00	4.00000000e+00	1.50000000e+01
-100	3.66000000e+02	4.00000000e+00	4.00000000e+00	1.50000000e+01
-99	3.74000000e+02	5.00000000e+00	5.00000000e+00	1.70000000e+01
-98	3.87000000e+02	5.00000000e+00	5.00000000e+00	1.70000000e+01
-97	3.96000000e+02	5.00000000e+00	5.00000000e+00	1.70000000e+01
-96	4.09000000e+02	5.00000000e+00	5.00000000e+00	1.70000000e+01
-95	4.25000000e+02	5.00000000e+00	5.00000000e+00	1.70000000e+01
-94	4.44000000e+02	5.00000000e+00	5.00000000e+00	1.70000000e+01
-93	4.52000000e+02	5.00000000e+00	5.00000000e+00	1.70000000e+01
-92	4.62000000e+02	5.00000000e+00	5.00000000e+00	1.70000000e+01
-91	5.35000000e+02	6.00000000e+00	6.00000000e+00	1.80000000e+01
-90	5.72000000e+02	6.00000000e+00	7.00000000e+00	1.90000000e+01
-89	5.96000000e+02	6.00000000e+00	7.00000000e+00	1.90000000e+01
-88	6.18000000e+02	6.00000000e+00	7.00000000e+00	1.90000000e+01
-87	6.47000000e+02	6.00000000e+00	7.00000000e+00	1.90000000e+01
-86	6.81000000e+02	6.00000000e+00	7.00000000e+00	1.90000000e+01
-85	7.00000000e+02	6.00000000e+00	7.00000000e+00	1.90000000e+01
-84	7.28000000e+02	6.00000000e+00	7.00000000e+00	1.90000000e+01
-83	7.44000000e+02	6.00000000e+00	7.00000000e+00	1.90000000e+01
-82	7.67000000e+02	6.00000000e+00	7.00000000e+00	1.90000000e+01
-81	7.88000000e+02	6.00000000e+00	7.00000000e+00	1.90000000e+01
-80	8.16000000e+02	6.00000000e+00	7.00000000e+00	1.90000000e+01
-79	8.39000000e+02	6.00000000e+00	7.00000000e+00	1.90000000e+01
-78	8.69000000e+02	6.00000000e+00	7.00000000e+00	1.90000000e+01
-77	9.07000000e+02	6.00000000e+00	7.00000000e+00	1.90000000e+01
-76	9.46000000e+02	6.00000000e+00	7.00000000e+00	1.90000000e+01
-75	9.88000000e+02	6.00000000e+00	7.00000000e+00	1.90000000e+01
-74	1.01900000e+03	6.00000000e+00	7.00000000e+00	1.90000000e+01
-73	1.05500000e+03	6.00000000e+00	7.00000000e+00	2.00000000e+01
-72	1.08800000e+03	6.00000000e+00	7.00000000e+00	2.00000000e+01
-71	1.11200000e+03	6.00000000e+00	7.00000000e+00	2.00000000e+01
-70	1.15700000e+03	6.00000000e+00	7.00000000e+00	2.00000000e+01
-69	1.19000000e+03	6.00000000e+00	7.00000000e+00	2.00000000e+01
-68	1.22500000e+03	6.00000000e+00	7.00000000e+00	2.00000000e+01
-67	1.26300000e+03	6.00000000e+00	7.00000000e+00	2.00000000e+01
-66	1.31000000e+03	6.00000000e+00	7.00000000e+00	2.00000000e+01
-65	1.35100000e+03	6.00000000e+00	7.00000000e+00	2.00000000e+01
-64	1.49200000e+03	6.00000000e+00	7.00000000e+00	2.00000000e+01
-63	1.62100000e+03	6.00000000e+00	7.00000000e+00	2.00000000e+01
-62	1.70500000e+03	6.00000000e+00	7.00000000e+00	2.00000000e+01
-61	1.77200000e+03	6.00000000e+00	7.00000000e+00	2.00000000e+01
-60	1.81700000e+03	6.00000000e+00	7.00000000e+00	2.00000000e+01
-59	1.86100000e+03	6.00000000e+00	7.00000000e+00	2.00000000e+01
-58	1.90800000e+03	6.00000000e+00	7.00000000e+00	2.00000000e+01
-57	1.97100000e+03	6.00000000e+00	7.00000000e+00	2.00000000e+01
-56	2.13600000e+03	6.00000000e+00	7.00000000e+00	2.00000000e+01
-55	2.34400000e+03	6.00000000e+00	7.00000000e+00	2.00000000e+01
-54	2.45800000e+03	8.00000000e+00	1.00000000e+01	2.30000000e+01
-53	2.53900000e+03	8.00000000e+00	1.00000000e+01	2.30000000e+01
-52	2.60900000e+03	8.00000000e+00	1.00000000e+01	2.30000000e+01
-51	2.68200000e+03	8.00000000e+00	1.00000000e+01	2.30000000e+01
-50	2.74800000e+03	8.00000000e+00	1.00000000e+01	2.30000000e+01
-49	2.81600000e+03	8.00000000e+00	1.00000000e+01	2.30000000e+01
-48	2.87900000e+03	8.00000000e+00	1.00000000e+01	2.30000000e+01
-47	2.93600000e+03	9.00000000e+00	1.10000000e+01	2.40000000e+01
-46	3.00500000e+03	1.00000000e+01	1.20000000e+01	2.50000000e+01
-45	3.06800000e+03	1.00000000e+01	1.20000000e+01	2.50000000e+01
-44	3.11000000e+03	1.00000000e+01	1.20000000e+01	2.50000000e+01
-43	3.20300000e+03	1.00000000e+01	1.20000000e+01	2.50000000e+01
-42	3.25300000e+03	1.00000000e+01	1.20000000e+01	2.50000000e+01
-41	3.29400000e+03	1.00000000e+01	1.20000000e+01	2.50000000e+01
-40	3.35600000e+03	1.00000000e+01	1.20000000e+01	2.50000000e+01
-39	3.41800000e+03	1.00000000e+01	1.20000000e+01	2.50000000e+01
-38	3.46300000e+03	1.00000000e+01	1.20000000e+01	2.50000000e+01
-37	3.52300000e+03	1.00000000e+01	1.20000000e+01	2.50000000e+01
-36	3.56500000e+03	1.00000000e+01	1.20000000e+01	2.50000000e+01
-35	3.62100000e+03	1.00000000e+01	1.20000000e+01	2.50000000e+01
-34	3.68400000e+03	1.00000000e+01	1.20000000e+01	2.50000000e+01
-33	3.76500000e+03	1.00000000e+01	1.20000000e+01	2.50000000e+01
-32	3.88300000e+03	1.00000000e+01	1.20000000e+01	2.50000000e+01
-31	4.00600000e+03	1.00000000e+01	1.20000000e+01	2.50000000e+01
-30	4.10800000e+03	1.00000000e+01	1.20000000e+01	2.50000000e+01
-29	4.19000000e+03	1.00000000e+01	1.30000000e+01	2.60000000e+01
-28	4.28000000e+03	1.00000000e+01	1.30000000e+01	2.60000000e+01
-27	4.34800000e+03	1.00000000e+01	1.30000000e+01	2.60000000e+01
-26	4.41300000e+03	1.00000000e+01	1.30000000e+01	2.60000000e+01
-25	4.48200000e+03	1.00000000e+01	1.30000000e+01	2.60000000e+01
-24	4.56000000e+03	1.00000000e+01	1.30000000e+01	2.60000000e+01
-23	4.63300000e+03	1.00000000e+01	1.30000000e+01	2.60000000e+01
-22	4.71200000e+03	1.00000000e+01	1.30000000e+01	2.60000000e+01
-21	4.80400000e+03	1.00000000e+01	1.30000000e+01	2.60000000e+01
-20	4.87400000e+03	1.00000000e+01	1.30000000e+01	2.60000000e+01
-19	4.94900000e+03	1.00000000e+01	1.30000000e+01	2.60000000e+01
-18	5.01900000e+03	1.00000000e+01	1.30000000e+01	2.60000000e+01
-17	5.08300000e+03	1.00000000e+01	1.30000000e+01	2.60000000e+01
-16	5.15400000e+03	1.10000000e+01	1.40000000e+01	2.70000000e+01
-15	5.21900000e+03	1.10000000e+01	1.40000000e+01	2.70000000e+01
-14	5.29000000e+03	1.10000000e+01	1.40000000e+01	2.70000000e+01
-13	5.40800000e+03	1.10000000e+01	1.40000000e+01	2.70000000e+01
-12	5.61200000e+03	1.10000000e+01	1.40000000e+01	2.70000000e+01
-11	5.85000000e+03	1.10000000e+01	1.40000000e+01	2.70000000e+01
-10	6.06000000e+03	1.10000000e+01	1.40000000e+01	2.70000000e+01
-9	6.22200000e+03	1.10000000e+01	1.40000000e+01	2.70000000e+01
-8	6.43900000e+03	1.10000000e+01	1.40000000e+01	2.70000000e+01
-7	6.62200000e+03	1.10000000e+01	1.40000000e+01	2.70000000e+01
-6	6.84100000e+03	1.10000000e+01	1.40000000e+01	2.70000000e+01
-5	7.08000000e+03	1.10000000e+01	1.40000000e+01	2.70000000e+01
-4	7.35100000e+03	1.10000000e+01	1.40000000e+01	2.70000000e+01
-3	7.66100000e+03	1.20000000e+01	1.50000000e+01	2.80000000e+01
-2	7.93500000e+03	1.20000000e+01	1.50000000e+01	2.80000000e+01
-1	8.26500000e+03	1.30000000e+01	1.60000000e+01	2.90000000e+01
0	8.71900000e+03	1.30000000e+01	1.60000000e+01	2.90000000e+01
1	9.31300000e+03	1.30000000e+01	1.60000000e+01	2.90000000e+01
2	9.78300000e+03	1.30000000e+01	1.60000000e+01	2.90000000e+01
3	1.01790000e+04	1.30000000e+01	1.60000000e+01	2.90000000e+01
4	1.05240000e+04	1.30000000e+01	1.60000000e+01	2.90000000e+01
5	1.08710000e+04	1.30000000e+01	1.60000000e+01	2.90000000e+01
6	1.12530000e+04	1.30000000e+01	1.60000000e+01	2.90000000e+01
7	1.16320000e+04	1.40000000e+01	1.70000000e+01	3.20000000e+01
8	1.20150000e+04	1.40000000e+01	1.70000000e+01	3.20000000e+01
9	1.23430000e+04	1.40000000e+01	1.70000000e+01	3.20000000e+01
10	1.26390000e+04	1.40000000e+01	1.70000000e+01	3.20000000e+01
11	1.29250000e+04	1.40000000e+01	1.70000000e+01	3.20000000e+01
12	1.32800000e+04	1.40000000e+01	1.70000000e+01	3.20000000e+01
13	1.35640000e+04	1.50000000e+01	1.80000000e+01	3.30000000e+01
14	1.38040000e+04	1.50000000e+01	1.80000000e+01	3.30000000e+01
15	1.40420000e+04	1.50000000e+01	1.80000000e+01	3.30000000e+01
16	1.42600000e+04	1.50000000e+01	1.80000000e+01	3.30000000e+01
17	1.45630000e+04	1.60000000e+01	1.90000000e+01	3.40000000e+01
18	1.49530000e+04	1.60000000e+01	1.90000000e+01	3.40000000e+01
19	1.52550000e+04	1.70000000e+01	2.00000000e+01	3.50000000e+01
20	1.55070000e+04	1.70000000e+01	2.00000000e+01	3.50000000e+01
21	1.57540000e+04	1.70000000e+01	2.00000000e+01	3.50000000e+01
22	1.59520000e+04	1.70000000e+01	2.00000000e+01	3.50000000e+01
23	1.61060000e+04	1.70000000e+01	2.00000000e+01	3.50000000e+01
24	1.62930000e+04	1.70000000e+01	2.00000000e+01	3.50000000e+01
25	1.64910000e+04	1.70000000e+01	2.00000000e+01	3.50000000e+01
26	1.66820000e+04	1.80000000e+01	2.10000000e+01	3.60000000e+01
27	1.69120000e+04	1.80000000e+01	2.10000000e+01	3.60000000e+01
28	1.71560000e+04	1.80000000e+01	2.10000000e+01	3.60000000e+01
29	1.73300000e+04	1.80000000e+01	2.10000000e+01	3.60000000e+01
30	1.75250000e+04	1.80000000e+01	2.10000000e+01	3.60000000e+01
31	1.77470000e+04	1.80000000e+01	2.10000000e+01	3.60000000e+01
32	1.79750000e+04	1.80000000e+01	2.10000000e+01	3.60000000e+01
33	1.81740000e+04	1.80000000e+01	2.10000000e+01	3.60000000e+01
34	1.83920000e+04	1.80000000e+01	2.10000000e+01	3.60000000e+01
35	1.85790000e+04	1.90000000e+01	2.20000000e+01	3.70000000e+01
36	1.88770000e+04	1.90000000e+01	2.20000000e+01	3.70000000e+01
37	1.91520000e+04	1.90000000e+01	2.20000000e+01	3.70000000e+01
38	1.94370000e+04	2.00000000e+01	2.30000000e+01	3.80000000e+01
39	1.96800000e+04	2.10000000e+01	2.40000000e+01	3.90000000e+01
40	1.98800000e+04	2.10000000e+01	2.40000000e+01	3.90000000e+01
41	2.00890000e+04	2.10000000e+01	2.40000000e+01	3.90000000e+01
42	2.02930000e+04	2.10000000e+01	2.40000000e+01	3.90000000e+01
43	2.04660000e+04	2.10000000e+01	2.40000000e+01	3.90000000e+01
44	2.06530000e+04	2.10000000e+01	2.40000000e+01	3.90000000e+01
45	2.08810000e+04	2.10000000e+01	2.40000000e+01	3.90000000e+01
46	2.11020000e+04	2.10000000e+01	2.40000000e+01	3.90000000e+01
47	2.12820000e+04	2.10000000e+01	2.40000000e+01	3.90000000e+01
48	2.14410000e+04	2.10000000e+01	2.40000000e+01	3.90000000e+01
49	2.15920000e+04	2.10000000e+01	2.40000000e+01	3.90000000e+01
50	2.17570000e+04	2.30000000e+01	2.50000000e+01	4.10000000e+01
51	2.19310000e+04	2.30000000e+01	2.50000000e+01	4.10000000e+01
52	2.21220000e+04	2.30000000e+01	2.50000000e+01	4.10000000e+01
53	2.23170000e+04	2.30000000e+01	2.50000000e+01	4.10000000e+01
54	2.25990000e+04	2.30000000e+01	2.50000000e+01	4.10000000e+01
55	2.30130000e+04	2.30000000e+01	2.50000000e+01	4.10000000e+01
56	2.33810000e+04	2.30000000e+01	2.50000000e+01	4.10000000e+01
57	2.37020000e+04	2.30000000e+01	2.50000000e+01	4.10000000e+01
58	2.40740000e+04	2.20000000e+01	2.60000000e+01	4.30000000e+01
59	2.43880000e+04	2.20000000e+01	2.60000000e+01	4.30000000e+01
60	2.46880000e+04	2.20000000e+01	2.60000000e+01	4.30000000e+01
61	2.50100000e+04	2.20000000e+01	2.60000000e+01	4.30000000e+01
62	2.54330000e+04	2.20000000e+01	2.60000000e+01	4.30000000e+01
63	2.58360000e+04	2.20000000e+01	2.60000000e+01	4.30000000e+01
64	2.61580000e+04	2.20000000e+01	2.60000000e+01	4.30000000e+01
65	2.64630000e+04	2.20000000e+01	2.60000000e+01	4.30000000e+01
66	2.67920000e+04	2.20000000e+01	2.60000000e+01	4.30000000e+01
67	2.70700000e+04	2.30000000e+01	2.70000000e+01	4.40000000e+01
68	2.73470000e+04	2.30000000e+01	2.70000000e+01	4.40000000e+01
69	2.75970000e+04	2.30000000e+01	2.70000000e+01	4.40000000e+01
70	2.78430000e+04	2.60000000e+01	2.90000000e+01	4.70000000e+01
71	2.80920000e+04	2.60000000e+01	2.90000000e+01	4.70000000e+01
72	2.84040000e+04	2.60000000e+01	2.90000000e+01	4.70000000e+01
73	2.87260000e+04	2.60000000e+01	3.00000000e+01	4.80000000e+01
74	2.89890000e+04	2.60000000e+01	3.00000000e+01	4.80000000e+01
75	2.92610000e+04	2.60000000e+01	3.00000000e+01	4.80000000e+01
76	2.95170000e+04	2.60000000e+01	3.00000000e+01	4.80000000e+01
77	2.97390000e+04	2.60000000e+01	3.00000000e+01	4.80000000e+01
78	2.99650000e+04	2.60000000e+01	3.00000000e+01	4.80000000e+01
79	3.02020000e+04	2.60000000e+01	3.00000000e+01	4.80000000e+01
80	3.04930000e+04	2.60000000e+01	3.00000000e+01	4.80000000e+01
81	3.07230000e+04	2.60000000e+01	3.00000000e+01	4.80000000e+01
82	3.09370000e+04	2.60000000e+01	3.00000000e+01	4.80000000e+01
83	3.11730000e+04	2.60000000e+01	3.00000000e+01	4.80000000e+01
84	3.14190000e+04	2.60000000e+01	3.00000000e+01	4.80000000e+01
85	3.16720000e+04	2.60000000e+01	4.00000000e+00	4.80000000e+01
86	3.19500000e+04	2.60000000e+01	3.00000000e+01	4.80000000e+01
87	3.22960000e+04	2.60000000e+01	3.00000000e+01	4.80000000e+01
88	3.25780000e+04	2.60000000e+01	3.00000000e+01	4.80000000e+01
89	3.28050000e+04	2.60000000e+01	3.00000000e+01	4.80000000e+01
90	3.30200000e+04	2.60000000e+01	3.00000000e+01	4.80000000e+01
91	3.32860000e+04	2.60000000e+01	3.00000000e+01	4.80000000e+01
92	3.35380000e+04	2.60000000e+01	3.00000000e+01	4.80000000e+01
93	3.38780000e+04	2.60000000e+01	3.00000000e+01	4.80000000e+01
94	3.42670000e+04	2.60000000e+01	3.00000000e+01	4.80000000e+01
95	3.46080000e+04	2.60000000e+01	3.00000000e+01	4.80000000e+01
96	3.48700000e+04	2.90000000e+01	3.10000000e+01	5.00000000e+01
97	3.51120000e+04	2.90000000e+01	3.10000000e+01	5.00000000e+01
98	3.53900000e+04	2.90000000e+01	3.10000000e+01	5.00000000e+01
99	3.56370000e+04	2.90000000e+01	3.10000000e+01	5.00000000e+01
100	3.59140000e+04	2.90000000e+01	3.10000000e+01	5.00000000e+01
