Day_(movie_time)	Views	Users	Rigor	Edits
-500	0.00000000e+00	0.00000000e+00	0.00000000e+00	0.00000000e+00
-499	0.00000000e+00	0.00000000e+00	0.00000000e+00	0.00000000e+00
-498	0.00000000e+00	0.00000000e+00	0.00000000e+00	0.00000000e+00
-497	0.00000000e+00	0.00000000e+00	0.00000000e+00	0.00000000e+00
-496	0.00000000e+00	0.00000000e+00	0.00000000e+00	0.00000000e+00
-495	0.00000000e+00	0.00000000e+00	0.00000000e+00	0.00000000e+00
-494	0.00000000e+00	0.00000000e+00	0.00000000e+00	0.00000000e+00
-493	0.00000000e+00	0.00000000e+00	0.00000000e+00	0.00000000e+00
-492	0.00000000e+00	0.00000000e+00	0.00000000e+00	0.00000000e+00
-491	0.00000000e+00	0.00000000e+00	0.00000000e+00	0.00000000e+00
-490	0.00000000e+00	0.00000000e+00	0.00000000e+00	0.00000000e+00
-489	0.00000000e+00	0.00000000e+00	0.00000000e+00	0.00000000e+00
-488	0.00000000e+00	0.00000000e+00	0.00000000e+00	0.00000000e+00
-487	0.00000000e+00	0.00000000e+00	0.00000000e+00	0.00000000e+00
-486	0.00000000e+00	0.00000000e+00	0.00000000e+00	0.00000000e+00
-485	0.00000000e+00	0.00000000e+00	0.00000000e+00	0.00000000e+00
-484	0.00000000e+00	0.00000000e+00	0.00000000e+00	0.00000000e+00
-483	0.00000000e+00	0.00000000e+00	0.00000000e+00	0.00000000e+00
-482	0.00000000e+00	0.00000000e+00	0.00000000e+00	0.00000000e+00
-481	0.00000000e+00	0.00000000e+00	0.00000000e+00	0.00000000e+00
-480	0.00000000e+00	0.00000000e+00	0.00000000e+00	0.00000000e+00
-479	0.00000000e+00	0.00000000e+00	0.00000000e+00	0.00000000e+00
-478	0.00000000e+00	0.00000000e+00	0.00000000e+00	0.00000000e+00
-477	0.00000000e+00	0.00000000e+00	0.00000000e+00	0.00000000e+00
-476	0.00000000e+00	0.00000000e+00	0.00000000e+00	0.00000000e+00
-475	0.00000000e+00	0.00000000e+00	0.00000000e+00	0.00000000e+00
-474	0.00000000e+00	0.00000000e+00	0.00000000e+00	0.00000000e+00
-473	0.00000000e+00	0.00000000e+00	0.00000000e+00	0.00000000e+00
-472	0.00000000e+00	0.00000000e+00	0.00000000e+00	0.00000000e+00
-471	0.00000000e+00	0.00000000e+00	0.00000000e+00	0.00000000e+00
-470	0.00000000e+00	0.00000000e+00	0.00000000e+00	0.00000000e+00
-469	0.00000000e+00	0.00000000e+00	0.00000000e+00	0.00000000e+00
-468	0.00000000e+00	0.00000000e+00	0.00000000e+00	0.00000000e+00
-467	0.00000000e+00	0.00000000e+00	0.00000000e+00	0.00000000e+00
-466	0.00000000e+00	0.00000000e+00	0.00000000e+00	0.00000000e+00
-465	0.00000000e+00	0.00000000e+00	0.00000000e+00	0.00000000e+00
-464	0.00000000e+00	0.00000000e+00	0.00000000e+00	0.00000000e+00
-463	0.00000000e+00	0.00000000e+00	0.00000000e+00	0.00000000e+00
-462	0.00000000e+00	0.00000000e+00	0.00000000e+00	0.00000000e+00
-461	0.00000000e+00	0.00000000e+00	0.00000000e+00	0.00000000e+00
-460	0.00000000e+00	0.00000000e+00	0.00000000e+00	0.00000000e+00
-459	0.00000000e+00	0.00000000e+00	0.00000000e+00	0.00000000e+00
-458	0.00000000e+00	0.00000000e+00	0.00000000e+00	0.00000000e+00
-457	0.00000000e+00	0.00000000e+00	0.00000000e+00	0.00000000e+00
-456	0.00000000e+00	0.00000000e+00	0.00000000e+00	0.00000000e+00
-455	0.00000000e+00	0.00000000e+00	0.00000000e+00	0.00000000e+00
-454	0.00000000e+00	0.00000000e+00	0.00000000e+00	0.00000000e+00
-453	0.00000000e+00	0.00000000e+00	0.00000000e+00	0.00000000e+00
-452	0.00000000e+00	0.00000000e+00	0.00000000e+00	0.00000000e+00
-451	0.00000000e+00	0.00000000e+00	0.00000000e+00	0.00000000e+00
-450	0.00000000e+00	0.00000000e+00	0.00000000e+00	0.00000000e+00
-449	0.00000000e+00	0.00000000e+00	0.00000000e+00	0.00000000e+00
-448	0.00000000e+00	0.00000000e+00	0.00000000e+00	0.00000000e+00
-447	0.00000000e+00	0.00000000e+00	0.00000000e+00	0.00000000e+00
-446	0.00000000e+00	0.00000000e+00	0.00000000e+00	0.00000000e+00
-445	0.00000000e+00	0.00000000e+00	0.00000000e+00	0.00000000e+00
-444	0.00000000e+00	0.00000000e+00	0.00000000e+00	0.00000000e+00
-443	0.00000000e+00	0.00000000e+00	0.00000000e+00	0.00000000e+00
-442	0.00000000e+00	0.00000000e+00	0.00000000e+00	0.00000000e+00
-441	0.00000000e+00	0.00000000e+00	0.00000000e+00	0.00000000e+00
-440	0.00000000e+00	0.00000000e+00	0.00000000e+00	0.00000000e+00
-439	0.00000000e+00	0.00000000e+00	0.00000000e+00	0.00000000e+00
-438	0.00000000e+00	0.00000000e+00	0.00000000e+00	0.00000000e+00
-437	0.00000000e+00	0.00000000e+00	0.00000000e+00	0.00000000e+00
-436	0.00000000e+00	0.00000000e+00	0.00000000e+00	0.00000000e+00
-435	0.00000000e+00	0.00000000e+00	0.00000000e+00	0.00000000e+00
-434	0.00000000e+00	0.00000000e+00	0.00000000e+00	0.00000000e+00
-433	0.00000000e+00	0.00000000e+00	0.00000000e+00	0.00000000e+00
-432	0.00000000e+00	0.00000000e+00	0.00000000e+00	0.00000000e+00
-431	0.00000000e+00	0.00000000e+00	0.00000000e+00	0.00000000e+00
-430	0.00000000e+00	0.00000000e+00	0.00000000e+00	0.00000000e+00
-429	0.00000000e+00	0.00000000e+00	0.00000000e+00	0.00000000e+00
-428	0.00000000e+00	0.00000000e+00	0.00000000e+00	0.00000000e+00
-427	0.00000000e+00	0.00000000e+00	0.00000000e+00	0.00000000e+00
-426	0.00000000e+00	0.00000000e+00	0.00000000e+00	0.00000000e+00
-425	0.00000000e+00	0.00000000e+00	0.00000000e+00	0.00000000e+00
-424	0.00000000e+00	0.00000000e+00	0.00000000e+00	0.00000000e+00
-423	0.00000000e+00	0.00000000e+00	0.00000000e+00	0.00000000e+00
-422	0.00000000e+00	0.00000000e+00	0.00000000e+00	0.00000000e+00
-421	0.00000000e+00	0.00000000e+00	0.00000000e+00	0.00000000e+00
-420	0.00000000e+00	0.00000000e+00	0.00000000e+00	0.00000000e+00
-419	0.00000000e+00	0.00000000e+00	0.00000000e+00	0.00000000e+00
-418	0.00000000e+00	0.00000000e+00	0.00000000e+00	0.00000000e+00
-417	0.00000000e+00	0.00000000e+00	0.00000000e+00	0.00000000e+00
-416	0.00000000e+00	0.00000000e+00	0.00000000e+00	0.00000000e+00
-415	0.00000000e+00	0.00000000e+00	0.00000000e+00	0.00000000e+00
-414	0.00000000e+00	0.00000000e+00	0.00000000e+00	0.00000000e+00
-413	0.00000000e+00	0.00000000e+00	0.00000000e+00	0.00000000e+00
-412	0.00000000e+00	0.00000000e+00	0.00000000e+00	0.00000000e+00
-411	0.00000000e+00	0.00000000e+00	0.00000000e+00	0.00000000e+00
-410	0.00000000e+00	0.00000000e+00	0.00000000e+00	0.00000000e+00
-409	0.00000000e+00	0.00000000e+00	0.00000000e+00	0.00000000e+00
-408	0.00000000e+00	0.00000000e+00	0.00000000e+00	0.00000000e+00
-407	0.00000000e+00	0.00000000e+00	0.00000000e+00	0.00000000e+00
-406	0.00000000e+00	0.00000000e+00	0.00000000e+00	0.00000000e+00
-405	0.00000000e+00	0.00000000e+00	0.00000000e+00	0.00000000e+00
-404	0.00000000e+00	0.00000000e+00	0.00000000e+00	0.00000000e+00
-403	0.00000000e+00	0.00000000e+00	0.00000000e+00	0.00000000e+00
-402	0.00000000e+00	0.00000000e+00	0.00000000e+00	0.00000000e+00
-401	0.00000000e+00	0.00000000e+00	0.00000000e+00	0.00000000e+00
-400	0.00000000e+00	0.00000000e+00	0.00000000e+00	0.00000000e+00
-399	0.00000000e+00	0.00000000e+00	0.00000000e+00	0.00000000e+00
-398	0.00000000e+00	0.00000000e+00	0.00000000e+00	0.00000000e+00
-397	0.00000000e+00	0.00000000e+00	0.00000000e+00	0.00000000e+00
-396	0.00000000e+00	0.00000000e+00	0.00000000e+00	0.00000000e+00
-395	0.00000000e+00	0.00000000e+00	0.00000000e+00	0.00000000e+00
-394	0.00000000e+00	0.00000000e+00	0.00000000e+00	0.00000000e+00
-393	0.00000000e+00	0.00000000e+00	0.00000000e+00	0.00000000e+00
-392	0.00000000e+00	0.00000000e+00	0.00000000e+00	0.00000000e+00
-391	0.00000000e+00	0.00000000e+00	0.00000000e+00	0.00000000e+00
-390	0.00000000e+00	0.00000000e+00	0.00000000e+00	0.00000000e+00
-389	0.00000000e+00	0.00000000e+00	0.00000000e+00	0.00000000e+00
-388	0.00000000e+00	0.00000000e+00	0.00000000e+00	0.00000000e+00
-387	0.00000000e+00	0.00000000e+00	0.00000000e+00	0.00000000e+00
-386	0.00000000e+00	0.00000000e+00	0.00000000e+00	0.00000000e+00
-385	0.00000000e+00	0.00000000e+00	0.00000000e+00	0.00000000e+00
-384	0.00000000e+00	0.00000000e+00	0.00000000e+00	0.00000000e+00
-383	0.00000000e+00	0.00000000e+00	0.00000000e+00	0.00000000e+00
-382	0.00000000e+00	0.00000000e+00	0.00000000e+00	0.00000000e+00
-381	0.00000000e+00	0.00000000e+00	0.00000000e+00	0.00000000e+00
-380	0.00000000e+00	0.00000000e+00	0.00000000e+00	0.00000000e+00
-379	0.00000000e+00	0.00000000e+00	0.00000000e+00	0.00000000e+00
-378	0.00000000e+00	0.00000000e+00	0.00000000e+00	0.00000000e+00
-377	0.00000000e+00	0.00000000e+00	0.00000000e+00	0.00000000e+00
-376	0.00000000e+00	0.00000000e+00	0.00000000e+00	0.00000000e+00
-375	0.00000000e+00	0.00000000e+00	0.00000000e+00	0.00000000e+00
-374	0.00000000e+00	0.00000000e+00	0.00000000e+00	0.00000000e+00
-373	0.00000000e+00	0.00000000e+00	0.00000000e+00	0.00000000e+00
-372	0.00000000e+00	0.00000000e+00	0.00000000e+00	0.00000000e+00
-371	0.00000000e+00	0.00000000e+00	0.00000000e+00	0.00000000e+00
-370	0.00000000e+00	0.00000000e+00	0.00000000e+00	0.00000000e+00
-369	0.00000000e+00	0.00000000e+00	0.00000000e+00	0.00000000e+00
-368	0.00000000e+00	0.00000000e+00	0.00000000e+00	0.00000000e+00
-367	0.00000000e+00	0.00000000e+00	0.00000000e+00	0.00000000e+00
-366	0.00000000e+00	0.00000000e+00	0.00000000e+00	0.00000000e+00
-365	0.00000000e+00	0.00000000e+00	0.00000000e+00	0.00000000e+00
-364	0.00000000e+00	0.00000000e+00	0.00000000e+00	0.00000000e+00
-363	0.00000000e+00	0.00000000e+00	0.00000000e+00	0.00000000e+00
-362	0.00000000e+00	0.00000000e+00	0.00000000e+00	0.00000000e+00
-361	0.00000000e+00	0.00000000e+00	0.00000000e+00	0.00000000e+00
-360	0.00000000e+00	0.00000000e+00	0.00000000e+00	0.00000000e+00
-359	0.00000000e+00	0.00000000e+00	0.00000000e+00	0.00000000e+00
-358	0.00000000e+00	0.00000000e+00	0.00000000e+00	0.00000000e+00
-357	0.00000000e+00	0.00000000e+00	0.00000000e+00	0.00000000e+00
-356	0.00000000e+00	0.00000000e+00	0.00000000e+00	0.00000000e+00
-355	0.00000000e+00	0.00000000e+00	0.00000000e+00	0.00000000e+00
-354	0.00000000e+00	0.00000000e+00	0.00000000e+00	0.00000000e+00
-353	0.00000000e+00	0.00000000e+00	0.00000000e+00	0.00000000e+00
-352	0.00000000e+00	0.00000000e+00	0.00000000e+00	0.00000000e+00
-351	0.00000000e+00	0.00000000e+00	0.00000000e+00	0.00000000e+00
-350	0.00000000e+00	0.00000000e+00	0.00000000e+00	0.00000000e+00
-349	0.00000000e+00	0.00000000e+00	0.00000000e+00	0.00000000e+00
-348	0.00000000e+00	0.00000000e+00	0.00000000e+00	0.00000000e+00
-347	0.00000000e+00	0.00000000e+00	0.00000000e+00	0.00000000e+00
-346	0.00000000e+00	0.00000000e+00	0.00000000e+00	0.00000000e+00
-345	0.00000000e+00	0.00000000e+00	0.00000000e+00	0.00000000e+00
-344	0.00000000e+00	0.00000000e+00	0.00000000e+00	0.00000000e+00
-343	0.00000000e+00	0.00000000e+00	0.00000000e+00	0.00000000e+00
-342	0.00000000e+00	0.00000000e+00	0.00000000e+00	0.00000000e+00
-341	0.00000000e+00	0.00000000e+00	0.00000000e+00	0.00000000e+00
-340	0.00000000e+00	0.00000000e+00	0.00000000e+00	0.00000000e+00
-339	0.00000000e+00	0.00000000e+00	0.00000000e+00	0.00000000e+00
-338	0.00000000e+00	0.00000000e+00	0.00000000e+00	0.00000000e+00
-337	0.00000000e+00	0.00000000e+00	0.00000000e+00	0.00000000e+00
-336	0.00000000e+00	0.00000000e+00	0.00000000e+00	0.00000000e+00
-335	0.00000000e+00	0.00000000e+00	0.00000000e+00	0.00000000e+00
-334	2.70000000e+01	2.00000000e+00	2.00000000e+00	3.00000000e+00
-333	9.30000000e+01	2.00000000e+00	2.00000000e+00	3.00000000e+00
-332	1.02000000e+02	2.00000000e+00	2.00000000e+00	3.00000000e+00
-331	1.17000000e+02	2.00000000e+00	2.00000000e+00	3.00000000e+00
-330	1.30000000e+02	2.00000000e+00	2.00000000e+00	3.00000000e+00
-329	1.39000000e+02	2.00000000e+00	2.00000000e+00	3.00000000e+00
-328	1.52000000e+02	2.00000000e+00	2.00000000e+00	3.00000000e+00
-327	1.64000000e+02	2.00000000e+00	2.00000000e+00	3.00000000e+00
-326	1.90000000e+02	2.00000000e+00	2.00000000e+00	3.00000000e+00
-325	2.07000000e+02	2.00000000e+00	2.00000000e+00	3.00000000e+00
-324	2.20000000e+02	2.00000000e+00	2.00000000e+00	3.00000000e+00
-323	2.33000000e+02	2.00000000e+00	2.00000000e+00	3.00000000e+00
-322	2.65000000e+02	2.00000000e+00	2.00000000e+00	3.00000000e+00
-321	2.85000000e+02	2.00000000e+00	2.00000000e+00	3.00000000e+00
-320	3.01000000e+02	2.00000000e+00	2.00000000e+00	3.00000000e+00
-319	3.49000000e+02	2.00000000e+00	2.00000000e+00	3.00000000e+00
-318	3.60000000e+02	2.00000000e+00	2.00000000e+00	3.00000000e+00
-317	3.77000000e+02	2.00000000e+00	2.00000000e+00	3.00000000e+00
-316	3.93000000e+02	2.00000000e+00	2.00000000e+00	3.00000000e+00
-315	4.16000000e+02	2.00000000e+00	2.00000000e+00	3.00000000e+00
-314	4.38000000e+02	2.00000000e+00	2.00000000e+00	3.00000000e+00
-313	4.69000000e+02	2.00000000e+00	2.00000000e+00	3.00000000e+00
-312	4.79000000e+02	2.00000000e+00	2.00000000e+00	3.00000000e+00
-311	5.10000000e+02	2.00000000e+00	2.00000000e+00	3.00000000e+00
-310	5.46000000e+02	2.00000000e+00	2.00000000e+00	3.00000000e+00
-309	5.85000000e+02	2.00000000e+00	2.00000000e+00	3.00000000e+00
-308	6.24000000e+02	2.00000000e+00	2.00000000e+00	3.00000000e+00
-307	6.76000000e+02	2.00000000e+00	2.00000000e+00	3.00000000e+00
-306	6.90000000e+02	2.00000000e+00	2.00000000e+00	3.00000000e+00
-305	7.33000000e+02	2.00000000e+00	2.00000000e+00	3.00000000e+00
-304	7.72000000e+02	2.00000000e+00	2.00000000e+00	3.00000000e+00
-303	7.90000000e+02	2.00000000e+00	2.00000000e+00	3.00000000e+00
-302	8.37000000e+02	2.00000000e+00	2.00000000e+00	3.00000000e+00
-301	8.74000000e+02	2.00000000e+00	2.00000000e+00	3.00000000e+00
-300	9.14000000e+02	2.00000000e+00	2.00000000e+00	3.00000000e+00
-299	9.74000000e+02	2.00000000e+00	2.00000000e+00	3.00000000e+00
-298	1.02100000e+03	2.00000000e+00	2.00000000e+00	3.00000000e+00
-297	1.03800000e+03	2.00000000e+00	2.00000000e+00	3.00000000e+00
-296	1.06500000e+03	2.00000000e+00	2.00000000e+00	3.00000000e+00
-295	1.09700000e+03	2.00000000e+00	2.00000000e+00	3.00000000e+00
-294	1.12000000e+03	2.00000000e+00	2.00000000e+00	3.00000000e+00
-293	1.18700000e+03	2.00000000e+00	2.00000000e+00	3.00000000e+00
-292	1.23400000e+03	2.00000000e+00	2.00000000e+00	3.00000000e+00
-291	1.27000000e+03	2.00000000e+00	2.00000000e+00	3.00000000e+00
-290	1.29200000e+03	2.00000000e+00	2.00000000e+00	3.00000000e+00
-289	1.30000000e+03	2.00000000e+00	2.00000000e+00	3.00000000e+00
-288	1.35800000e+03	2.00000000e+00	2.00000000e+00	3.00000000e+00
-287	1.41200000e+03	2.00000000e+00	2.00000000e+00	3.00000000e+00
-286	1.49200000e+03	2.00000000e+00	2.00000000e+00	3.00000000e+00
-285	1.57400000e+03	2.00000000e+00	2.00000000e+00	3.00000000e+00
-284	1.60500000e+03	2.00000000e+00	2.00000000e+00	3.00000000e+00
-283	1.67200000e+03	2.00000000e+00	2.00000000e+00	3.00000000e+00
-282	1.71300000e+03	2.00000000e+00	2.00000000e+00	3.00000000e+00
-281	1.74600000e+03	2.00000000e+00	2.00000000e+00	3.00000000e+00
-280	1.78700000e+03	2.00000000e+00	2.00000000e+00	3.00000000e+00
-279	1.96100000e+03	2.00000000e+00	2.00000000e+00	3.00000000e+00
-278	2.38800000e+03	2.00000000e+00	2.00000000e+00	3.00000000e+00
-277	2.48500000e+03	2.00000000e+00	2.00000000e+00	3.00000000e+00
-276	2.54600000e+03	2.00000000e+00	2.00000000e+00	3.00000000e+00
-275	2.59500000e+03	2.00000000e+00	2.00000000e+00	3.00000000e+00
-274	2.61400000e+03	2.00000000e+00	2.00000000e+00	3.00000000e+00
-273	2.64300000e+03	2.00000000e+00	2.00000000e+00	3.00000000e+00
-272	3.14300000e+03	4.00000000e+00	4.00000000e+00	6.00000000e+00
-271	5.99600000e+03	9.00000000e+00	1.00000000e+01	1.60000000e+01
-270	9.48100000e+03	9.00000000e+00	1.10000000e+01	1.70000000e+01
-269	1.27180000e+04	9.00000000e+00	1.10000000e+01	1.70000000e+01
-268	1.56090000e+04	9.00000000e+00	1.20000000e+01	2.00000000e+01
-267	1.79850000e+04	1.20000000e+01	1.40000000e+01	2.20000000e+01
-266	2.07360000e+04	1.20000000e+01	1.40000000e+01	2.20000000e+01
-265	2.34020000e+04	1.40000000e+01	1.60000000e+01	2.40000000e+01
-264	2.59430000e+04	1.30000000e+01	1.90000000e+01	2.70000000e+01
-263	2.83010000e+04	1.30000000e+01	1.90000000e+01	2.70000000e+01
-262	3.08690000e+04	1.40000000e+01	2.10000000e+01	3.00000000e+01
-261	3.37450000e+04	1.40000000e+01	2.10000000e+01	3.00000000e+01
-260	3.64290000e+04	1.40000000e+01	2.10000000e+01	3.00000000e+01
-259	3.90830000e+04	1.40000000e+01	2.10000000e+01	3.00000000e+01
-258	4.15410000e+04	1.60000000e+01	2.30000000e+01	3.20000000e+01
-257	4.42050000e+04	2.20000000e+01	2.70000000e+01	3.60000000e+01
-256	4.69040000e+04	2.40000000e+01	2.90000000e+01	3.80000000e+01
-255	4.92220000e+04	2.40000000e+01	2.90000000e+01	3.80000000e+01
-254	5.13130000e+04	2.40000000e+01	2.90000000e+01	3.80000000e+01
-253	5.35310000e+04	2.40000000e+01	2.90000000e+01	3.80000000e+01
-252	5.57710000e+04	2.40000000e+01	2.90000000e+01	3.80000000e+01
-251	5.82450000e+04	2.40000000e+01	3.10000000e+01	4.00000000e+01
-250	6.03490000e+04	2.40000000e+01	3.10000000e+01	4.00000000e+01
-249	6.28660000e+04	2.60000000e+01	3.30000000e+01	4.20000000e+01
-248	6.53350000e+04	2.90000000e+01	3.40000000e+01	4.30000000e+01
-247	6.77950000e+04	2.90000000e+01	3.40000000e+01	4.30000000e+01
-246	6.98560000e+04	2.90000000e+01	3.40000000e+01	4.30000000e+01
-245	7.18150000e+04	2.90000000e+01	3.40000000e+01	4.30000000e+01
-244	7.37870000e+04	2.60000000e+01	3.50000000e+01	4.40000000e+01
-243	7.54630000e+04	2.60000000e+01	3.50000000e+01	4.40000000e+01
-242	7.75160000e+04	2.60000000e+01	3.60000000e+01	4.50000000e+01
-241	7.96070000e+04	2.80000000e+01	3.70000000e+01	4.60000000e+01
-240	8.15130000e+04	3.00000000e+01	3.80000000e+01	4.70000000e+01
-239	8.33930000e+04	3.00000000e+01	3.80000000e+01	4.70000000e+01
-238	8.54110000e+04	3.00000000e+01	3.80000000e+01	4.70000000e+01
-237	8.69840000e+04	3.00000000e+01	3.80000000e+01	4.70000000e+01
-236	8.87000000e+04	3.00000000e+01	3.80000000e+01	4.70000000e+01
-235	9.06700000e+04	3.20000000e+01	4.00000000e+01	4.90000000e+01
-234	9.26760000e+04	3.20000000e+01	4.00000000e+01	4.90000000e+01
-233	9.45950000e+04	3.20000000e+01	4.10000000e+01	5.00000000e+01
-232	9.65730000e+04	3.30000000e+01	4.20000000e+01	5.10000000e+01
-231	9.83300000e+04	3.30000000e+01	4.40000000e+01	5.40000000e+01
-230	9.83910000e+04	3.40000000e+01	4.70000000e+01	5.70000000e+01
-229	9.88430000e+04	3.40000000e+01	4.70000000e+01	5.70000000e+01
-228	9.95800000e+04	3.40000000e+01	4.70000000e+01	5.70000000e+01
-227	1.00276000e+05	3.40000000e+01	4.90000000e+01	6.00000000e+01
-226	1.01006000e+05	3.40000000e+01	4.90000000e+01	6.00000000e+01
-225	1.01695000e+05	3.40000000e+01	4.90000000e+01	6.00000000e+01
-224	1.02338000e+05	3.40000000e+01	4.90000000e+01	6.00000000e+01
-223	1.03084000e+05	3.50000000e+01	5.10000000e+01	6.20000000e+01
-222	1.03753000e+05	3.50000000e+01	5.10000000e+01	6.20000000e+01
-221	1.04273000e+05	3.60000000e+01	5.20000000e+01	6.40000000e+01
-220	1.05076000e+05	3.80000000e+01	5.30000000e+01	6.50000000e+01
-219	1.05869000e+05	4.20000000e+01	5.80000000e+01	7.00000000e+01
-218	1.06602000e+05	4.20000000e+01	5.80000000e+01	7.00000000e+01
-217	1.07421000e+05	4.20000000e+01	5.80000000e+01	7.00000000e+01
-216	1.08235000e+05	4.30000000e+01	5.90000000e+01	7.10000000e+01
-215	1.08862000e+05	4.50000000e+01	6.00000000e+01	7.30000000e+01
-214	1.09533000e+05	4.70000000e+01	6.10000000e+01	7.40000000e+01
-213	1.10485000e+05	4.70000000e+01	6.40000000e+01	7.70000000e+01
-212	1.12284000e+05	5.40000000e+01	6.80000000e+01	8.40000000e+01
-211	1.16444000e+05	6.20000000e+01	7.60000000e+01	9.70000000e+01
-210	1.21258000e+05	6.30000000e+01	7.80000000e+01	1.00000000e+02
-209	1.25399000e+05	6.60000000e+01	8.10000000e+01	1.05000000e+02
-208	1.28919000e+05	6.80000000e+01	8.30000000e+01	1.08000000e+02
-207	1.32959000e+05	6.80000000e+01	8.50000000e+01	1.10000000e+02
-206	1.37307000e+05	6.80000000e+01	8.50000000e+01	1.10000000e+02
-205	1.40799000e+05	7.30000000e+01	8.70000000e+01	1.12000000e+02
-204	1.44205000e+05	8.00000000e+01	9.00000000e+01	1.17000000e+02
-203	1.47475000e+05	7.80000000e+01	9.20000000e+01	1.21000000e+02
-202	1.49998000e+05	8.10000000e+01	9.40000000e+01	1.23000000e+02
-201	1.52568000e+05	7.70000000e+01	9.50000000e+01	1.24000000e+02
-200	1.55251000e+05	8.10000000e+01	1.00000000e+02	1.29000000e+02
-199	1.58233000e+05	8.10000000e+01	1.00000000e+02	1.29000000e+02
-198	1.60752000e+05	8.10000000e+01	1.02000000e+02	1.31000000e+02
-197	1.63273000e+05	8.80000000e+01	1.04000000e+02	1.33000000e+02
-196	1.65753000e+05	9.30000000e+01	1.07000000e+02	1.37000000e+02
-195	1.68047000e+05	9.30000000e+01	1.08000000e+02	1.39000000e+02
-194	1.70345000e+05	9.00000000e+01	1.12000000e+02	1.49000000e+02
-193	1.73419000e+05	9.00000000e+01	1.12000000e+02	1.49000000e+02
-192	1.76601000e+05	9.20000000e+01	1.13000000e+02	1.52000000e+02
-191	1.79167000e+05	9.10000000e+01	1.15000000e+02	1.55000000e+02
-190	1.81718000e+05	9.70000000e+01	1.16000000e+02	1.57000000e+02
-189	1.84174000e+05	1.02000000e+02	1.20000000e+02	1.62000000e+02
-188	1.86707000e+05	1.06000000e+02	1.22000000e+02	1.65000000e+02
-187	1.89129000e+05	1.07000000e+02	1.24000000e+02	1.67000000e+02
-186	1.92136000e+05	1.05000000e+02	1.27000000e+02	1.71000000e+02
-185	1.95218000e+05	1.03000000e+02	1.29000000e+02	1.73000000e+02
-184	1.98338000e+05	1.08000000e+02	1.31000000e+02	1.75000000e+02
-183	2.01331000e+05	1.09000000e+02	1.33000000e+02	1.79000000e+02
-182	2.03778000e+05	1.09000000e+02	1.33000000e+02	1.79000000e+02
-181	2.06087000e+05	1.09000000e+02	1.34000000e+02	1.80000000e+02
-180	2.08384000e+05	1.09000000e+02	1.34000000e+02	1.80000000e+02
-179	2.10813000e+05	1.09000000e+02	1.34000000e+02	1.80000000e+02
-178	2.13550000e+05	1.09000000e+02	1.34000000e+02	1.80000000e+02
-177	2.15702000e+05	1.09000000e+02	1.34000000e+02	1.80000000e+02
-176	2.18304000e+05	1.09000000e+02	1.34000000e+02	1.80000000e+02
-175	2.20550000e+05	1.07000000e+02	1.35000000e+02	1.81000000e+02
-174	2.22802000e+05	1.11000000e+02	1.36000000e+02	1.83000000e+02
-173	2.25021000e+05	1.11000000e+02	1.41000000e+02	1.92000000e+02
-172	2.27341000e+05	1.11000000e+02	1.41000000e+02	1.92000000e+02
-171	2.29510000e+05	1.13000000e+02	1.42000000e+02	1.93000000e+02
-170	2.31851000e+05	1.15000000e+02	1.43000000e+02	1.94000000e+02
-169	2.33898000e+05	1.11000000e+02	1.44000000e+02	1.95000000e+02
-168	2.35993000e+05	1.11000000e+02	1.44000000e+02	1.95000000e+02
-167	2.37953000e+05	1.21000000e+02	1.45000000e+02	1.98000000e+02
-166	2.40101000e+05	1.21000000e+02	1.45000000e+02	1.98000000e+02
-165	2.42618000e+05	1.21000000e+02	1.45000000e+02	1.98000000e+02
-164	2.44911000e+05	1.20000000e+02	1.46000000e+02	2.02000000e+02
-163	2.46985000e+05	1.24000000e+02	1.47000000e+02	2.03000000e+02
-162	2.49045000e+05	1.24000000e+02	1.47000000e+02	2.03000000e+02
-161	2.50912000e+05	1.24000000e+02	1.47000000e+02	2.03000000e+02
-160	2.52918000e+05	1.26000000e+02	1.48000000e+02	2.04000000e+02
-159	2.55209000e+05	1.28000000e+02	1.50000000e+02	2.06000000e+02
-158	2.57422000e+05	1.28000000e+02	1.50000000e+02	2.06000000e+02
-157	2.59744000e+05	1.28000000e+02	1.50000000e+02	2.06000000e+02
-156	2.61589000e+05	1.28000000e+02	1.50000000e+02	2.06000000e+02
-155	2.63424000e+05	1.28000000e+02	1.50000000e+02	2.06000000e+02
-154	2.64966000e+05	1.28000000e+02	1.51000000e+02	2.07000000e+02
-153	2.66541000e+05	1.28000000e+02	1.51000000e+02	2.07000000e+02
-152	2.68916000e+05	1.28000000e+02	1.51000000e+02	2.07000000e+02
-151	2.71355000e+05	1.28000000e+02	1.51000000e+02	2.07000000e+02
-150	2.73021000e+05	1.28000000e+02	1.51000000e+02	2.07000000e+02
-149	2.74766000e+05	1.29000000e+02	1.54000000e+02	2.10000000e+02
-148	2.76568000e+05	1.26000000e+02	1.56000000e+02	2.12000000e+02
-147	2.78343000e+05	1.36000000e+02	1.58000000e+02	2.14000000e+02
-146	2.81409000e+05	1.39000000e+02	1.64000000e+02	2.21000000e+02
-145	2.84300000e+05	1.44000000e+02	1.67000000e+02	2.25000000e+02
-144	2.86972000e+05	1.46000000e+02	1.68000000e+02	2.27000000e+02
-143	2.88969000e+05	1.44000000e+02	1.71000000e+02	2.31000000e+02
-142	2.91020000e+05	1.44000000e+02	1.71000000e+02	2.31000000e+02
-141	2.91020000e+05	1.44000000e+02	1.71000000e+02	2.31000000e+02
-140	2.92792000e+05	1.48000000e+02	1.73000000e+02	2.35000000e+02
-139	2.92792000e+05	1.48000000e+02	1.73000000e+02	2.35000000e+02
-138	2.92792000e+05	1.48000000e+02	1.73000000e+02	2.35000000e+02
-137	2.92792000e+05	1.49000000e+02	1.74000000e+02	2.36000000e+02
-136	2.94608000e+05	1.49000000e+02	1.74000000e+02	2.36000000e+02
-135	2.96193000e+05	1.49000000e+02	1.74000000e+02	2.36000000e+02
-134	2.97752000e+05	1.49000000e+02	1.74000000e+02	2.36000000e+02
-133	2.99305000e+05	1.49000000e+02	1.74000000e+02	2.36000000e+02
-132	3.01025000e+05	1.49000000e+02	1.74000000e+02	2.36000000e+02
-131	3.02901000e+05	1.52000000e+02	1.75000000e+02	2.38000000e+02
-130	3.04969000e+05	1.52000000e+02	1.75000000e+02	2.38000000e+02
-129	3.06373000e+05	1.52000000e+02	1.75000000e+02	2.38000000e+02
-128	3.07842000e+05	1.52000000e+02	1.75000000e+02	2.38000000e+02
-127	3.09313000e+05	1.50000000e+02	1.77000000e+02	2.40000000e+02
-126	3.10958000e+05	1.50000000e+02	1.77000000e+02	2.40000000e+02
-125	3.12392000e+05	1.53000000e+02	1.78000000e+02	2.41000000e+02
-124	3.14326000e+05	1.50000000e+02	1.79000000e+02	2.42000000e+02
-123	3.16145000e+05	1.51000000e+02	1.80000000e+02	2.43000000e+02
-122	3.17944000e+05	1.59000000e+02	1.81000000e+02	2.45000000e+02
-121	3.19680000e+05	1.59000000e+02	1.81000000e+02	2.45000000e+02
-120	3.19680000e+05	1.59000000e+02	1.81000000e+02	2.45000000e+02
-119	3.19680000e+05	1.52000000e+02	1.82000000e+02	2.46000000e+02
-118	3.19680000e+05	1.58000000e+02	1.83000000e+02	2.47000000e+02
-117	3.21690000e+05	1.67000000e+02	1.86000000e+02	2.51000000e+02
-116	3.23475000e+05	1.67000000e+02	1.86000000e+02	2.51000000e+02
-115	3.24928000e+05	1.67000000e+02	1.86000000e+02	2.51000000e+02
-114	3.26459000e+05	1.61000000e+02	1.87000000e+02	2.52000000e+02
-113	3.27876000e+05	1.61000000e+02	1.89000000e+02	2.54000000e+02
-112	3.29602000e+05	1.61000000e+02	1.89000000e+02	2.54000000e+02
-111	3.31637000e+05	1.61000000e+02	1.89000000e+02	2.54000000e+02
-110	3.33828000e+05	1.66000000e+02	1.92000000e+02	2.57000000e+02
-109	3.35864000e+05	1.66000000e+02	1.92000000e+02	2.57000000e+02
-108	3.37754000e+05	1.66000000e+02	1.92000000e+02	2.57000000e+02
-107	3.39330000e+05	1.66000000e+02	1.92000000e+02	2.57000000e+02
-106	3.40996000e+05	1.66000000e+02	1.92000000e+02	2.57000000e+02
-105	3.42678000e+05	1.66000000e+02	1.92000000e+02	2.57000000e+02
-104	3.44548000e+05	1.72000000e+02	1.94000000e+02	2.60000000e+02
-103	3.46719000e+05	1.78000000e+02	1.95000000e+02	2.61000000e+02
-102	3.48626000e+05	1.78000000e+02	1.95000000e+02	2.61000000e+02
-101	3.50321000e+05	1.78000000e+02	1.95000000e+02	2.61000000e+02
-100	3.52000000e+05	1.68000000e+02	1.96000000e+02	2.63000000e+02
-99	3.54338000e+05	1.73000000e+02	1.97000000e+02	2.64000000e+02
-98	3.56855000e+05	1.71000000e+02	1.98000000e+02	2.65000000e+02
-97	3.59306000e+05	1.71000000e+02	1.98000000e+02	2.65000000e+02
-96	3.61887000e+05	1.71000000e+02	1.98000000e+02	2.65000000e+02
-95	3.64718000e+05	1.71000000e+02	1.98000000e+02	2.65000000e+02
-94	3.67122000e+05	1.74000000e+02	1.99000000e+02	2.67000000e+02
-93	3.69363000e+05	1.72000000e+02	2.00000000e+02	2.69000000e+02
-92	3.71978000e+05	1.75000000e+02	2.02000000e+02	2.72000000e+02
-91	3.74200000e+05	1.76000000e+02	2.03000000e+02	2.73000000e+02
-90	3.76845000e+05	1.76000000e+02	2.03000000e+02	2.73000000e+02
-89	3.80051000e+05	1.76000000e+02	2.03000000e+02	2.73000000e+02
-88	3.80051000e+05	1.79000000e+02	2.04000000e+02	2.75000000e+02
-87	3.82549000e+05	1.79000000e+02	2.04000000e+02	2.75000000e+02
-86	3.84845000e+05	1.79000000e+02	2.05000000e+02	2.76000000e+02
-85	3.87023000e+05	1.82000000e+02	2.06000000e+02	2.77000000e+02
-84	3.89708000e+05	1.77000000e+02	2.09000000e+02	2.80000000e+02
-83	3.93572000e+05	1.79000000e+02	2.12000000e+02	2.83000000e+02
-82	3.97431000e+05	1.83000000e+02	2.14000000e+02	2.85000000e+02
-81	3.97431000e+05	1.83000000e+02	2.14000000e+02	2.85000000e+02
-80	4.00286000e+05	1.83000000e+02	2.14000000e+02	2.85000000e+02
-79	4.03711000e+05	1.83000000e+02	2.15000000e+02	2.86000000e+02
-78	4.06881000e+05	1.85000000e+02	2.16000000e+02	2.87000000e+02
-77	4.12353000e+05	1.83000000e+02	2.17000000e+02	2.88000000e+02
-76	4.16764000e+05	1.83000000e+02	2.18000000e+02	2.90000000e+02
-75	4.21181000e+05	1.83000000e+02	2.18000000e+02	2.90000000e+02
-74	4.25594000e+05	1.83000000e+02	2.18000000e+02	2.90000000e+02
-73	4.29318000e+05	1.83000000e+02	2.18000000e+02	2.90000000e+02
-72	4.32183000e+05	1.86000000e+02	2.19000000e+02	2.91000000e+02
-71	4.35191000e+05	1.86000000e+02	2.19000000e+02	2.91000000e+02
-70	4.38574000e+05	1.86000000e+02	2.19000000e+02	2.91000000e+02
-69	4.42180000e+05	1.86000000e+02	2.19000000e+02	2.91000000e+02
-68	4.46847000e+05	1.88000000e+02	2.21000000e+02	2.93000000e+02
-67	4.51531000e+05	1.88000000e+02	2.21000000e+02	2.93000000e+02
-66	4.55684000e+05	1.89000000e+02	2.23000000e+02	2.95000000e+02
-65	4.58526000e+05	1.94000000e+02	2.25000000e+02	2.97000000e+02
-64	4.61577000e+05	1.94000000e+02	2.25000000e+02	2.97000000e+02
-63	4.64387000e+05	1.94000000e+02	2.25000000e+02	2.97000000e+02
-62	4.67419000e+05	1.94000000e+02	2.25000000e+02	2.97000000e+02
-61	4.70980000e+05	1.94000000e+02	2.25000000e+02	2.97000000e+02
-60	4.74400000e+05	1.94000000e+02	2.25000000e+02	2.97000000e+02
-59	4.77199000e+05	1.94000000e+02	2.25000000e+02	2.97000000e+02
-58	4.79741000e+05	1.90000000e+02	2.26000000e+02	2.98000000e+02
-57	4.82473000e+05	1.92000000e+02	2.27000000e+02	2.99000000e+02
-56	4.85702000e+05	1.92000000e+02	2.27000000e+02	2.99000000e+02
-55	4.89500000e+05	1.92000000e+02	2.27000000e+02	2.99000000e+02
-54	4.94050000e+05	1.92000000e+02	2.27000000e+02	2.99000000e+02
-53	4.98947000e+05	1.92000000e+02	2.27000000e+02	2.99000000e+02
-52	5.04701000e+05	1.92000000e+02	2.27000000e+02	2.99000000e+02
-51	5.09701000e+05	1.92000000e+02	2.29000000e+02	3.01000000e+02
-50	5.14752000e+05	1.90000000e+02	2.30000000e+02	3.02000000e+02
-49	5.19297000e+05	1.98000000e+02	2.33000000e+02	3.05000000e+02
-48	5.23262000e+05	1.98000000e+02	2.33000000e+02	3.05000000e+02
-47	5.29564000e+05	1.97000000e+02	2.38000000e+02	3.11000000e+02
-46	5.35682000e+05	1.97000000e+02	2.38000000e+02	3.11000000e+02
-45	5.42604000e+05	2.00000000e+02	2.40000000e+02	3.13000000e+02
-44	5.49297000e+05	2.00000000e+02	2.40000000e+02	3.13000000e+02
-43	5.55915000e+05	2.04000000e+02	2.41000000e+02	3.14000000e+02
-42	5.62802000e+05	2.00000000e+02	2.42000000e+02	3.18000000e+02
-41	5.69438000e+05	2.06000000e+02	2.43000000e+02	3.19000000e+02
-40	5.76238000e+05	2.04000000e+02	2.46000000e+02	3.22000000e+02
-39	5.82759000e+05	2.04000000e+02	2.47000000e+02	3.23000000e+02
-38	5.88190000e+05	2.16000000e+02	2.48000000e+02	3.25000000e+02
-37	5.93392000e+05	2.06000000e+02	2.49000000e+02	3.26000000e+02
-36	5.98768000e+05	2.11000000e+02	2.51000000e+02	3.28000000e+02
-35	6.04845000e+05	2.16000000e+02	2.54000000e+02	3.32000000e+02
-34	6.10622000e+05	2.18000000e+02	2.58000000e+02	3.36000000e+02
-33	6.17198000e+05	2.21000000e+02	2.60000000e+02	3.38000000e+02
-32	6.23273000e+05	2.25000000e+02	2.61000000e+02	3.39000000e+02
-31	6.29292000e+05	2.27000000e+02	2.67000000e+02	3.45000000e+02
-30	6.35172000e+05	2.27000000e+02	2.69000000e+02	3.47000000e+02
-29	6.41700000e+05	2.33000000e+02	2.70000000e+02	3.48000000e+02
-28	6.47932000e+05	2.29000000e+02	2.76000000e+02	3.54000000e+02
-27	6.53868000e+05	2.31000000e+02	2.79000000e+02	3.57000000e+02
-26	6.61135000e+05	2.38000000e+02	2.83000000e+02	3.62000000e+02
-25	6.69303000e+05	2.39000000e+02	2.87000000e+02	3.67000000e+02
-24	6.78294000e+05	2.43000000e+02	2.90000000e+02	3.70000000e+02
-23	6.86008000e+05	2.43000000e+02	2.90000000e+02	3.70000000e+02
-22	6.92951000e+05	2.48000000e+02	2.91000000e+02	3.71000000e+02
-21	6.99309000e+05	2.40000000e+02	2.95000000e+02	3.75000000e+02
-20	7.07326000e+05	2.40000000e+02	2.95000000e+02	3.75000000e+02
-19	7.07326000e+05	2.44000000e+02	3.00000000e+02	3.80000000e+02
-18	7.07326000e+05	2.44000000e+02	3.00000000e+02	3.80000000e+02
-17	7.20392000e+05	2.52000000e+02	3.05000000e+02	3.86000000e+02
-16	7.29938000e+05	2.54000000e+02	3.06000000e+02	3.87000000e+02
-15	7.40023000e+05	2.52000000e+02	3.11000000e+02	3.97000000e+02
-14	7.50060000e+05	2.52000000e+02	3.11000000e+02	3.97000000e+02
-13	7.61991000e+05	2.64000000e+02	3.17000000e+02	4.04000000e+02
-12	7.76138000e+05	2.60000000e+02	3.22000000e+02	4.10000000e+02
-11	7.91190000e+05	2.66000000e+02	3.28000000e+02	4.16000000e+02
-10	8.03314000e+05	2.68000000e+02	3.35000000e+02	4.23000000e+02
-9	8.15362000e+05	2.68000000e+02	3.35000000e+02	4.23000000e+02
-8	8.28122000e+05	2.72000000e+02	3.40000000e+02	4.29000000e+02
-7	8.43320000e+05	2.72000000e+02	3.43000000e+02	4.34000000e+02
-6	8.61555000e+05	2.72000000e+02	3.44000000e+02	4.35000000e+02
-5	8.81701000e+05	2.76000000e+02	3.48000000e+02	4.39000000e+02
-4	9.02041000e+05	2.87000000e+02	3.55000000e+02	4.46000000e+02
-3	9.02041000e+05	3.05000000e+02	3.76000000e+02	4.78000000e+02
-2	9.21713000e+05	3.15000000e+02	3.82000000e+02	4.89000000e+02
-1	9.45245000e+05	3.25000000e+02	3.96000000e+02	5.08000000e+02
0	9.73042000e+05	3.25000000e+02	4.04000000e+02	5.18000000e+02
1	1.01883300e+06	3.52000000e+02	4.28000000e+02	5.43000000e+02
2	1.07286600e+06	3.85000000e+02	4.72000000e+02	5.98000000e+02
3	1.12227800e+06	4.46000000e+02	5.29000000e+02	6.80000000e+02
4	1.17692300e+06	4.96000000e+02	5.81000000e+02	7.53000000e+02
5	1.21628600e+06	4.90000000e+02	5.87000000e+02	7.60000000e+02
6	1.24736600e+06	4.67000000e+02	5.94000000e+02	7.69000000e+02
7	1.27465300e+06	4.88000000e+02	6.06000000e+02	7.85000000e+02
8	1.29979900e+06	5.10000000e+02	6.08000000e+02	7.87000000e+02
9	1.33197200e+06	4.79000000e+02	6.13000000e+02	7.93000000e+02
10	1.36710000e+06	4.86000000e+02	6.17000000e+02	7.98000000e+02
11	1.39424700e+06	4.94000000e+02	6.24000000e+02	8.09000000e+02
12	1.39424700e+06	5.14000000e+02	6.30000000e+02	8.16000000e+02
13	1.40954800e+06	4.89000000e+02	6.33000000e+02	8.19000000e+02
14	1.42232700e+06	4.91000000e+02	6.36000000e+02	8.23000000e+02
15	1.43702200e+06	5.15000000e+02	6.41000000e+02	8.32000000e+02
16	1.45752800e+06	5.21000000e+02	6.42000000e+02	8.33000000e+02
17	1.47817800e+06	5.05000000e+02	6.43000000e+02	8.34000000e+02
18	1.49275700e+06	5.05000000e+02	6.44000000e+02	8.35000000e+02
19	1.50447700e+06	4.90000000e+02	6.45000000e+02	8.36000000e+02
20	1.51511500e+06	5.20000000e+02	6.46000000e+02	8.37000000e+02
21	1.52573300e+06	5.17000000e+02	6.48000000e+02	8.39000000e+02
22	1.53735600e+06	5.17000000e+02	6.48000000e+02	8.39000000e+02
23	1.55199500e+06	5.16000000e+02	6.53000000e+02	8.45000000e+02
24	1.56827800e+06	5.05000000e+02	6.56000000e+02	8.49000000e+02
25	1.58027900e+06	5.05000000e+02	6.56000000e+02	8.49000000e+02
26	1.59054200e+06	5.33000000e+02	6.58000000e+02	8.53000000e+02
27	1.59897800e+06	5.09000000e+02	6.60000000e+02	8.55000000e+02
28	1.60749700e+06	5.14000000e+02	6.60000000e+02	8.56000000e+02
29	1.61732600e+06	5.17000000e+02	6.63000000e+02	8.59000000e+02
30	1.62974300e+06	5.23000000e+02	6.64000000e+02	8.60000000e+02
31	1.64112600e+06	5.19000000e+02	6.65000000e+02	8.61000000e+02
32	1.65017000e+06	5.29000000e+02	6.66000000e+02	8.62000000e+02
33	1.65809500e+06	5.11000000e+02	6.70000000e+02	8.66000000e+02
34	1.66613600e+06	5.33000000e+02	6.85000000e+02	8.84000000e+02
35	1.67363800e+06	5.50000000e+02	6.90000000e+02	8.91000000e+02
36	1.68150900e+06	5.49000000e+02	6.93000000e+02	8.94000000e+02
37	1.69025400e+06	5.34000000e+02	7.00000000e+02	9.03000000e+02
38	1.69966300e+06	5.49000000e+02	7.08000000e+02	9.12000000e+02
39	1.70670100e+06	5.69000000e+02	7.16000000e+02	9.22000000e+02
40	1.71318200e+06	5.69000000e+02	7.26000000e+02	9.33000000e+02
41	1.71895600e+06	5.69000000e+02	7.26000000e+02	9.33000000e+02
42	1.72447300e+06	5.77000000e+02	7.28000000e+02	9.35000000e+02
43	1.73079700e+06	5.58000000e+02	7.31000000e+02	9.39000000e+02
44	1.73872000e+06	5.60000000e+02	7.34000000e+02	9.45000000e+02
45	1.74634100e+06	5.80000000e+02	7.42000000e+02	9.53000000e+02
46	1.75330300e+06	5.96000000e+02	7.43000000e+02	9.55000000e+02
47	1.75916900e+06	5.79000000e+02	7.46000000e+02	9.60000000e+02
48	1.76526500e+06	5.61000000e+02	7.50000000e+02	9.64000000e+02
49	1.77209500e+06	5.87000000e+02	7.57000000e+02	9.73000000e+02
50	1.77973800e+06	5.92000000e+02	7.58000000e+02	9.74000000e+02
51	1.78804200e+06	6.11000000e+02	7.65000000e+02	9.83000000e+02
52	1.79609100e+06	6.09000000e+02	7.70000000e+02	9.89000000e+02
53	1.80379800e+06	6.06000000e+02	7.75000000e+02	9.94000000e+02
54	1.80981700e+06	5.69000000e+02	7.81000000e+02	1.00100000e+03
55	1.81548700e+06	5.70000000e+02	7.82000000e+02	1.00200000e+03
56	1.82096600e+06	5.72000000e+02	7.85000000e+02	1.00500000e+03
57	1.82635100e+06	5.73000000e+02	7.86000000e+02	1.00600000e+03
58	1.83268500e+06	5.73000000e+02	7.89000000e+02	1.01000000e+03
59	1.84023900e+06	5.75000000e+02	7.91000000e+02	1.01200000e+03
60	1.84584400e+06	5.79000000e+02	7.96000000e+02	1.01900000e+03
61	1.85104000e+06	5.79000000e+02	7.96000000e+02	1.01900000e+03
62	1.85554200e+06	5.80000000e+02	7.98000000e+02	1.02100000e+03
63	1.86017100e+06	5.85000000e+02	8.09000000e+02	1.04000000e+03
64	1.86576900e+06	5.90000000e+02	8.17000000e+02	1.05000000e+03
65	1.87217100e+06	5.91000000e+02	8.18000000e+02	1.05100000e+03
66	1.87791300e+06	5.91000000e+02	8.19000000e+02	1.05300000e+03
67	1.88260600e+06	5.95000000e+02	8.23000000e+02	1.05700000e+03
68	1.88646700e+06	5.97000000e+02	8.25000000e+02	1.06100000e+03
69	1.89052300e+06	5.97000000e+02	8.25000000e+02	1.06100000e+03
70	1.89420700e+06	5.99000000e+02	8.27000000e+02	1.06400000e+03
71	1.89853400e+06	6.00000000e+02	8.29000000e+02	1.06600000e+03
72	1.90367300e+06	6.01000000e+02	8.32000000e+02	1.07000000e+03
73	1.90933700e+06	6.04000000e+02	8.35000000e+02	1.07300000e+03
74	1.91381100e+06	6.05000000e+02	8.37000000e+02	1.07600000e+03
75	1.91767700e+06	6.07000000e+02	8.40000000e+02	1.07900000e+03
76	1.92133800e+06	6.11000000e+02	8.45000000e+02	1.08400000e+03
77	1.92481400e+06	6.11000000e+02	8.45000000e+02	1.08400000e+03
78	1.92880300e+06	6.12000000e+02	8.46000000e+02	1.08500000e+03
79	1.93366500e+06	6.13000000e+02	8.47000000e+02	1.08600000e+03
80	1.93916800e+06	6.15000000e+02	8.50000000e+02	1.09000000e+03
81	1.94394000e+06	6.17000000e+02	8.52000000e+02	1.09300000e+03
82	1.94816300e+06	6.20000000e+02	8.55000000e+02	1.09600000e+03
83	1.95215900e+06	6.22000000e+02	8.59000000e+02	1.10000000e+03
84	1.95620100e+06	6.26000000e+02	8.66000000e+02	1.10900000e+03
85	1.96066800e+06	6.30000000e+02	8.71000000e+02	1.11600000e+03
86	1.96561400e+06	6.30000000e+02	8.71000000e+02	1.11600000e+03
87	1.97081200e+06	6.31000000e+02	8.74000000e+02	1.12000000e+03
88	1.97542200e+06	6.35000000e+02	8.78000000e+02	1.12400000e+03
89	1.97906300e+06	6.38000000e+02	8.81000000e+02	1.12800000e+03
90	1.98284700e+06	6.40000000e+02	8.85000000e+02	1.13300000e+03
91	1.98598600e+06	6.40000000e+02	8.85000000e+02	1.13300000e+03
92	1.98961200e+06	6.40000000e+02	8.85000000e+02	1.13300000e+03
93	1.99483600e+06	6.41000000e+02	8.86000000e+02	1.13500000e+03
94	1.99973400e+06	6.42000000e+02	8.87000000e+02	1.13600000e+03
95	2.00338900e+06	6.46000000e+02	8.91000000e+02	1.14000000e+03
96	2.00630400e+06	6.46000000e+02	8.92000000e+02	1.14200000e+03
97	2.00883300e+06	6.48000000e+02	8.94000000e+02	1.14400000e+03
98	2.01210200e+06	6.48000000e+02	8.94000000e+02	1.14400000e+03
99	2.01595700e+06	6.49000000e+02	8.96000000e+02	1.14600000e+03
100	2.02076000e+06	6.50000000e+02	8.99000000e+02	1.15200000e+03
