Day_(movie_time)	Views	Users	Rigor	Edits
-500	0.00000000e+00	6.00000000e+00	8.00000000e+00	1.40000000e+01
-499	1.60000000e+02	6.00000000e+00	8.00000000e+00	1.40000000e+01
-498	3.15000000e+02	6.00000000e+00	8.00000000e+00	1.40000000e+01
-497	4.65000000e+02	6.00000000e+00	8.00000000e+00	1.40000000e+01
-496	6.52000000e+02	7.00000000e+00	9.00000000e+00	1.50000000e+01
-495	8.02000000e+02	7.00000000e+00	9.00000000e+00	1.50000000e+01
-494	9.91000000e+02	8.00000000e+00	1.00000000e+01	1.60000000e+01
-493	1.21600000e+03	8.00000000e+00	1.00000000e+01	1.60000000e+01
-492	1.41800000e+03	8.00000000e+00	1.00000000e+01	1.60000000e+01
-491	1.60200000e+03	8.00000000e+00	1.00000000e+01	1.60000000e+01
-490	1.82200000e+03	8.00000000e+00	1.00000000e+01	1.60000000e+01
-489	2.00300000e+03	8.00000000e+00	1.00000000e+01	1.60000000e+01
-488	2.17300000e+03	8.00000000e+00	1.00000000e+01	1.60000000e+01
-487	2.36700000e+03	8.00000000e+00	1.00000000e+01	1.60000000e+01
-486	2.53500000e+03	8.00000000e+00	1.00000000e+01	1.60000000e+01
-485	2.72100000e+03	8.00000000e+00	1.00000000e+01	1.60000000e+01
-484	2.91600000e+03	9.00000000e+00	1.10000000e+01	1.70000000e+01
-483	3.10600000e+03	9.00000000e+00	1.10000000e+01	1.70000000e+01
-482	3.31900000e+03	9.00000000e+00	1.10000000e+01	1.70000000e+01
-481	3.47700000e+03	9.00000000e+00	1.10000000e+01	1.70000000e+01
-480	3.67200000e+03	9.00000000e+00	1.10000000e+01	1.70000000e+01
-479	3.83300000e+03	9.00000000e+00	1.10000000e+01	1.70000000e+01
-478	3.99500000e+03	9.00000000e+00	1.10000000e+01	1.70000000e+01
-477	4.17000000e+03	9.00000000e+00	1.10000000e+01	1.70000000e+01
-476	4.34200000e+03	9.00000000e+00	1.10000000e+01	1.70000000e+01
-475	4.53800000e+03	9.00000000e+00	1.10000000e+01	1.70000000e+01
-474	4.74100000e+03	9.00000000e+00	1.10000000e+01	1.70000000e+01
-473	4.94900000e+03	9.00000000e+00	1.10000000e+01	1.70000000e+01
-472	5.15900000e+03	9.00000000e+00	1.10000000e+01	1.70000000e+01
-471	5.33700000e+03	9.00000000e+00	1.10000000e+01	1.70000000e+01
-470	5.55100000e+03	9.00000000e+00	1.10000000e+01	1.70000000e+01
-469	5.84400000e+03	9.00000000e+00	1.10000000e+01	1.70000000e+01
-468	6.11100000e+03	9.00000000e+00	1.10000000e+01	1.70000000e+01
-467	6.47300000e+03	9.00000000e+00	1.10000000e+01	1.70000000e+01
-466	6.83100000e+03	1.10000000e+01	1.30000000e+01	1.90000000e+01
-465	7.18100000e+03	1.10000000e+01	1.30000000e+01	1.90000000e+01
-464	7.50600000e+03	1.10000000e+01	1.30000000e+01	1.90000000e+01
-463	7.81800000e+03	1.10000000e+01	1.30000000e+01	1.90000000e+01
-462	8.17600000e+03	1.10000000e+01	1.30000000e+01	1.90000000e+01
-461	8.48900000e+03	1.10000000e+01	1.30000000e+01	1.90000000e+01
-460	8.77000000e+03	1.10000000e+01	1.30000000e+01	1.90000000e+01
-459	9.14800000e+03	1.10000000e+01	1.30000000e+01	1.90000000e+01
-458	9.50800000e+03	1.10000000e+01	1.30000000e+01	1.90000000e+01
-457	9.83700000e+03	1.10000000e+01	1.30000000e+01	1.90000000e+01
-456	1.01280000e+04	1.20000000e+01	1.40000000e+01	2.00000000e+01
-455	1.04520000e+04	1.20000000e+01	1.40000000e+01	2.00000000e+01
-454	1.07610000e+04	1.20000000e+01	1.40000000e+01	2.00000000e+01
-453	1.10670000e+04	1.20000000e+01	1.40000000e+01	2.00000000e+01
-452	1.14260000e+04	1.20000000e+01	1.40000000e+01	2.00000000e+01
-451	1.17790000e+04	1.20000000e+01	1.40000000e+01	2.00000000e+01
-450	1.22630000e+04	1.20000000e+01	1.40000000e+01	2.00000000e+01
-449	1.27070000e+04	1.30000000e+01	1.50000000e+01	2.20000000e+01
-448	1.30600000e+04	1.30000000e+01	1.50000000e+01	2.20000000e+01
-447	1.34520000e+04	1.30000000e+01	1.50000000e+01	2.20000000e+01
-446	1.38940000e+04	1.30000000e+01	1.50000000e+01	2.20000000e+01
-445	1.43510000e+04	1.30000000e+01	1.50000000e+01	2.20000000e+01
-444	1.49430000e+04	1.30000000e+01	1.50000000e+01	2.20000000e+01
-443	1.54880000e+04	1.30000000e+01	1.50000000e+01	2.20000000e+01
-442	1.60100000e+04	1.50000000e+01	1.80000000e+01	2.80000000e+01
-441	1.64680000e+04	1.50000000e+01	1.80000000e+01	2.80000000e+01
-440	1.69420000e+04	1.50000000e+01	1.80000000e+01	2.80000000e+01
-439	1.73990000e+04	1.50000000e+01	1.80000000e+01	2.80000000e+01
-438	1.79860000e+04	1.50000000e+01	1.80000000e+01	2.80000000e+01
-437	1.87350000e+04	1.50000000e+01	1.80000000e+01	2.80000000e+01
-436	1.94820000e+04	1.50000000e+01	1.80000000e+01	2.80000000e+01
-435	2.02840000e+04	1.50000000e+01	1.80000000e+01	2.80000000e+01
-434	2.08570000e+04	1.50000000e+01	1.80000000e+01	2.80000000e+01
-433	2.13950000e+04	1.50000000e+01	1.80000000e+01	2.80000000e+01
-432	2.18740000e+04	1.70000000e+01	2.00000000e+01	3.00000000e+01
-431	2.24470000e+04	1.70000000e+01	2.00000000e+01	3.00000000e+01
-430	2.30270000e+04	1.60000000e+01	2.20000000e+01	3.20000000e+01
-429	2.35590000e+04	1.60000000e+01	2.20000000e+01	3.20000000e+01
-428	2.40750000e+04	1.60000000e+01	2.20000000e+01	3.20000000e+01
-427	2.45570000e+04	1.70000000e+01	2.30000000e+01	3.30000000e+01
-426	2.50160000e+04	1.90000000e+01	2.40000000e+01	3.50000000e+01
-425	2.54410000e+04	1.90000000e+01	2.40000000e+01	3.50000000e+01
-424	2.60100000e+04	1.90000000e+01	2.40000000e+01	3.50000000e+01
-423	2.65410000e+04	2.10000000e+01	2.50000000e+01	3.70000000e+01
-422	2.71700000e+04	2.10000000e+01	2.50000000e+01	3.70000000e+01
-421	2.78800000e+04	2.10000000e+01	2.60000000e+01	3.80000000e+01
-420	2.84520000e+04	2.10000000e+01	2.60000000e+01	3.80000000e+01
-419	2.89930000e+04	2.10000000e+01	2.60000000e+01	3.80000000e+01
-418	2.95500000e+04	2.10000000e+01	2.60000000e+01	3.80000000e+01
-417	3.02110000e+04	2.10000000e+01	2.60000000e+01	3.80000000e+01
-416	3.09070000e+04	2.40000000e+01	2.70000000e+01	4.00000000e+01
-415	3.15660000e+04	2.40000000e+01	2.80000000e+01	4.10000000e+01
-414	3.22970000e+04	2.70000000e+01	3.00000000e+01	4.30000000e+01
-413	3.28660000e+04	2.70000000e+01	3.00000000e+01	4.30000000e+01
-412	3.34640000e+04	2.70000000e+01	3.00000000e+01	4.30000000e+01
-411	3.40790000e+04	2.70000000e+01	3.00000000e+01	4.30000000e+01
-410	3.46710000e+04	2.70000000e+01	3.00000000e+01	4.30000000e+01
-409	3.54270000e+04	2.70000000e+01	3.00000000e+01	4.30000000e+01
-408	3.60450000e+04	2.70000000e+01	3.00000000e+01	4.30000000e+01
-407	3.66720000e+04	2.70000000e+01	3.00000000e+01	4.30000000e+01
-406	3.72540000e+04	2.70000000e+01	3.00000000e+01	4.30000000e+01
-405	3.78750000e+04	2.70000000e+01	3.00000000e+01	4.30000000e+01
-404	3.83330000e+04	2.70000000e+01	3.00000000e+01	4.30000000e+01
-403	3.89520000e+04	2.70000000e+01	3.00000000e+01	4.30000000e+01
-402	3.97520000e+04	2.70000000e+01	3.00000000e+01	4.30000000e+01
-401	4.04310000e+04	2.70000000e+01	3.00000000e+01	4.30000000e+01
-400	4.10970000e+04	2.70000000e+01	3.00000000e+01	4.30000000e+01
-399	4.17420000e+04	2.50000000e+01	3.10000000e+01	4.40000000e+01
-398	4.23850000e+04	2.50000000e+01	3.10000000e+01	4.40000000e+01
-397	4.29730000e+04	2.50000000e+01	3.10000000e+01	4.40000000e+01
-396	4.36860000e+04	2.50000000e+01	3.10000000e+01	4.40000000e+01
-395	4.44330000e+04	2.50000000e+01	3.10000000e+01	4.40000000e+01
-394	4.52000000e+04	2.50000000e+01	3.10000000e+01	4.40000000e+01
-393	4.59100000e+04	2.50000000e+01	3.10000000e+01	4.40000000e+01
-392	4.66460000e+04	2.50000000e+01	3.10000000e+01	4.40000000e+01
-391	4.74570000e+04	2.50000000e+01	3.10000000e+01	4.40000000e+01
-390	4.81400000e+04	2.60000000e+01	3.20000000e+01	4.50000000e+01
-389	4.89300000e+04	2.60000000e+01	3.20000000e+01	4.50000000e+01
-388	4.97600000e+04	2.60000000e+01	3.20000000e+01	4.50000000e+01
-387	5.05230000e+04	2.60000000e+01	3.20000000e+01	4.50000000e+01
-386	5.12880000e+04	2.60000000e+01	3.20000000e+01	4.50000000e+01
-385	5.19500000e+04	2.60000000e+01	3.20000000e+01	4.50000000e+01
-384	5.26200000e+04	2.60000000e+01	3.20000000e+01	4.50000000e+01
-383	5.32920000e+04	2.70000000e+01	3.30000000e+01	4.60000000e+01
-382	5.40010000e+04	2.70000000e+01	3.30000000e+01	4.60000000e+01
-381	5.49430000e+04	2.70000000e+01	3.30000000e+01	4.60000000e+01
-380	5.56530000e+04	2.70000000e+01	3.30000000e+01	4.60000000e+01
-379	5.63920000e+04	2.70000000e+01	3.30000000e+01	4.60000000e+01
-378	5.71120000e+04	2.70000000e+01	3.30000000e+01	4.60000000e+01
-377	5.78130000e+04	2.70000000e+01	3.30000000e+01	4.60000000e+01
-376	5.84590000e+04	3.10000000e+01	3.60000000e+01	4.90000000e+01
-375	5.92700000e+04	3.40000000e+01	3.80000000e+01	5.30000000e+01
-374	6.00500000e+04	3.40000000e+01	3.80000000e+01	5.30000000e+01
-373	6.08350000e+04	3.40000000e+01	3.80000000e+01	5.30000000e+01
-372	6.15710000e+04	3.40000000e+01	3.80000000e+01	5.30000000e+01
-371	6.22690000e+04	3.40000000e+01	3.80000000e+01	5.30000000e+01
-370	6.31380000e+04	3.40000000e+01	3.80000000e+01	5.30000000e+01
-369	6.38430000e+04	3.40000000e+01	3.80000000e+01	5.30000000e+01
-368	6.45660000e+04	3.40000000e+01	3.80000000e+01	5.30000000e+01
-367	6.55250000e+04	3.40000000e+01	3.80000000e+01	5.30000000e+01
-366	6.63790000e+04	3.40000000e+01	3.80000000e+01	5.30000000e+01
-365	6.72390000e+04	3.20000000e+01	3.90000000e+01	5.40000000e+01
-364	6.78660000e+04	3.20000000e+01	3.90000000e+01	5.40000000e+01
-363	6.86350000e+04	3.20000000e+01	3.90000000e+01	5.40000000e+01
-362	6.94530000e+04	3.20000000e+01	3.90000000e+01	5.40000000e+01
-361	7.02650000e+04	3.20000000e+01	3.90000000e+01	5.40000000e+01
-360	7.11540000e+04	3.50000000e+01	4.10000000e+01	5.70000000e+01
-359	7.19110000e+04	3.40000000e+01	4.20000000e+01	5.80000000e+01
-358	7.25870000e+04	3.40000000e+01	4.20000000e+01	5.80000000e+01
-357	7.33470000e+04	3.40000000e+01	4.20000000e+01	5.80000000e+01
-356	7.40650000e+04	3.40000000e+01	4.20000000e+01	5.80000000e+01
-355	7.48860000e+04	3.40000000e+01	4.20000000e+01	5.80000000e+01
-354	7.57060000e+04	3.40000000e+01	4.20000000e+01	5.80000000e+01
-353	7.66220000e+04	3.40000000e+01	4.20000000e+01	5.80000000e+01
-352	7.74160000e+04	3.40000000e+01	4.20000000e+01	5.80000000e+01
-351	7.81980000e+04	3.40000000e+01	4.20000000e+01	5.80000000e+01
-350	7.89230000e+04	3.40000000e+01	4.20000000e+01	5.80000000e+01
-349	7.96590000e+04	3.40000000e+01	4.20000000e+01	5.80000000e+01
-348	8.03240000e+04	3.40000000e+01	4.20000000e+01	5.80000000e+01
-347	8.09910000e+04	3.40000000e+01	4.20000000e+01	5.80000000e+01
-346	8.17530000e+04	3.40000000e+01	4.20000000e+01	5.80000000e+01
-345	8.24620000e+04	3.40000000e+01	4.20000000e+01	5.80000000e+01
-344	8.31080000e+04	3.40000000e+01	4.20000000e+01	5.80000000e+01
-343	8.37790000e+04	3.40000000e+01	4.20000000e+01	5.80000000e+01
-342	8.44090000e+04	3.50000000e+01	4.30000000e+01	5.90000000e+01
-341	8.51430000e+04	3.50000000e+01	4.30000000e+01	5.90000000e+01
-340	8.62590000e+04	3.50000000e+01	4.30000000e+01	5.90000000e+01
-339	8.70520000e+04	3.50000000e+01	4.30000000e+01	5.90000000e+01
-338	8.78540000e+04	3.60000000e+01	4.40000000e+01	6.10000000e+01
-337	8.85150000e+04	3.60000000e+01	4.40000000e+01	6.10000000e+01
-336	8.91080000e+04	3.90000000e+01	4.50000000e+01	6.20000000e+01
-335	8.98380000e+04	3.90000000e+01	4.50000000e+01	6.20000000e+01
-334	9.05130000e+04	3.90000000e+01	4.50000000e+01	6.20000000e+01
-333	9.12990000e+04	3.90000000e+01	4.50000000e+01	6.20000000e+01
-332	9.19320000e+04	3.90000000e+01	4.50000000e+01	6.20000000e+01
-331	9.25030000e+04	3.90000000e+01	4.50000000e+01	6.20000000e+01
-330	9.25030000e+04	3.90000000e+01	4.50000000e+01	6.20000000e+01
-329	9.31030000e+04	3.90000000e+01	4.50000000e+01	6.20000000e+01
-328	9.31030000e+04	3.90000000e+01	4.50000000e+01	6.20000000e+01
-327	9.31030000e+04	3.90000000e+01	4.50000000e+01	6.20000000e+01
-326	9.31030000e+04	3.90000000e+01	4.50000000e+01	6.20000000e+01
-325	9.38990000e+04	3.90000000e+01	4.50000000e+01	6.20000000e+01
-324	9.45570000e+04	3.90000000e+01	4.50000000e+01	6.20000000e+01
-323	9.51560000e+04	3.90000000e+01	4.50000000e+01	6.20000000e+01
-322	9.57180000e+04	3.90000000e+01	4.50000000e+01	6.20000000e+01
-321	9.64180000e+04	3.90000000e+01	4.50000000e+01	6.20000000e+01
-320	9.71120000e+04	3.90000000e+01	4.50000000e+01	6.20000000e+01
-319	9.78460000e+04	3.90000000e+01	4.50000000e+01	6.20000000e+01
-318	9.84650000e+04	3.90000000e+01	4.50000000e+01	6.20000000e+01
-317	9.91440000e+04	3.90000000e+01	4.50000000e+01	6.20000000e+01
-316	9.98070000e+04	3.90000000e+01	4.60000000e+01	6.30000000e+01
-315	1.00445000e+05	3.90000000e+01	4.60000000e+01	6.30000000e+01
-314	1.01096000e+05	3.90000000e+01	4.60000000e+01	6.30000000e+01
-313	1.01726000e+05	3.90000000e+01	4.60000000e+01	6.30000000e+01
-312	1.02471000e+05	3.90000000e+01	4.60000000e+01	6.30000000e+01
-311	1.03152000e+05	3.90000000e+01	4.60000000e+01	6.30000000e+01
-310	1.03898000e+05	3.90000000e+01	4.60000000e+01	6.30000000e+01
-309	1.03898000e+05	3.90000000e+01	4.60000000e+01	6.30000000e+01
-308	1.03898000e+05	3.90000000e+01	4.60000000e+01	6.30000000e+01
-307	1.03898000e+05	3.90000000e+01	4.60000000e+01	6.30000000e+01
-306	1.04611000e+05	3.90000000e+01	4.60000000e+01	6.30000000e+01
-305	1.05286000e+05	3.90000000e+01	4.60000000e+01	6.30000000e+01
-304	1.05966000e+05	3.90000000e+01	4.60000000e+01	6.30000000e+01
-303	1.06675000e+05	3.90000000e+01	4.60000000e+01	6.30000000e+01
-302	1.07422000e+05	3.90000000e+01	4.70000000e+01	6.40000000e+01
-301	1.08150000e+05	3.90000000e+01	4.70000000e+01	6.40000000e+01
-300	1.08884000e+05	3.90000000e+01	4.70000000e+01	6.40000000e+01
-299	1.09737000e+05	3.90000000e+01	4.70000000e+01	6.40000000e+01
-298	1.10548000e+05	4.10000000e+01	4.90000000e+01	6.60000000e+01
-297	1.11405000e+05	4.00000000e+01	5.00000000e+01	6.80000000e+01
-296	1.12079000e+05	4.00000000e+01	5.00000000e+01	6.80000000e+01
-295	1.12824000e+05	4.00000000e+01	5.00000000e+01	6.80000000e+01
-294	1.13589000e+05	4.00000000e+01	5.00000000e+01	6.80000000e+01
-293	1.14601000e+05	4.00000000e+01	5.00000000e+01	6.80000000e+01
-292	1.15367000e+05	4.00000000e+01	5.00000000e+01	6.80000000e+01
-291	1.16220000e+05	4.00000000e+01	5.00000000e+01	6.80000000e+01
-290	1.17051000e+05	4.00000000e+01	5.00000000e+01	6.80000000e+01
-289	1.17919000e+05	4.00000000e+01	5.00000000e+01	6.80000000e+01
-288	1.18789000e+05	4.00000000e+01	5.00000000e+01	6.80000000e+01
-287	1.19637000e+05	4.00000000e+01	5.00000000e+01	6.80000000e+01
-286	1.20459000e+05	4.10000000e+01	5.20000000e+01	7.00000000e+01
-285	1.21195000e+05	4.10000000e+01	5.20000000e+01	7.00000000e+01
-284	1.22092000e+05	4.10000000e+01	5.20000000e+01	7.00000000e+01
-283	1.22884000e+05	4.10000000e+01	5.20000000e+01	7.00000000e+01
-282	1.23694000e+05	4.10000000e+01	5.20000000e+01	7.00000000e+01
-281	1.24525000e+05	4.60000000e+01	5.40000000e+01	7.30000000e+01
-280	1.25258000e+05	4.60000000e+01	5.40000000e+01	7.30000000e+01
-279	1.25970000e+05	4.60000000e+01	5.40000000e+01	7.30000000e+01
-278	1.26767000e+05	4.60000000e+01	5.40000000e+01	7.30000000e+01
-277	1.26767000e+05	4.70000000e+01	5.50000000e+01	7.40000000e+01
-276	1.27707000e+05	4.70000000e+01	5.50000000e+01	7.40000000e+01
-275	1.28417000e+05	4.70000000e+01	5.50000000e+01	7.40000000e+01
-274	1.29087000e+05	4.70000000e+01	5.50000000e+01	7.40000000e+01
-273	1.29727000e+05	4.70000000e+01	5.50000000e+01	7.40000000e+01
-272	1.30419000e+05	4.70000000e+01	5.50000000e+01	7.40000000e+01
-271	1.31176000e+05	4.70000000e+01	5.50000000e+01	7.40000000e+01
-270	1.31176000e+05	4.70000000e+01	5.50000000e+01	7.40000000e+01
-269	1.31925000e+05	4.70000000e+01	5.50000000e+01	7.40000000e+01
-268	1.32568000e+05	4.70000000e+01	5.50000000e+01	7.40000000e+01
-267	1.33188000e+05	4.70000000e+01	5.50000000e+01	7.40000000e+01
-266	1.33849000e+05	4.50000000e+01	5.60000000e+01	7.50000000e+01
-265	1.34480000e+05	4.50000000e+01	5.60000000e+01	7.50000000e+01
-264	1.35147000e+05	4.70000000e+01	5.70000000e+01	7.60000000e+01
-263	1.35829000e+05	4.70000000e+01	5.70000000e+01	7.60000000e+01
-262	1.36529000e+05	4.70000000e+01	5.70000000e+01	7.60000000e+01
-261	1.37214000e+05	4.70000000e+01	5.70000000e+01	7.60000000e+01
-260	1.37877000e+05	4.70000000e+01	5.70000000e+01	7.60000000e+01
-259	1.38491000e+05	4.70000000e+01	5.70000000e+01	7.60000000e+01
-258	1.39184000e+05	4.70000000e+01	5.70000000e+01	7.60000000e+01
-257	1.39769000e+05	4.70000000e+01	5.70000000e+01	7.60000000e+01
-256	1.40475000e+05	4.70000000e+01	5.70000000e+01	7.60000000e+01
-255	1.41167000e+05	4.70000000e+01	5.70000000e+01	7.60000000e+01
-254	1.41792000e+05	4.70000000e+01	5.70000000e+01	7.60000000e+01
-253	1.42360000e+05	4.70000000e+01	5.70000000e+01	7.60000000e+01
-252	1.42963000e+05	4.70000000e+01	5.70000000e+01	7.60000000e+01
-251	1.43516000e+05	4.70000000e+01	5.70000000e+01	7.60000000e+01
-250	1.44157000e+05	4.70000000e+01	5.70000000e+01	7.60000000e+01
-249	1.44923000e+05	4.70000000e+01	5.70000000e+01	7.60000000e+01
-248	1.45598000e+05	4.70000000e+01	5.70000000e+01	7.60000000e+01
-247	1.46219000e+05	4.70000000e+01	5.70000000e+01	7.60000000e+01
-246	1.46873000e+05	4.70000000e+01	5.70000000e+01	7.60000000e+01
-245	1.47735000e+05	5.20000000e+01	5.80000000e+01	7.90000000e+01
-244	1.48797000e+05	4.90000000e+01	5.90000000e+01	8.00000000e+01
-243	1.50045000e+05	5.00000000e+01	6.00000000e+01	8.10000000e+01
-242	1.51379000e+05	5.00000000e+01	6.00000000e+01	8.10000000e+01
-241	1.52895000e+05	5.10000000e+01	6.10000000e+01	8.20000000e+01
-240	1.54179000e+05	5.10000000e+01	6.10000000e+01	8.20000000e+01
-239	1.55507000e+05	5.10000000e+01	6.10000000e+01	8.20000000e+01
-238	1.56660000e+05	5.10000000e+01	6.10000000e+01	8.20000000e+01
-237	1.57467000e+05	5.10000000e+01	6.10000000e+01	8.20000000e+01
-236	1.58679000e+05	5.10000000e+01	6.10000000e+01	8.20000000e+01
-235	1.59922000e+05	5.30000000e+01	6.20000000e+01	8.40000000e+01
-234	1.61387000e+05	5.30000000e+01	6.20000000e+01	8.60000000e+01
-233	1.62856000e+05	5.30000000e+01	6.20000000e+01	8.60000000e+01
-232	1.64318000e+05	5.30000000e+01	6.20000000e+01	8.60000000e+01
-231	1.65827000e+05	5.30000000e+01	6.20000000e+01	8.60000000e+01
-230	1.67426000e+05	5.30000000e+01	6.20000000e+01	8.60000000e+01
-229	1.69313000e+05	5.40000000e+01	6.30000000e+01	8.70000000e+01
-228	1.70983000e+05	5.40000000e+01	6.30000000e+01	8.70000000e+01
-227	1.72512000e+05	5.40000000e+01	6.30000000e+01	8.70000000e+01
-226	1.73956000e+05	5.40000000e+01	6.30000000e+01	8.70000000e+01
-225	1.75628000e+05	5.70000000e+01	6.50000000e+01	9.20000000e+01
-224	1.77329000e+05	5.70000000e+01	6.50000000e+01	9.20000000e+01
-223	1.78812000e+05	5.70000000e+01	6.50000000e+01	9.20000000e+01
-222	1.80568000e+05	5.70000000e+01	6.70000000e+01	9.50000000e+01
-221	1.82511000e+05	6.10000000e+01	6.80000000e+01	9.60000000e+01
-220	1.84298000e+05	5.80000000e+01	6.90000000e+01	9.70000000e+01
-219	1.85758000e+05	5.50000000e+01	7.00000000e+01	9.80000000e+01
-218	1.87153000e+05	5.50000000e+01	7.00000000e+01	9.80000000e+01
-217	1.88576000e+05	6.20000000e+01	7.10000000e+01	1.00000000e+02
-216	1.90410000e+05	5.70000000e+01	7.60000000e+01	1.09000000e+02
-215	1.92162000e+05	6.00000000e+01	7.80000000e+01	1.12000000e+02
-214	1.93936000e+05	5.90000000e+01	7.90000000e+01	1.13000000e+02
-213	1.95814000e+05	6.40000000e+01	8.10000000e+01	1.15000000e+02
-212	1.97858000e+05	6.40000000e+01	8.30000000e+01	1.17000000e+02
-211	1.99474000e+05	6.40000000e+01	8.30000000e+01	1.17000000e+02
-210	2.00995000e+05	6.40000000e+01	8.30000000e+01	1.17000000e+02
-209	2.02439000e+05	6.50000000e+01	8.40000000e+01	1.18000000e+02
-208	2.02439000e+05	6.50000000e+01	8.40000000e+01	1.18000000e+02
-207	2.02439000e+05	6.80000000e+01	8.50000000e+01	1.19000000e+02
-206	2.04039000e+05	6.80000000e+01	8.60000000e+01	1.23000000e+02
-205	2.05448000e+05	6.50000000e+01	8.80000000e+01	1.25000000e+02
-204	2.06637000e+05	6.90000000e+01	9.00000000e+01	1.29000000e+02
-203	2.07877000e+05	6.90000000e+01	9.00000000e+01	1.29000000e+02
-202	2.09028000e+05	6.90000000e+01	9.00000000e+01	1.29000000e+02
-201	2.10373000e+05	6.90000000e+01	9.00000000e+01	1.29000000e+02
-200	2.11859000e+05	6.90000000e+01	9.00000000e+01	1.29000000e+02
-199	2.13183000e+05	6.90000000e+01	9.00000000e+01	1.29000000e+02
-198	2.14571000e+05	6.90000000e+01	9.00000000e+01	1.29000000e+02
-197	2.15696000e+05	6.90000000e+01	9.00000000e+01	1.29000000e+02
-196	2.16924000e+05	7.30000000e+01	9.10000000e+01	1.30000000e+02
-195	2.18063000e+05	7.30000000e+01	9.10000000e+01	1.30000000e+02
-194	2.19343000e+05	7.30000000e+01	9.10000000e+01	1.30000000e+02
-193	2.20751000e+05	7.30000000e+01	9.10000000e+01	1.30000000e+02
-192	2.20751000e+05	7.30000000e+01	9.10000000e+01	1.30000000e+02
-191	2.21873000e+05	7.30000000e+01	9.10000000e+01	1.30000000e+02
-190	2.22944000e+05	7.30000000e+01	9.10000000e+01	1.30000000e+02
-189	2.23996000e+05	7.30000000e+01	9.10000000e+01	1.30000000e+02
-188	2.25142000e+05	7.30000000e+01	9.10000000e+01	1.30000000e+02
-187	2.26217000e+05	7.30000000e+01	9.10000000e+01	1.30000000e+02
-186	2.27426000e+05	7.30000000e+01	9.10000000e+01	1.30000000e+02
-185	2.28651000e+05	7.30000000e+01	9.10000000e+01	1.30000000e+02
-184	2.29778000e+05	7.30000000e+01	9.10000000e+01	1.30000000e+02
-183	2.30769000e+05	7.30000000e+01	9.10000000e+01	1.30000000e+02
-182	2.31861000e+05	7.30000000e+01	9.20000000e+01	1.31000000e+02
-181	2.32781000e+05	7.30000000e+01	9.20000000e+01	1.31000000e+02
-180	2.33942000e+05	7.30000000e+01	9.20000000e+01	1.31000000e+02
-179	2.35271000e+05	7.30000000e+01	9.20000000e+01	1.31000000e+02
-178	2.36467000e+05	7.30000000e+01	9.20000000e+01	1.31000000e+02
-177	2.36467000e+05	7.30000000e+01	9.20000000e+01	1.31000000e+02
-176	2.37454000e+05	7.30000000e+01	9.20000000e+01	1.31000000e+02
-175	2.38484000e+05	7.30000000e+01	9.20000000e+01	1.31000000e+02
-174	2.39695000e+05	7.30000000e+01	9.20000000e+01	1.31000000e+02
-173	2.41037000e+05	7.30000000e+01	9.20000000e+01	1.31000000e+02
-172	2.42449000e+05	7.30000000e+01	9.20000000e+01	1.31000000e+02
-171	2.43575000e+05	7.30000000e+01	9.20000000e+01	1.31000000e+02
-170	2.44650000e+05	7.30000000e+01	9.20000000e+01	1.31000000e+02
-169	2.45696000e+05	7.30000000e+01	9.20000000e+01	1.31000000e+02
-168	2.46721000e+05	7.30000000e+01	9.20000000e+01	1.31000000e+02
-167	2.47914000e+05	7.30000000e+01	9.20000000e+01	1.31000000e+02
-166	2.49062000e+05	7.00000000e+01	9.30000000e+01	1.32000000e+02
-165	2.50326000e+05	7.00000000e+01	9.30000000e+01	1.32000000e+02
-164	2.51547000e+05	7.00000000e+01	9.30000000e+01	1.32000000e+02
-163	2.52726000e+05	7.40000000e+01	9.40000000e+01	1.34000000e+02
-162	2.53707000e+05	7.50000000e+01	9.50000000e+01	1.35000000e+02
-161	2.54672000e+05	7.50000000e+01	9.50000000e+01	1.35000000e+02
-160	2.55591000e+05	7.50000000e+01	9.50000000e+01	1.35000000e+02
-159	2.56907000e+05	7.50000000e+01	9.50000000e+01	1.35000000e+02
-158	2.58079000e+05	7.50000000e+01	9.50000000e+01	1.35000000e+02
-157	2.59243000e+05	7.40000000e+01	9.60000000e+01	1.38000000e+02
-156	2.60472000e+05	7.40000000e+01	9.60000000e+01	1.38000000e+02
-155	2.61487000e+05	8.00000000e+01	9.80000000e+01	1.41000000e+02
-154	2.62454000e+05	8.00000000e+01	9.80000000e+01	1.41000000e+02
-153	2.63485000e+05	8.00000000e+01	9.80000000e+01	1.41000000e+02
-152	2.64620000e+05	7.90000000e+01	9.90000000e+01	1.42000000e+02
-151	2.65931000e+05	7.90000000e+01	9.90000000e+01	1.42000000e+02
-150	2.67100000e+05	7.90000000e+01	9.90000000e+01	1.42000000e+02
-149	2.68071000e+05	7.90000000e+01	9.90000000e+01	1.42000000e+02
-148	2.69000000e+05	7.90000000e+01	9.90000000e+01	1.42000000e+02
-147	2.69994000e+05	8.40000000e+01	1.00000000e+02	1.44000000e+02
-146	2.71012000e+05	8.40000000e+01	1.00000000e+02	1.44000000e+02
-145	2.72106000e+05	8.40000000e+01	1.00000000e+02	1.44000000e+02
-144	2.73286000e+05	7.90000000e+01	1.01000000e+02	1.45000000e+02
-143	2.74515000e+05	8.40000000e+01	1.02000000e+02	1.46000000e+02
-142	2.75577000e+05	8.40000000e+01	1.03000000e+02	1.47000000e+02
-141	2.76828000e+05	8.40000000e+01	1.03000000e+02	1.47000000e+02
-140	2.78094000e+05	8.40000000e+01	1.03000000e+02	1.47000000e+02
-139	2.79741000e+05	8.40000000e+01	1.03000000e+02	1.47000000e+02
-138	2.81259000e+05	8.40000000e+01	1.03000000e+02	1.47000000e+02
-137	2.82878000e+05	8.40000000e+01	1.03000000e+02	1.47000000e+02
-136	2.84302000e+05	8.40000000e+01	1.03000000e+02	1.47000000e+02
-135	2.85627000e+05	8.40000000e+01	1.03000000e+02	1.47000000e+02
-134	2.87034000e+05	8.40000000e+01	1.03000000e+02	1.47000000e+02
-133	2.88405000e+05	8.40000000e+01	1.03000000e+02	1.47000000e+02
-132	2.89806000e+05	8.40000000e+01	1.03000000e+02	1.47000000e+02
-131	2.91494000e+05	8.40000000e+01	1.03000000e+02	1.47000000e+02
-130	2.93516000e+05	8.80000000e+01	1.04000000e+02	1.48000000e+02
-129	2.94947000e+05	8.80000000e+01	1.04000000e+02	1.48000000e+02
-128	2.96020000e+05	8.80000000e+01	1.04000000e+02	1.48000000e+02
-127	2.96871000e+05	8.80000000e+01	1.04000000e+02	1.48000000e+02
-126	2.97822000e+05	8.90000000e+01	1.05000000e+02	1.49000000e+02
-125	2.99022000e+05	8.90000000e+01	1.05000000e+02	1.49000000e+02
-124	3.00459000e+05	8.40000000e+01	1.06000000e+02	1.50000000e+02
-123	3.01788000e+05	8.40000000e+01	1.06000000e+02	1.50000000e+02
-122	3.03022000e+05	8.40000000e+01	1.08000000e+02	1.52000000e+02
-121	3.04065000e+05	8.40000000e+01	1.08000000e+02	1.52000000e+02
-120	3.05090000e+05	8.40000000e+01	1.08000000e+02	1.52000000e+02
-119	3.06233000e+05	8.40000000e+01	1.08000000e+02	1.52000000e+02
-118	3.07620000e+05	8.40000000e+01	1.08000000e+02	1.52000000e+02
-117	3.09151000e+05	8.40000000e+01	1.08000000e+02	1.52000000e+02
-116	3.10658000e+05	8.60000000e+01	1.10000000e+02	1.54000000e+02
-115	3.12388000e+05	8.60000000e+01	1.10000000e+02	1.54000000e+02
-114	3.14198000e+05	8.60000000e+01	1.10000000e+02	1.54000000e+02
-113	3.15545000e+05	8.80000000e+01	1.11000000e+02	1.55000000e+02
-112	3.16888000e+05	8.80000000e+01	1.11000000e+02	1.55000000e+02
-111	3.18622000e+05	8.80000000e+01	1.11000000e+02	1.55000000e+02
-110	3.22005000e+05	8.80000000e+01	1.11000000e+02	1.55000000e+02
-109	3.24995000e+05	9.00000000e+01	1.12000000e+02	1.56000000e+02
-108	3.28284000e+05	9.00000000e+01	1.12000000e+02	1.56000000e+02
-107	3.31191000e+05	9.20000000e+01	1.14000000e+02	1.58000000e+02
-106	3.33553000e+05	9.20000000e+01	1.16000000e+02	1.61000000e+02
-105	3.36272000e+05	9.20000000e+01	1.16000000e+02	1.61000000e+02
-104	3.38469000e+05	9.50000000e+01	1.17000000e+02	1.62000000e+02
-103	3.40606000e+05	9.50000000e+01	1.17000000e+02	1.62000000e+02
-102	3.42781000e+05	9.50000000e+01	1.17000000e+02	1.62000000e+02
-101	3.44910000e+05	9.50000000e+01	1.17000000e+02	1.62000000e+02
-100	3.46856000e+05	1.00000000e+02	1.18000000e+02	1.63000000e+02
-99	3.48653000e+05	9.40000000e+01	1.19000000e+02	1.64000000e+02
-98	3.49924000e+05	9.40000000e+01	1.19000000e+02	1.64000000e+02
-97	3.51358000e+05	9.90000000e+01	1.20000000e+02	1.65000000e+02
-96	3.52946000e+05	9.90000000e+01	1.20000000e+02	1.65000000e+02
-95	3.54406000e+05	1.02000000e+02	1.21000000e+02	1.67000000e+02
-94	3.55791000e+05	1.02000000e+02	1.21000000e+02	1.67000000e+02
-93	3.56789000e+05	1.02000000e+02	1.21000000e+02	1.67000000e+02
-92	3.57714000e+05	1.03000000e+02	1.23000000e+02	1.70000000e+02
-91	3.58869000e+05	1.02000000e+02	1.24000000e+02	1.71000000e+02
-90	3.60067000e+05	1.02000000e+02	1.25000000e+02	1.72000000e+02
-89	3.61311000e+05	1.05000000e+02	1.26000000e+02	1.73000000e+02
-88	3.62723000e+05	1.05000000e+02	1.26000000e+02	1.73000000e+02
-87	3.63949000e+05	1.05000000e+02	1.26000000e+02	1.73000000e+02
-86	3.65058000e+05	1.05000000e+02	1.26000000e+02	1.73000000e+02
-85	3.66284000e+05	1.05000000e+02	1.26000000e+02	1.73000000e+02
-84	3.67274000e+05	1.02000000e+02	1.27000000e+02	1.74000000e+02
-83	3.68570000e+05	1.02000000e+02	1.27000000e+02	1.74000000e+02
-82	3.69905000e+05	1.02000000e+02	1.27000000e+02	1.74000000e+02
-81	3.71304000e+05	1.04000000e+02	1.28000000e+02	1.75000000e+02
-80	3.72820000e+05	1.04000000e+02	1.28000000e+02	1.75000000e+02
-79	3.74153000e+05	1.08000000e+02	1.29000000e+02	1.76000000e+02
-78	3.75401000e+05	1.05000000e+02	1.30000000e+02	1.78000000e+02
-77	3.77296000e+05	1.08000000e+02	1.31000000e+02	1.79000000e+02
-76	3.78938000e+05	1.08000000e+02	1.31000000e+02	1.79000000e+02
-75	3.80718000e+05	1.08000000e+02	1.31000000e+02	1.79000000e+02
-74	3.82622000e+05	1.12000000e+02	1.33000000e+02	1.81000000e+02
-73	3.84324000e+05	1.13000000e+02	1.35000000e+02	1.84000000e+02
-72	3.85589000e+05	1.13000000e+02	1.35000000e+02	1.84000000e+02
-71	3.86785000e+05	1.10000000e+02	1.36000000e+02	1.85000000e+02
-70	3.88061000e+05	1.11000000e+02	1.38000000e+02	1.89000000e+02
-69	3.88953000e+05	1.14000000e+02	1.39000000e+02	1.90000000e+02
-68	3.89279000e+05	1.14000000e+02	1.39000000e+02	1.90000000e+02
-67	3.89598000e+05	1.12000000e+02	1.40000000e+02	1.91000000e+02
-66	3.89848000e+05	1.12000000e+02	1.40000000e+02	1.91000000e+02
-65	3.90422000e+05	1.12000000e+02	1.40000000e+02	1.91000000e+02
-64	3.91297000e+05	1.12000000e+02	1.40000000e+02	1.91000000e+02
-63	3.92644000e+05	1.12000000e+02	1.40000000e+02	1.91000000e+02
-62	3.93951000e+05	1.12000000e+02	1.40000000e+02	1.91000000e+02
-61	3.95387000e+05	1.12000000e+02	1.40000000e+02	1.91000000e+02
-60	3.97121000e+05	1.12000000e+02	1.40000000e+02	1.91000000e+02
-59	3.98901000e+05	1.17000000e+02	1.41000000e+02	1.92000000e+02
-58	4.00260000e+05	1.17000000e+02	1.41000000e+02	1.92000000e+02
-57	4.01703000e+05	1.19000000e+02	1.44000000e+02	1.95000000e+02
-56	4.03032000e+05	1.22000000e+02	1.45000000e+02	1.96000000e+02
-55	4.04539000e+05	1.24000000e+02	1.46000000e+02	1.97000000e+02
-54	4.04539000e+05	1.24000000e+02	1.46000000e+02	1.97000000e+02
-53	4.05127000e+05	1.20000000e+02	1.47000000e+02	1.98000000e+02
-52	4.05127000e+05	1.20000000e+02	1.47000000e+02	1.98000000e+02
-51	4.06766000e+05	1.20000000e+02	1.47000000e+02	1.98000000e+02
-50	4.08432000e+05	1.20000000e+02	1.47000000e+02	1.98000000e+02
-49	4.09925000e+05	1.20000000e+02	1.47000000e+02	1.98000000e+02
-48	4.11465000e+05	1.20000000e+02	1.47000000e+02	1.98000000e+02
-47	4.13141000e+05	1.22000000e+02	1.48000000e+02	2.00000000e+02
-46	4.14953000e+05	1.22000000e+02	1.48000000e+02	2.00000000e+02
-45	4.14953000e+05	1.22000000e+02	1.48000000e+02	2.00000000e+02
-44	4.16843000e+05	1.23000000e+02	1.49000000e+02	2.02000000e+02
-43	4.16843000e+05	1.23000000e+02	1.49000000e+02	2.02000000e+02
-42	4.16843000e+05	1.23000000e+02	1.49000000e+02	2.02000000e+02
-41	4.16843000e+05	1.25000000e+02	1.50000000e+02	2.03000000e+02
-40	4.16843000e+05	1.25000000e+02	1.50000000e+02	2.03000000e+02
-39	4.18519000e+05	1.25000000e+02	1.51000000e+02	2.04000000e+02
-38	4.19906000e+05	1.25000000e+02	1.51000000e+02	2.04000000e+02
-37	4.21941000e+05	1.26000000e+02	1.55000000e+02	2.10000000e+02
-36	4.23752000e+05	1.32000000e+02	1.56000000e+02	2.11000000e+02
-35	4.26794000e+05	1.34000000e+02	1.57000000e+02	2.13000000e+02
-34	4.28743000e+05	1.34000000e+02	1.57000000e+02	2.13000000e+02
-33	4.30868000e+05	1.32000000e+02	1.60000000e+02	2.17000000e+02
-32	4.33153000e+05	1.36000000e+02	1.64000000e+02	2.26000000e+02
-31	4.35327000e+05	1.46000000e+02	1.67000000e+02	2.30000000e+02
-30	4.37259000e+05	1.48000000e+02	1.72000000e+02	2.37000000e+02
-29	4.39122000e+05	1.47000000e+02	1.73000000e+02	2.39000000e+02
-28	4.41417000e+05	1.47000000e+02	1.73000000e+02	2.39000000e+02
-27	4.45134000e+05	1.47000000e+02	1.73000000e+02	2.39000000e+02
-26	4.48199000e+05	1.50000000e+02	1.74000000e+02	2.41000000e+02
-25	4.51197000e+05	1.50000000e+02	1.74000000e+02	2.41000000e+02
-24	4.55174000e+05	1.51000000e+02	1.78000000e+02	2.45000000e+02
-23	4.62472000e+05	1.51000000e+02	1.78000000e+02	2.45000000e+02
-22	4.67033000e+05	1.54000000e+02	1.81000000e+02	2.49000000e+02
-21	4.71239000e+05	1.53000000e+02	1.84000000e+02	2.54000000e+02
-20	4.75646000e+05	1.57000000e+02	1.86000000e+02	2.57000000e+02
-19	4.80486000e+05	1.61000000e+02	1.88000000e+02	2.60000000e+02
-18	4.85779000e+05	1.61000000e+02	1.90000000e+02	2.62000000e+02
-17	4.92607000e+05	1.65000000e+02	1.96000000e+02	2.69000000e+02
-16	5.00874000e+05	1.77000000e+02	1.99000000e+02	2.74000000e+02
-15	5.10161000e+05	1.75000000e+02	2.00000000e+02	2.75000000e+02
-14	5.20180000e+05	1.77000000e+02	2.01000000e+02	2.76000000e+02
-13	5.29950000e+05	1.83000000e+02	2.03000000e+02	2.78000000e+02
-12	5.39080000e+05	1.86000000e+02	2.08000000e+02	2.87000000e+02
-11	5.49114000e+05	1.86000000e+02	2.13000000e+02	2.92000000e+02
-10	5.59758000e+05	1.86000000e+02	2.15000000e+02	2.94000000e+02
-9	5.70822000e+05	2.04000000e+02	2.22000000e+02	3.02000000e+02
-8	5.82369000e+05	1.97000000e+02	2.23000000e+02	3.03000000e+02
-7	5.93474000e+05	2.04000000e+02	2.37000000e+02	3.17000000e+02
-6	6.04573000e+05	2.02000000e+02	2.40000000e+02	3.20000000e+02
-5	6.16412000e+05	2.06000000e+02	2.44000000e+02	3.24000000e+02
-4	6.28867000e+05	2.08000000e+02	2.50000000e+02	3.30000000e+02
-3	6.43246000e+05	2.13000000e+02	2.55000000e+02	3.35000000e+02
-2	6.58714000e+05	2.21000000e+02	2.57000000e+02	3.37000000e+02
-1	6.76755000e+05	2.29000000e+02	2.59000000e+02	3.47000000e+02
0	7.06517000e+05	2.34000000e+02	2.69000000e+02	3.59000000e+02
1	7.23179000e+05	2.40000000e+02	2.86000000e+02	3.82000000e+02
2	7.47939000e+05	2.69000000e+02	3.27000000e+02	4.31000000e+02
3	7.86986000e+05	3.01000000e+02	3.70000000e+02	4.84000000e+02
4	8.28991000e+05	3.12000000e+02	3.90000000e+02	5.06000000e+02
5	8.66630000e+05	3.25000000e+02	4.07000000e+02	5.31000000e+02
6	8.90306000e+05	3.32000000e+02	4.21000000e+02	5.48000000e+02
7	9.12008000e+05	3.44000000e+02	4.30000000e+02	5.58000000e+02
8	9.33076000e+05	3.54000000e+02	4.38000000e+02	5.66000000e+02
9	9.54259000e+05	3.75000000e+02	4.58000000e+02	5.91000000e+02
10	9.74411000e+05	3.81000000e+02	4.64000000e+02	6.00000000e+02
11	9.95421000e+05	3.78000000e+02	4.74000000e+02	6.11000000e+02
12	1.01179300e+06	3.88000000e+02	4.79000000e+02	6.16000000e+02
13	1.02944500e+06	3.92000000e+02	4.86000000e+02	6.24000000e+02
14	1.04462300e+06	3.95000000e+02	4.90000000e+02	6.28000000e+02
15	1.05891000e+06	3.99000000e+02	4.95000000e+02	6.35000000e+02
16	1.07296400e+06	3.98000000e+02	4.97000000e+02	6.37000000e+02
17	1.08639000e+06	4.03000000e+02	5.04000000e+02	6.44000000e+02
18	1.10038000e+06	4.10000000e+02	5.11000000e+02	6.54000000e+02
19	1.11104400e+06	4.01000000e+02	5.14000000e+02	6.57000000e+02
20	1.12093800e+06	4.15000000e+02	5.17000000e+02	6.60000000e+02
21	1.12987900e+06	4.17000000e+02	5.24000000e+02	6.73000000e+02
22	1.13836500e+06	4.15000000e+02	5.32000000e+02	6.84000000e+02
23	1.14725800e+06	4.25000000e+02	5.34000000e+02	6.86000000e+02
24	1.15659800e+06	4.26000000e+02	5.39000000e+02	6.91000000e+02
25	1.16487000e+06	4.33000000e+02	5.41000000e+02	6.93000000e+02
26	1.17127000e+06	4.34000000e+02	5.42000000e+02	6.94000000e+02
27	1.17790600e+06	4.36000000e+02	5.45000000e+02	6.97000000e+02
28	1.18387000e+06	4.26000000e+02	5.45000000e+02	6.98000000e+02
29	1.19034200e+06	4.46000000e+02	5.50000000e+02	7.05000000e+02
30	1.19707100e+06	4.50000000e+02	5.53000000e+02	7.10000000e+02
31	1.20373900e+06	4.52000000e+02	5.56000000e+02	7.14000000e+02
32	1.20937500e+06	4.39000000e+02	5.58000000e+02	7.16000000e+02
33	1.21410800e+06	4.57000000e+02	5.59000000e+02	7.17000000e+02
34	1.21875100e+06	4.42000000e+02	5.64000000e+02	7.23000000e+02
35	1.22315500e+06	4.42000000e+02	5.64000000e+02	7.23000000e+02
36	1.22807900e+06	4.62000000e+02	5.65000000e+02	7.24000000e+02
37	1.23297600e+06	4.62000000e+02	5.65000000e+02	7.24000000e+02
38	1.23811300e+06	4.60000000e+02	5.69000000e+02	7.30000000e+02
39	1.24255000e+06	4.53000000e+02	5.71000000e+02	7.32000000e+02
40	1.24653600e+06	4.50000000e+02	5.75000000e+02	7.36000000e+02
41	1.25029900e+06	4.63000000e+02	5.77000000e+02	7.38000000e+02
42	1.25397700e+06	4.63000000e+02	5.77000000e+02	7.38000000e+02
43	1.25779100e+06	4.54000000e+02	5.78000000e+02	7.39000000e+02
44	1.26205800e+06	4.62000000e+02	5.79000000e+02	7.40000000e+02
45	1.26630000e+06	4.69000000e+02	5.80000000e+02	7.41000000e+02
46	1.27009300e+06	4.56000000e+02	5.81000000e+02	7.42000000e+02
47	1.27403000e+06	4.60000000e+02	5.84000000e+02	7.45000000e+02
48	1.28089800e+06	4.60000000e+02	5.84000000e+02	7.45000000e+02
49	1.28793500e+06	4.60000000e+02	5.84000000e+02	7.45000000e+02
50	1.29511300e+06	4.72000000e+02	5.87000000e+02	7.48000000e+02
51	1.30325900e+06	4.72000000e+02	5.87000000e+02	7.48000000e+02
52	1.31277000e+06	4.79000000e+02	5.89000000e+02	7.51000000e+02
53	1.32139700e+06	4.79000000e+02	5.89000000e+02	7.51000000e+02
54	1.32805600e+06	4.66000000e+02	5.90000000e+02	7.52000000e+02
55	1.33404900e+06	4.85000000e+02	5.91000000e+02	7.53000000e+02
56	1.34072900e+06	4.77000000e+02	5.94000000e+02	7.56000000e+02
57	1.34753100e+06	4.93000000e+02	5.97000000e+02	7.59000000e+02
58	1.35504700e+06	4.93000000e+02	5.97000000e+02	7.59000000e+02
59	1.36272500e+06	4.79000000e+02	6.00000000e+02	7.62000000e+02
60	1.36921400e+06	4.91000000e+02	6.02000000e+02	7.65000000e+02
61	1.37466600e+06	4.80000000e+02	6.03000000e+02	7.66000000e+02
62	1.38123300e+06	4.90000000e+02	6.08000000e+02	7.73000000e+02
63	1.38706800e+06	4.80000000e+02	6.09000000e+02	7.74000000e+02
64	1.39331700e+06	4.84000000e+02	6.11000000e+02	7.76000000e+02
65	1.39992300e+06	4.84000000e+02	6.11000000e+02	7.76000000e+02
66	1.40625400e+06	4.88000000e+02	6.12000000e+02	7.77000000e+02
67	1.41202800e+06	5.04000000e+02	6.14000000e+02	7.79000000e+02
68	1.41722200e+06	4.98000000e+02	6.16000000e+02	7.82000000e+02
69	1.42174300e+06	5.07000000e+02	6.20000000e+02	7.87000000e+02
70	1.42704400e+06	5.10000000e+02	6.30000000e+02	7.99000000e+02
71	1.43251000e+06	4.99000000e+02	6.33000000e+02	8.02000000e+02
72	1.43828400e+06	5.12000000e+02	6.35000000e+02	8.05000000e+02
73	1.44427400e+06	5.12000000e+02	6.35000000e+02	8.05000000e+02
74	1.45022900e+06	5.07000000e+02	6.40000000e+02	8.10000000e+02
75	1.45515100e+06	5.07000000e+02	6.40000000e+02	8.10000000e+02
76	1.45936000e+06	5.07000000e+02	6.40000000e+02	8.10000000e+02
77	1.46370200e+06	5.16000000e+02	6.43000000e+02	8.13000000e+02
78	1.46797900e+06	5.16000000e+02	6.43000000e+02	8.13000000e+02
79	1.47209500e+06	5.03000000e+02	6.44000000e+02	8.14000000e+02
80	1.47630800e+06	5.24000000e+02	6.45000000e+02	8.15000000e+02
81	1.48018600e+06	5.27000000e+02	6.46000000e+02	8.17000000e+02
82	1.48327600e+06	5.12000000e+02	6.47000000e+02	8.18000000e+02
83	1.48631500e+06	5.24000000e+02	6.50000000e+02	8.22000000e+02
84	1.48958900e+06	5.17000000e+02	6.51000000e+02	8.23000000e+02
85	1.49293500e+06	5.28000000e+02	6.58000000e+02	8.32000000e+02
86	1.49658400e+06	5.28000000e+02	6.68000000e+02	8.42000000e+02
87	1.49983100e+06	5.45000000e+02	6.69000000e+02	8.43000000e+02
88	1.50286400e+06	5.45000000e+02	6.69000000e+02	8.43000000e+02
89	1.50567700e+06	5.45000000e+02	6.69000000e+02	8.43000000e+02
90	1.50839600e+06	5.21000000e+02	6.70000000e+02	8.44000000e+02
91	1.51083400e+06	5.27000000e+02	6.71000000e+02	8.45000000e+02
92	1.51347700e+06	5.27000000e+02	6.71000000e+02	8.45000000e+02
93	1.51643700e+06	5.41000000e+02	6.74000000e+02	8.48000000e+02
94	1.51945600e+06	5.41000000e+02	6.74000000e+02	8.48000000e+02
95	1.52253600e+06	5.41000000e+02	6.74000000e+02	8.48000000e+02
96	1.52505200e+06	5.38000000e+02	6.77000000e+02	8.51000000e+02
97	1.52767400e+06	5.43000000e+02	6.79000000e+02	8.53000000e+02
98	1.53019100e+06	5.43000000e+02	6.79000000e+02	8.53000000e+02
99	1.53296700e+06	5.44000000e+02	6.81000000e+02	8.56000000e+02
100	1.53593000e+06	5.58000000e+02	6.87000000e+02	8.66000000e+02
