Day_(movie_time)	Views	Users	Rigor	Edits
-500	0.00000000e+00	0.00000000e+00	0.00000000e+00	0.00000000e+00
-499	0.00000000e+00	0.00000000e+00	0.00000000e+00	0.00000000e+00
-498	0.00000000e+00	0.00000000e+00	0.00000000e+00	0.00000000e+00
-497	0.00000000e+00	0.00000000e+00	0.00000000e+00	0.00000000e+00
-496	0.00000000e+00	0.00000000e+00	0.00000000e+00	0.00000000e+00
-495	0.00000000e+00	0.00000000e+00	0.00000000e+00	0.00000000e+00
-494	0.00000000e+00	0.00000000e+00	0.00000000e+00	0.00000000e+00
-493	0.00000000e+00	0.00000000e+00	0.00000000e+00	0.00000000e+00
-492	0.00000000e+00	0.00000000e+00	0.00000000e+00	0.00000000e+00
-491	0.00000000e+00	0.00000000e+00	0.00000000e+00	0.00000000e+00
-490	0.00000000e+00	0.00000000e+00	0.00000000e+00	0.00000000e+00
-489	0.00000000e+00	0.00000000e+00	0.00000000e+00	0.00000000e+00
-488	0.00000000e+00	0.00000000e+00	0.00000000e+00	0.00000000e+00
-487	0.00000000e+00	0.00000000e+00	0.00000000e+00	0.00000000e+00
-486	0.00000000e+00	0.00000000e+00	0.00000000e+00	0.00000000e+00
-485	0.00000000e+00	0.00000000e+00	0.00000000e+00	0.00000000e+00
-484	0.00000000e+00	0.00000000e+00	0.00000000e+00	0.00000000e+00
-483	0.00000000e+00	0.00000000e+00	0.00000000e+00	0.00000000e+00
-482	0.00000000e+00	0.00000000e+00	0.00000000e+00	0.00000000e+00
-481	0.00000000e+00	0.00000000e+00	0.00000000e+00	0.00000000e+00
-480	0.00000000e+00	0.00000000e+00	0.00000000e+00	0.00000000e+00
-479	0.00000000e+00	0.00000000e+00	0.00000000e+00	0.00000000e+00
-478	0.00000000e+00	0.00000000e+00	0.00000000e+00	0.00000000e+00
-477	0.00000000e+00	0.00000000e+00	0.00000000e+00	0.00000000e+00
-476	0.00000000e+00	0.00000000e+00	0.00000000e+00	0.00000000e+00
-475	0.00000000e+00	0.00000000e+00	0.00000000e+00	0.00000000e+00
-474	0.00000000e+00	0.00000000e+00	0.00000000e+00	0.00000000e+00
-473	0.00000000e+00	0.00000000e+00	0.00000000e+00	0.00000000e+00
-472	0.00000000e+00	0.00000000e+00	0.00000000e+00	0.00000000e+00
-471	0.00000000e+00	0.00000000e+00	0.00000000e+00	0.00000000e+00
-470	0.00000000e+00	0.00000000e+00	0.00000000e+00	0.00000000e+00
-469	0.00000000e+00	0.00000000e+00	0.00000000e+00	0.00000000e+00
-468	0.00000000e+00	0.00000000e+00	0.00000000e+00	0.00000000e+00
-467	0.00000000e+00	0.00000000e+00	0.00000000e+00	0.00000000e+00
-466	0.00000000e+00	0.00000000e+00	0.00000000e+00	0.00000000e+00
-465	0.00000000e+00	0.00000000e+00	0.00000000e+00	0.00000000e+00
-464	0.00000000e+00	0.00000000e+00	0.00000000e+00	0.00000000e+00
-463	0.00000000e+00	0.00000000e+00	0.00000000e+00	0.00000000e+00
-462	0.00000000e+00	0.00000000e+00	0.00000000e+00	0.00000000e+00
-461	0.00000000e+00	0.00000000e+00	0.00000000e+00	0.00000000e+00
-460	0.00000000e+00	0.00000000e+00	0.00000000e+00	0.00000000e+00
-459	0.00000000e+00	0.00000000e+00	0.00000000e+00	0.00000000e+00
-458	0.00000000e+00	0.00000000e+00	0.00000000e+00	0.00000000e+00
-457	0.00000000e+00	0.00000000e+00	0.00000000e+00	0.00000000e+00
-456	0.00000000e+00	0.00000000e+00	0.00000000e+00	0.00000000e+00
-455	0.00000000e+00	0.00000000e+00	0.00000000e+00	0.00000000e+00
-454	0.00000000e+00	0.00000000e+00	0.00000000e+00	0.00000000e+00
-453	0.00000000e+00	0.00000000e+00	0.00000000e+00	0.00000000e+00
-452	0.00000000e+00	0.00000000e+00	0.00000000e+00	0.00000000e+00
-451	0.00000000e+00	0.00000000e+00	0.00000000e+00	0.00000000e+00
-450	0.00000000e+00	0.00000000e+00	0.00000000e+00	0.00000000e+00
-449	0.00000000e+00	0.00000000e+00	0.00000000e+00	0.00000000e+00
-448	0.00000000e+00	0.00000000e+00	0.00000000e+00	0.00000000e+00
-447	0.00000000e+00	0.00000000e+00	0.00000000e+00	0.00000000e+00
-446	0.00000000e+00	0.00000000e+00	0.00000000e+00	0.00000000e+00
-445	0.00000000e+00	0.00000000e+00	0.00000000e+00	0.00000000e+00
-444	0.00000000e+00	0.00000000e+00	0.00000000e+00	0.00000000e+00
-443	0.00000000e+00	0.00000000e+00	0.00000000e+00	0.00000000e+00
-442	0.00000000e+00	0.00000000e+00	0.00000000e+00	0.00000000e+00
-441	0.00000000e+00	0.00000000e+00	0.00000000e+00	0.00000000e+00
-440	0.00000000e+00	0.00000000e+00	0.00000000e+00	0.00000000e+00
-439	0.00000000e+00	0.00000000e+00	0.00000000e+00	0.00000000e+00
-438	0.00000000e+00	0.00000000e+00	0.00000000e+00	0.00000000e+00
-437	0.00000000e+00	0.00000000e+00	0.00000000e+00	0.00000000e+00
-436	0.00000000e+00	0.00000000e+00	0.00000000e+00	0.00000000e+00
-435	0.00000000e+00	0.00000000e+00	0.00000000e+00	0.00000000e+00
-434	0.00000000e+00	0.00000000e+00	0.00000000e+00	0.00000000e+00
-433	0.00000000e+00	0.00000000e+00	0.00000000e+00	0.00000000e+00
-432	0.00000000e+00	0.00000000e+00	0.00000000e+00	0.00000000e+00
-431	0.00000000e+00	0.00000000e+00	0.00000000e+00	0.00000000e+00
-430	0.00000000e+00	0.00000000e+00	0.00000000e+00	0.00000000e+00
-429	0.00000000e+00	0.00000000e+00	0.00000000e+00	0.00000000e+00
-428	0.00000000e+00	0.00000000e+00	0.00000000e+00	0.00000000e+00
-427	0.00000000e+00	0.00000000e+00	0.00000000e+00	0.00000000e+00
-426	0.00000000e+00	0.00000000e+00	0.00000000e+00	0.00000000e+00
-425	0.00000000e+00	0.00000000e+00	0.00000000e+00	0.00000000e+00
-424	0.00000000e+00	0.00000000e+00	0.00000000e+00	0.00000000e+00
-423	0.00000000e+00	0.00000000e+00	0.00000000e+00	0.00000000e+00
-422	0.00000000e+00	0.00000000e+00	0.00000000e+00	0.00000000e+00
-421	0.00000000e+00	0.00000000e+00	0.00000000e+00	0.00000000e+00
-420	0.00000000e+00	0.00000000e+00	0.00000000e+00	0.00000000e+00
-419	0.00000000e+00	0.00000000e+00	0.00000000e+00	0.00000000e+00
-418	0.00000000e+00	0.00000000e+00	0.00000000e+00	0.00000000e+00
-417	0.00000000e+00	0.00000000e+00	0.00000000e+00	0.00000000e+00
-416	0.00000000e+00	0.00000000e+00	0.00000000e+00	0.00000000e+00
-415	0.00000000e+00	0.00000000e+00	0.00000000e+00	0.00000000e+00
-414	0.00000000e+00	0.00000000e+00	0.00000000e+00	0.00000000e+00
-413	0.00000000e+00	0.00000000e+00	0.00000000e+00	0.00000000e+00
-412	0.00000000e+00	0.00000000e+00	0.00000000e+00	0.00000000e+00
-411	0.00000000e+00	0.00000000e+00	0.00000000e+00	0.00000000e+00
-410	0.00000000e+00	0.00000000e+00	0.00000000e+00	0.00000000e+00
-409	0.00000000e+00	0.00000000e+00	0.00000000e+00	0.00000000e+00
-408	0.00000000e+00	0.00000000e+00	0.00000000e+00	0.00000000e+00
-407	0.00000000e+00	0.00000000e+00	0.00000000e+00	0.00000000e+00
-406	0.00000000e+00	0.00000000e+00	0.00000000e+00	0.00000000e+00
-405	0.00000000e+00	0.00000000e+00	0.00000000e+00	0.00000000e+00
-404	0.00000000e+00	0.00000000e+00	0.00000000e+00	0.00000000e+00
-403	0.00000000e+00	0.00000000e+00	0.00000000e+00	0.00000000e+00
-402	0.00000000e+00	0.00000000e+00	0.00000000e+00	0.00000000e+00
-401	0.00000000e+00	0.00000000e+00	0.00000000e+00	0.00000000e+00
-400	0.00000000e+00	0.00000000e+00	0.00000000e+00	0.00000000e+00
-399	0.00000000e+00	0.00000000e+00	0.00000000e+00	0.00000000e+00
-398	0.00000000e+00	0.00000000e+00	0.00000000e+00	0.00000000e+00
-397	0.00000000e+00	0.00000000e+00	0.00000000e+00	0.00000000e+00
-396	0.00000000e+00	0.00000000e+00	0.00000000e+00	0.00000000e+00
-395	0.00000000e+00	0.00000000e+00	0.00000000e+00	0.00000000e+00
-394	0.00000000e+00	0.00000000e+00	0.00000000e+00	0.00000000e+00
-393	0.00000000e+00	0.00000000e+00	0.00000000e+00	0.00000000e+00
-392	0.00000000e+00	0.00000000e+00	0.00000000e+00	0.00000000e+00
-391	0.00000000e+00	0.00000000e+00	0.00000000e+00	0.00000000e+00
-390	0.00000000e+00	0.00000000e+00	0.00000000e+00	0.00000000e+00
-389	0.00000000e+00	0.00000000e+00	0.00000000e+00	0.00000000e+00
-388	0.00000000e+00	0.00000000e+00	0.00000000e+00	0.00000000e+00
-387	0.00000000e+00	0.00000000e+00	0.00000000e+00	0.00000000e+00
-386	0.00000000e+00	0.00000000e+00	0.00000000e+00	0.00000000e+00
-385	0.00000000e+00	0.00000000e+00	0.00000000e+00	0.00000000e+00
-384	0.00000000e+00	0.00000000e+00	0.00000000e+00	0.00000000e+00
-383	0.00000000e+00	0.00000000e+00	0.00000000e+00	0.00000000e+00
-382	0.00000000e+00	0.00000000e+00	0.00000000e+00	0.00000000e+00
-381	0.00000000e+00	0.00000000e+00	0.00000000e+00	0.00000000e+00
-380	0.00000000e+00	0.00000000e+00	0.00000000e+00	0.00000000e+00
-379	0.00000000e+00	0.00000000e+00	0.00000000e+00	0.00000000e+00
-378	0.00000000e+00	0.00000000e+00	0.00000000e+00	0.00000000e+00
-377	0.00000000e+00	0.00000000e+00	0.00000000e+00	0.00000000e+00
-376	0.00000000e+00	0.00000000e+00	0.00000000e+00	0.00000000e+00
-375	0.00000000e+00	0.00000000e+00	0.00000000e+00	0.00000000e+00
-374	0.00000000e+00	0.00000000e+00	0.00000000e+00	0.00000000e+00
-373	0.00000000e+00	0.00000000e+00	0.00000000e+00	0.00000000e+00
-372	0.00000000e+00	0.00000000e+00	0.00000000e+00	0.00000000e+00
-371	0.00000000e+00	0.00000000e+00	0.00000000e+00	0.00000000e+00
-370	0.00000000e+00	0.00000000e+00	0.00000000e+00	0.00000000e+00
-369	0.00000000e+00	0.00000000e+00	0.00000000e+00	0.00000000e+00
-368	0.00000000e+00	0.00000000e+00	0.00000000e+00	0.00000000e+00
-367	0.00000000e+00	0.00000000e+00	0.00000000e+00	0.00000000e+00
-366	0.00000000e+00	0.00000000e+00	0.00000000e+00	0.00000000e+00
-365	0.00000000e+00	0.00000000e+00	0.00000000e+00	0.00000000e+00
-364	0.00000000e+00	0.00000000e+00	0.00000000e+00	0.00000000e+00
-363	0.00000000e+00	0.00000000e+00	0.00000000e+00	0.00000000e+00
-362	0.00000000e+00	0.00000000e+00	0.00000000e+00	0.00000000e+00
-361	0.00000000e+00	0.00000000e+00	0.00000000e+00	0.00000000e+00
-360	0.00000000e+00	0.00000000e+00	0.00000000e+00	0.00000000e+00
-359	0.00000000e+00	0.00000000e+00	0.00000000e+00	0.00000000e+00
-358	0.00000000e+00	0.00000000e+00	0.00000000e+00	0.00000000e+00
-357	0.00000000e+00	0.00000000e+00	0.00000000e+00	0.00000000e+00
-356	0.00000000e+00	0.00000000e+00	0.00000000e+00	0.00000000e+00
-355	0.00000000e+00	0.00000000e+00	0.00000000e+00	0.00000000e+00
-354	0.00000000e+00	0.00000000e+00	0.00000000e+00	0.00000000e+00
-353	0.00000000e+00	0.00000000e+00	0.00000000e+00	0.00000000e+00
-352	0.00000000e+00	0.00000000e+00	0.00000000e+00	0.00000000e+00
-351	0.00000000e+00	0.00000000e+00	0.00000000e+00	0.00000000e+00
-350	0.00000000e+00	0.00000000e+00	0.00000000e+00	0.00000000e+00
-349	0.00000000e+00	0.00000000e+00	0.00000000e+00	0.00000000e+00
-348	0.00000000e+00	0.00000000e+00	0.00000000e+00	0.00000000e+00
-347	0.00000000e+00	0.00000000e+00	0.00000000e+00	0.00000000e+00
-346	0.00000000e+00	0.00000000e+00	0.00000000e+00	0.00000000e+00
-345	0.00000000e+00	0.00000000e+00	0.00000000e+00	0.00000000e+00
-344	0.00000000e+00	0.00000000e+00	0.00000000e+00	0.00000000e+00
-343	0.00000000e+00	0.00000000e+00	0.00000000e+00	0.00000000e+00
-342	0.00000000e+00	0.00000000e+00	0.00000000e+00	0.00000000e+00
-341	0.00000000e+00	0.00000000e+00	0.00000000e+00	0.00000000e+00
-340	0.00000000e+00	0.00000000e+00	0.00000000e+00	0.00000000e+00
-339	0.00000000e+00	0.00000000e+00	0.00000000e+00	0.00000000e+00
-338	0.00000000e+00	0.00000000e+00	0.00000000e+00	0.00000000e+00
-337	0.00000000e+00	0.00000000e+00	0.00000000e+00	0.00000000e+00
-336	0.00000000e+00	0.00000000e+00	0.00000000e+00	0.00000000e+00
-335	0.00000000e+00	0.00000000e+00	0.00000000e+00	0.00000000e+00
-334	0.00000000e+00	0.00000000e+00	0.00000000e+00	0.00000000e+00
-333	0.00000000e+00	0.00000000e+00	0.00000000e+00	0.00000000e+00
-332	0.00000000e+00	0.00000000e+00	0.00000000e+00	0.00000000e+00
-331	0.00000000e+00	0.00000000e+00	0.00000000e+00	0.00000000e+00
-330	0.00000000e+00	0.00000000e+00	0.00000000e+00	0.00000000e+00
-329	0.00000000e+00	0.00000000e+00	0.00000000e+00	0.00000000e+00
-328	1.00000000e+00	0.00000000e+00	0.00000000e+00	0.00000000e+00
-327	1.00000000e+00	0.00000000e+00	0.00000000e+00	0.00000000e+00
-326	1.00000000e+00	0.00000000e+00	0.00000000e+00	0.00000000e+00
-325	1.00000000e+00	0.00000000e+00	0.00000000e+00	0.00000000e+00
-324	1.00000000e+00	0.00000000e+00	0.00000000e+00	0.00000000e+00
-323	1.00000000e+00	0.00000000e+00	0.00000000e+00	0.00000000e+00
-322	1.00000000e+00	0.00000000e+00	0.00000000e+00	0.00000000e+00
-321	1.00000000e+00	0.00000000e+00	0.00000000e+00	0.00000000e+00
-320	1.00000000e+00	0.00000000e+00	0.00000000e+00	0.00000000e+00
-319	1.00000000e+00	0.00000000e+00	0.00000000e+00	0.00000000e+00
-318	1.00000000e+00	0.00000000e+00	0.00000000e+00	0.00000000e+00
-317	1.00000000e+00	0.00000000e+00	0.00000000e+00	0.00000000e+00
-316	1.00000000e+00	0.00000000e+00	0.00000000e+00	0.00000000e+00
-315	1.00000000e+00	0.00000000e+00	0.00000000e+00	0.00000000e+00
-314	1.00000000e+00	0.00000000e+00	0.00000000e+00	0.00000000e+00
-313	1.00000000e+00	0.00000000e+00	0.00000000e+00	0.00000000e+00
-312	1.00000000e+00	0.00000000e+00	0.00000000e+00	0.00000000e+00
-311	1.00000000e+00	0.00000000e+00	0.00000000e+00	0.00000000e+00
-310	1.00000000e+00	0.00000000e+00	0.00000000e+00	0.00000000e+00
-309	1.00000000e+00	0.00000000e+00	0.00000000e+00	0.00000000e+00
-308	1.00000000e+00	0.00000000e+00	0.00000000e+00	0.00000000e+00
-307	1.00000000e+00	0.00000000e+00	0.00000000e+00	0.00000000e+00
-306	1.00000000e+00	0.00000000e+00	0.00000000e+00	0.00000000e+00
-305	1.00000000e+00	0.00000000e+00	0.00000000e+00	0.00000000e+00
-304	1.00000000e+00	0.00000000e+00	0.00000000e+00	0.00000000e+00
-303	1.00000000e+00	0.00000000e+00	0.00000000e+00	0.00000000e+00
-302	1.00000000e+00	0.00000000e+00	0.00000000e+00	0.00000000e+00
-301	1.00000000e+00	0.00000000e+00	0.00000000e+00	0.00000000e+00
-300	1.00000000e+00	0.00000000e+00	0.00000000e+00	0.00000000e+00
-299	1.00000000e+00	0.00000000e+00	0.00000000e+00	0.00000000e+00
-298	1.00000000e+00	0.00000000e+00	0.00000000e+00	0.00000000e+00
-297	1.00000000e+00	0.00000000e+00	0.00000000e+00	0.00000000e+00
-296	1.00000000e+00	0.00000000e+00	0.00000000e+00	0.00000000e+00
-295	1.00000000e+00	0.00000000e+00	0.00000000e+00	0.00000000e+00
-294	1.00000000e+00	0.00000000e+00	0.00000000e+00	0.00000000e+00
-293	1.00000000e+00	0.00000000e+00	0.00000000e+00	0.00000000e+00
-292	1.00000000e+00	0.00000000e+00	0.00000000e+00	0.00000000e+00
-291	1.00000000e+00	0.00000000e+00	0.00000000e+00	0.00000000e+00
-290	1.00000000e+00	0.00000000e+00	0.00000000e+00	0.00000000e+00
-289	1.00000000e+00	0.00000000e+00	0.00000000e+00	0.00000000e+00
-288	1.00000000e+00	0.00000000e+00	0.00000000e+00	0.00000000e+00
-287	1.00000000e+00	0.00000000e+00	0.00000000e+00	0.00000000e+00
-286	1.00000000e+00	0.00000000e+00	0.00000000e+00	0.00000000e+00
-285	1.00000000e+00	0.00000000e+00	0.00000000e+00	0.00000000e+00
-284	1.00000000e+00	0.00000000e+00	0.00000000e+00	0.00000000e+00
-283	1.00000000e+00	0.00000000e+00	0.00000000e+00	0.00000000e+00
-282	1.00000000e+00	0.00000000e+00	0.00000000e+00	0.00000000e+00
-281	1.00000000e+00	0.00000000e+00	0.00000000e+00	0.00000000e+00
-280	1.00000000e+00	0.00000000e+00	0.00000000e+00	0.00000000e+00
-279	1.00000000e+00	0.00000000e+00	0.00000000e+00	0.00000000e+00
-278	1.00000000e+00	0.00000000e+00	0.00000000e+00	0.00000000e+00
-277	1.00000000e+00	0.00000000e+00	0.00000000e+00	0.00000000e+00
-276	1.00000000e+00	0.00000000e+00	0.00000000e+00	0.00000000e+00
-275	1.00000000e+00	0.00000000e+00	0.00000000e+00	0.00000000e+00
-274	1.00000000e+00	0.00000000e+00	0.00000000e+00	0.00000000e+00
-273	1.00000000e+00	0.00000000e+00	0.00000000e+00	0.00000000e+00
-272	1.00000000e+00	0.00000000e+00	0.00000000e+00	0.00000000e+00
-271	1.00000000e+00	0.00000000e+00	0.00000000e+00	0.00000000e+00
-270	1.00000000e+00	0.00000000e+00	0.00000000e+00	0.00000000e+00
-269	1.00000000e+00	0.00000000e+00	0.00000000e+00	0.00000000e+00
-268	1.00000000e+00	0.00000000e+00	0.00000000e+00	0.00000000e+00
-267	1.00000000e+00	0.00000000e+00	0.00000000e+00	0.00000000e+00
-266	1.00000000e+00	0.00000000e+00	0.00000000e+00	0.00000000e+00
-265	1.00000000e+00	0.00000000e+00	0.00000000e+00	0.00000000e+00
-264	1.00000000e+00	0.00000000e+00	0.00000000e+00	0.00000000e+00
-263	1.00000000e+00	0.00000000e+00	0.00000000e+00	0.00000000e+00
-262	1.00000000e+00	0.00000000e+00	0.00000000e+00	0.00000000e+00
-261	1.00000000e+00	0.00000000e+00	0.00000000e+00	0.00000000e+00
-260	1.00000000e+00	0.00000000e+00	0.00000000e+00	0.00000000e+00
-259	1.00000000e+00	0.00000000e+00	0.00000000e+00	0.00000000e+00
-258	1.00000000e+00	0.00000000e+00	0.00000000e+00	0.00000000e+00
-257	1.00000000e+00	0.00000000e+00	0.00000000e+00	0.00000000e+00
-256	1.00000000e+00	0.00000000e+00	0.00000000e+00	0.00000000e+00
-255	1.00000000e+00	0.00000000e+00	0.00000000e+00	0.00000000e+00
-254	1.00000000e+00	0.00000000e+00	0.00000000e+00	0.00000000e+00
-253	1.00000000e+00	0.00000000e+00	0.00000000e+00	0.00000000e+00
-252	1.00000000e+00	0.00000000e+00	0.00000000e+00	0.00000000e+00
-251	1.00000000e+00	0.00000000e+00	0.00000000e+00	0.00000000e+00
-250	1.00000000e+00	0.00000000e+00	0.00000000e+00	0.00000000e+00
-249	1.00000000e+00	0.00000000e+00	0.00000000e+00	0.00000000e+00
-248	1.00000000e+00	0.00000000e+00	0.00000000e+00	0.00000000e+00
-247	1.00000000e+00	0.00000000e+00	0.00000000e+00	0.00000000e+00
-246	1.00000000e+00	0.00000000e+00	0.00000000e+00	0.00000000e+00
-245	1.00000000e+00	0.00000000e+00	0.00000000e+00	0.00000000e+00
-244	1.00000000e+00	0.00000000e+00	0.00000000e+00	0.00000000e+00
-243	1.00000000e+00	0.00000000e+00	0.00000000e+00	0.00000000e+00
-242	1.00000000e+00	0.00000000e+00	0.00000000e+00	0.00000000e+00
-241	1.00000000e+00	0.00000000e+00	0.00000000e+00	0.00000000e+00
-240	1.00000000e+00	0.00000000e+00	0.00000000e+00	0.00000000e+00
-239	1.00000000e+00	0.00000000e+00	0.00000000e+00	0.00000000e+00
-238	1.00000000e+00	0.00000000e+00	0.00000000e+00	0.00000000e+00
-237	1.00000000e+00	0.00000000e+00	0.00000000e+00	0.00000000e+00
-236	1.00000000e+00	0.00000000e+00	0.00000000e+00	0.00000000e+00
-235	1.00000000e+00	0.00000000e+00	0.00000000e+00	0.00000000e+00
-234	1.00000000e+00	0.00000000e+00	0.00000000e+00	0.00000000e+00
-233	1.00000000e+00	0.00000000e+00	0.00000000e+00	0.00000000e+00
-232	1.00000000e+00	0.00000000e+00	0.00000000e+00	0.00000000e+00
-231	1.00000000e+00	0.00000000e+00	0.00000000e+00	0.00000000e+00
-230	1.00000000e+00	0.00000000e+00	0.00000000e+00	0.00000000e+00
-229	1.00000000e+00	0.00000000e+00	0.00000000e+00	0.00000000e+00
-228	1.00000000e+00	0.00000000e+00	0.00000000e+00	0.00000000e+00
-227	1.00000000e+00	0.00000000e+00	0.00000000e+00	0.00000000e+00
-226	1.00000000e+00	0.00000000e+00	0.00000000e+00	0.00000000e+00
-225	1.00000000e+00	0.00000000e+00	0.00000000e+00	0.00000000e+00
-224	1.00000000e+00	0.00000000e+00	0.00000000e+00	0.00000000e+00
-223	1.00000000e+00	0.00000000e+00	0.00000000e+00	0.00000000e+00
-222	1.00000000e+00	0.00000000e+00	0.00000000e+00	0.00000000e+00
-221	1.00000000e+00	0.00000000e+00	0.00000000e+00	0.00000000e+00
-220	1.00000000e+00	0.00000000e+00	0.00000000e+00	0.00000000e+00
-219	1.00000000e+00	0.00000000e+00	0.00000000e+00	0.00000000e+00
-218	1.00000000e+00	0.00000000e+00	0.00000000e+00	0.00000000e+00
-217	1.00000000e+00	0.00000000e+00	0.00000000e+00	0.00000000e+00
-216	1.00000000e+00	0.00000000e+00	0.00000000e+00	0.00000000e+00
-215	1.00000000e+00	0.00000000e+00	0.00000000e+00	0.00000000e+00
-214	1.00000000e+00	0.00000000e+00	0.00000000e+00	0.00000000e+00
-213	1.00000000e+00	0.00000000e+00	0.00000000e+00	0.00000000e+00
-212	1.00000000e+00	0.00000000e+00	0.00000000e+00	0.00000000e+00
-211	1.00000000e+00	0.00000000e+00	0.00000000e+00	0.00000000e+00
-210	1.00000000e+00	0.00000000e+00	0.00000000e+00	0.00000000e+00
-209	1.00000000e+00	0.00000000e+00	0.00000000e+00	0.00000000e+00
-208	1.00000000e+00	0.00000000e+00	0.00000000e+00	0.00000000e+00
-207	1.00000000e+00	0.00000000e+00	0.00000000e+00	0.00000000e+00
-206	1.00000000e+00	0.00000000e+00	0.00000000e+00	0.00000000e+00
-205	1.00000000e+00	0.00000000e+00	0.00000000e+00	0.00000000e+00
-204	1.00000000e+00	0.00000000e+00	0.00000000e+00	0.00000000e+00
-203	1.00000000e+00	0.00000000e+00	0.00000000e+00	0.00000000e+00
-202	1.00000000e+00	0.00000000e+00	0.00000000e+00	0.00000000e+00
-201	1.00000000e+00	0.00000000e+00	0.00000000e+00	0.00000000e+00
-200	1.00000000e+00	0.00000000e+00	0.00000000e+00	0.00000000e+00
-199	1.00000000e+00	0.00000000e+00	0.00000000e+00	0.00000000e+00
-198	1.00000000e+00	0.00000000e+00	0.00000000e+00	0.00000000e+00
-197	1.00000000e+00	0.00000000e+00	0.00000000e+00	0.00000000e+00
-196	1.00000000e+00	0.00000000e+00	0.00000000e+00	0.00000000e+00
-195	1.00000000e+00	0.00000000e+00	0.00000000e+00	0.00000000e+00
-194	1.00000000e+00	0.00000000e+00	0.00000000e+00	0.00000000e+00
-193	1.00000000e+00	0.00000000e+00	0.00000000e+00	0.00000000e+00
-192	1.00000000e+00	0.00000000e+00	0.00000000e+00	0.00000000e+00
-191	1.00000000e+00	0.00000000e+00	0.00000000e+00	0.00000000e+00
-190	1.00000000e+00	0.00000000e+00	0.00000000e+00	0.00000000e+00
-189	1.00000000e+00	0.00000000e+00	0.00000000e+00	0.00000000e+00
-188	1.00000000e+00	0.00000000e+00	0.00000000e+00	0.00000000e+00
-187	1.00000000e+00	0.00000000e+00	0.00000000e+00	0.00000000e+00
-186	1.00000000e+00	0.00000000e+00	0.00000000e+00	0.00000000e+00
-185	1.00000000e+00	0.00000000e+00	0.00000000e+00	0.00000000e+00
-184	1.00000000e+00	0.00000000e+00	0.00000000e+00	0.00000000e+00
-183	1.00000000e+00	0.00000000e+00	0.00000000e+00	0.00000000e+00
-182	1.00000000e+00	0.00000000e+00	0.00000000e+00	0.00000000e+00
-181	1.00000000e+00	0.00000000e+00	0.00000000e+00	0.00000000e+00
-180	1.00000000e+00	0.00000000e+00	0.00000000e+00	0.00000000e+00
-179	1.00000000e+00	0.00000000e+00	0.00000000e+00	0.00000000e+00
-178	1.00000000e+00	0.00000000e+00	0.00000000e+00	0.00000000e+00
-177	1.00000000e+00	0.00000000e+00	0.00000000e+00	0.00000000e+00
-176	1.00000000e+00	0.00000000e+00	0.00000000e+00	0.00000000e+00
-175	1.00000000e+00	0.00000000e+00	0.00000000e+00	0.00000000e+00
-174	1.00000000e+00	0.00000000e+00	0.00000000e+00	0.00000000e+00
-173	1.00000000e+00	0.00000000e+00	0.00000000e+00	0.00000000e+00
-172	1.00000000e+00	0.00000000e+00	0.00000000e+00	0.00000000e+00
-171	1.00000000e+00	0.00000000e+00	0.00000000e+00	0.00000000e+00
-170	1.00000000e+00	0.00000000e+00	0.00000000e+00	0.00000000e+00
-169	1.00000000e+00	0.00000000e+00	0.00000000e+00	0.00000000e+00
-168	1.00000000e+00	0.00000000e+00	0.00000000e+00	0.00000000e+00
-167	1.00000000e+00	0.00000000e+00	0.00000000e+00	0.00000000e+00
-166	1.00000000e+00	0.00000000e+00	0.00000000e+00	0.00000000e+00
-165	1.00000000e+00	0.00000000e+00	0.00000000e+00	0.00000000e+00
-164	1.00000000e+00	0.00000000e+00	0.00000000e+00	0.00000000e+00
-163	1.00000000e+00	0.00000000e+00	0.00000000e+00	0.00000000e+00
-162	1.00000000e+00	0.00000000e+00	0.00000000e+00	0.00000000e+00
-161	1.00000000e+00	0.00000000e+00	0.00000000e+00	0.00000000e+00
-160	1.00000000e+00	0.00000000e+00	0.00000000e+00	0.00000000e+00
-159	1.00000000e+00	0.00000000e+00	0.00000000e+00	0.00000000e+00
-158	1.00000000e+00	0.00000000e+00	0.00000000e+00	0.00000000e+00
-157	1.00000000e+00	0.00000000e+00	0.00000000e+00	0.00000000e+00
-156	1.00000000e+00	0.00000000e+00	0.00000000e+00	0.00000000e+00
-155	1.00000000e+00	0.00000000e+00	0.00000000e+00	0.00000000e+00
-154	1.00000000e+00	0.00000000e+00	0.00000000e+00	0.00000000e+00
-153	1.00000000e+00	0.00000000e+00	0.00000000e+00	0.00000000e+00
-152	1.00000000e+00	0.00000000e+00	0.00000000e+00	0.00000000e+00
-151	1.00000000e+00	0.00000000e+00	0.00000000e+00	0.00000000e+00
-150	1.00000000e+00	0.00000000e+00	0.00000000e+00	0.00000000e+00
-149	1.00000000e+00	0.00000000e+00	0.00000000e+00	0.00000000e+00
-148	1.00000000e+00	0.00000000e+00	0.00000000e+00	0.00000000e+00
-147	1.00000000e+00	0.00000000e+00	0.00000000e+00	0.00000000e+00
-146	1.00000000e+00	0.00000000e+00	0.00000000e+00	0.00000000e+00
-145	1.00000000e+00	0.00000000e+00	0.00000000e+00	0.00000000e+00
-144	1.00000000e+00	0.00000000e+00	0.00000000e+00	0.00000000e+00
-143	1.00000000e+00	0.00000000e+00	0.00000000e+00	0.00000000e+00
-142	1.00000000e+00	0.00000000e+00	0.00000000e+00	0.00000000e+00
-141	1.00000000e+00	0.00000000e+00	0.00000000e+00	0.00000000e+00
-140	1.00000000e+00	0.00000000e+00	0.00000000e+00	0.00000000e+00
-139	1.00000000e+00	0.00000000e+00	0.00000000e+00	0.00000000e+00
-138	1.00000000e+00	0.00000000e+00	0.00000000e+00	0.00000000e+00
-137	1.00000000e+00	0.00000000e+00	0.00000000e+00	0.00000000e+00
-136	1.00000000e+00	0.00000000e+00	0.00000000e+00	0.00000000e+00
-135	1.00000000e+00	0.00000000e+00	0.00000000e+00	0.00000000e+00
-134	1.00000000e+00	0.00000000e+00	0.00000000e+00	0.00000000e+00
-133	1.00000000e+00	0.00000000e+00	0.00000000e+00	0.00000000e+00
-132	1.00000000e+00	0.00000000e+00	0.00000000e+00	0.00000000e+00
-131	1.00000000e+00	0.00000000e+00	0.00000000e+00	0.00000000e+00
-130	1.00000000e+00	0.00000000e+00	0.00000000e+00	0.00000000e+00
-129	1.00000000e+00	0.00000000e+00	0.00000000e+00	0.00000000e+00
-128	1.00000000e+00	0.00000000e+00	0.00000000e+00	0.00000000e+00
-127	1.00000000e+00	0.00000000e+00	0.00000000e+00	0.00000000e+00
-126	2.00000000e+00	0.00000000e+00	0.00000000e+00	0.00000000e+00
-125	2.00000000e+00	0.00000000e+00	0.00000000e+00	0.00000000e+00
-124	2.00000000e+00	0.00000000e+00	0.00000000e+00	0.00000000e+00
-123	2.00000000e+00	0.00000000e+00	0.00000000e+00	0.00000000e+00
-122	2.00000000e+00	0.00000000e+00	0.00000000e+00	0.00000000e+00
-121	2.00000000e+00	0.00000000e+00	0.00000000e+00	0.00000000e+00
-120	2.00000000e+00	0.00000000e+00	0.00000000e+00	0.00000000e+00
-119	2.00000000e+00	0.00000000e+00	0.00000000e+00	0.00000000e+00
-118	2.00000000e+00	0.00000000e+00	0.00000000e+00	0.00000000e+00
-117	2.00000000e+00	0.00000000e+00	0.00000000e+00	0.00000000e+00
-116	2.00000000e+00	0.00000000e+00	0.00000000e+00	0.00000000e+00
-115	2.00000000e+00	0.00000000e+00	0.00000000e+00	0.00000000e+00
-114	2.00000000e+00	0.00000000e+00	0.00000000e+00	0.00000000e+00
-113	2.00000000e+00	0.00000000e+00	0.00000000e+00	0.00000000e+00
-112	2.00000000e+00	0.00000000e+00	0.00000000e+00	0.00000000e+00
-111	2.00000000e+00	0.00000000e+00	0.00000000e+00	0.00000000e+00
-110	2.00000000e+00	0.00000000e+00	0.00000000e+00	0.00000000e+00
-109	2.00000000e+00	0.00000000e+00	0.00000000e+00	0.00000000e+00
-108	2.00000000e+00	0.00000000e+00	0.00000000e+00	0.00000000e+00
-107	2.00000000e+00	0.00000000e+00	0.00000000e+00	0.00000000e+00
-106	2.00000000e+00	0.00000000e+00	0.00000000e+00	0.00000000e+00
-105	2.00000000e+00	0.00000000e+00	0.00000000e+00	0.00000000e+00
-104	2.00000000e+00	0.00000000e+00	0.00000000e+00	0.00000000e+00
-103	2.00000000e+00	0.00000000e+00	0.00000000e+00	0.00000000e+00
-102	3.00000000e+00	0.00000000e+00	0.00000000e+00	0.00000000e+00
-101	3.00000000e+00	0.00000000e+00	0.00000000e+00	0.00000000e+00
-100	3.00000000e+00	0.00000000e+00	0.00000000e+00	0.00000000e+00
-99	3.00000000e+00	0.00000000e+00	0.00000000e+00	0.00000000e+00
-98	3.00000000e+00	0.00000000e+00	0.00000000e+00	0.00000000e+00
-97	3.00000000e+00	0.00000000e+00	0.00000000e+00	0.00000000e+00
-96	3.00000000e+00	0.00000000e+00	0.00000000e+00	0.00000000e+00
-95	3.00000000e+00	0.00000000e+00	0.00000000e+00	0.00000000e+00
-94	3.00000000e+00	0.00000000e+00	0.00000000e+00	0.00000000e+00
-93	3.00000000e+00	0.00000000e+00	0.00000000e+00	0.00000000e+00
-92	3.00000000e+00	0.00000000e+00	0.00000000e+00	0.00000000e+00
-91	4.00000000e+00	0.00000000e+00	0.00000000e+00	0.00000000e+00
-90	5.00000000e+00	0.00000000e+00	0.00000000e+00	0.00000000e+00
-89	5.00000000e+00	0.00000000e+00	0.00000000e+00	0.00000000e+00
-88	5.00000000e+00	0.00000000e+00	0.00000000e+00	0.00000000e+00
-87	5.00000000e+00	0.00000000e+00	0.00000000e+00	0.00000000e+00
-86	5.00000000e+00	0.00000000e+00	0.00000000e+00	0.00000000e+00
-85	5.00000000e+00	0.00000000e+00	0.00000000e+00	0.00000000e+00
-84	6.00000000e+00	0.00000000e+00	0.00000000e+00	0.00000000e+00
-83	7.00000000e+00	0.00000000e+00	0.00000000e+00	0.00000000e+00
-82	7.00000000e+00	0.00000000e+00	0.00000000e+00	0.00000000e+00
-81	7.00000000e+00	0.00000000e+00	0.00000000e+00	0.00000000e+00
-80	7.00000000e+00	0.00000000e+00	0.00000000e+00	0.00000000e+00
-79	8.00000000e+00	0.00000000e+00	0.00000000e+00	0.00000000e+00
-78	8.00000000e+00	0.00000000e+00	0.00000000e+00	0.00000000e+00
-77	1.00000000e+01	0.00000000e+00	0.00000000e+00	0.00000000e+00
-76	1.10000000e+01	0.00000000e+00	0.00000000e+00	0.00000000e+00
-75	1.40000000e+01	0.00000000e+00	0.00000000e+00	0.00000000e+00
-74	1.80000000e+01	0.00000000e+00	0.00000000e+00	0.00000000e+00
-73	2.10000000e+01	0.00000000e+00	0.00000000e+00	0.00000000e+00
-72	2.30000000e+01	0.00000000e+00	0.00000000e+00	0.00000000e+00
-71	2.30000000e+01	0.00000000e+00	0.00000000e+00	0.00000000e+00
-70	2.40000000e+01	0.00000000e+00	0.00000000e+00	0.00000000e+00
-69	2.70000000e+01	0.00000000e+00	0.00000000e+00	0.00000000e+00
-68	2.70000000e+01	0.00000000e+00	0.00000000e+00	0.00000000e+00
-67	3.10000000e+01	0.00000000e+00	0.00000000e+00	0.00000000e+00
-66	3.50000000e+01	0.00000000e+00	0.00000000e+00	0.00000000e+00
-65	3.50000000e+01	2.00000000e+00	3.00000000e+00	4.00000000e+00
-64	1.47000000e+02	2.00000000e+00	3.00000000e+00	4.00000000e+00
-63	2.14000000e+02	2.00000000e+00	3.00000000e+00	4.00000000e+00
-62	2.92000000e+02	2.00000000e+00	3.00000000e+00	4.00000000e+00
-61	4.01000000e+02	2.00000000e+00	3.00000000e+00	4.00000000e+00
-60	4.64000000e+02	2.00000000e+00	3.00000000e+00	4.00000000e+00
-59	5.35000000e+02	2.00000000e+00	3.00000000e+00	4.00000000e+00
-58	5.61000000e+02	2.00000000e+00	3.00000000e+00	4.00000000e+00
-57	5.95000000e+02	2.00000000e+00	3.00000000e+00	4.00000000e+00
-56	6.23000000e+02	2.00000000e+00	3.00000000e+00	4.00000000e+00
-55	6.44000000e+02	2.00000000e+00	3.00000000e+00	4.00000000e+00
-54	6.70000000e+02	2.00000000e+00	3.00000000e+00	4.00000000e+00
-53	6.96000000e+02	2.00000000e+00	3.00000000e+00	4.00000000e+00
-52	7.28000000e+02	2.00000000e+00	3.00000000e+00	4.00000000e+00
-51	7.56000000e+02	2.00000000e+00	3.00000000e+00	4.00000000e+00
-50	7.70000000e+02	2.00000000e+00	3.00000000e+00	4.00000000e+00
-49	7.98000000e+02	2.00000000e+00	3.00000000e+00	4.00000000e+00
-48	8.25000000e+02	2.00000000e+00	3.00000000e+00	4.00000000e+00
-47	9.11000000e+02	2.00000000e+00	3.00000000e+00	4.00000000e+00
-46	9.88000000e+02	2.00000000e+00	3.00000000e+00	4.00000000e+00
-45	1.08300000e+03	2.00000000e+00	3.00000000e+00	4.00000000e+00
-44	1.13300000e+03	2.00000000e+00	3.00000000e+00	4.00000000e+00
-43	1.23700000e+03	3.00000000e+00	4.00000000e+00	7.00000000e+00
-42	1.44800000e+03	3.00000000e+00	4.00000000e+00	7.00000000e+00
-41	1.57100000e+03	3.00000000e+00	4.00000000e+00	7.00000000e+00
-40	1.66300000e+03	3.00000000e+00	4.00000000e+00	7.00000000e+00
-39	1.75700000e+03	3.00000000e+00	4.00000000e+00	7.00000000e+00
-38	1.86600000e+03	3.00000000e+00	4.00000000e+00	7.00000000e+00
-37	1.95400000e+03	3.00000000e+00	4.00000000e+00	7.00000000e+00
-36	2.03200000e+03	3.00000000e+00	4.00000000e+00	7.00000000e+00
-35	2.09000000e+03	3.00000000e+00	4.00000000e+00	7.00000000e+00
-34	2.15100000e+03	3.00000000e+00	4.00000000e+00	7.00000000e+00
-33	2.23100000e+03	3.00000000e+00	4.00000000e+00	7.00000000e+00
-32	2.32000000e+03	3.00000000e+00	4.00000000e+00	7.00000000e+00
-31	2.41500000e+03	3.00000000e+00	4.00000000e+00	7.00000000e+00
-30	2.49400000e+03	3.00000000e+00	4.00000000e+00	7.00000000e+00
-29	2.55200000e+03	3.00000000e+00	4.00000000e+00	7.00000000e+00
-28	2.63100000e+03	3.00000000e+00	4.00000000e+00	7.00000000e+00
-27	2.71600000e+03	3.00000000e+00	4.00000000e+00	7.00000000e+00
-26	2.77900000e+03	3.00000000e+00	4.00000000e+00	7.00000000e+00
-25	2.89200000e+03	3.00000000e+00	4.00000000e+00	7.00000000e+00
-24	2.96100000e+03	3.00000000e+00	4.00000000e+00	7.00000000e+00
-23	3.04100000e+03	3.00000000e+00	4.00000000e+00	7.00000000e+00
-22	3.10600000e+03	3.00000000e+00	4.00000000e+00	7.00000000e+00
-21	3.17000000e+03	3.00000000e+00	4.00000000e+00	7.00000000e+00
-20	3.21900000e+03	3.00000000e+00	4.00000000e+00	7.00000000e+00
-19	3.29100000e+03	3.00000000e+00	4.00000000e+00	7.00000000e+00
-18	3.37400000e+03	3.00000000e+00	4.00000000e+00	7.00000000e+00
-17	3.45200000e+03	3.00000000e+00	4.00000000e+00	7.00000000e+00
-16	3.52600000e+03	3.00000000e+00	4.00000000e+00	7.00000000e+00
-15	3.58700000e+03	3.00000000e+00	4.00000000e+00	7.00000000e+00
-14	3.67500000e+03	3.00000000e+00	4.00000000e+00	7.00000000e+00
-13	3.76600000e+03	3.00000000e+00	4.00000000e+00	7.00000000e+00
-12	3.88900000e+03	4.00000000e+00	5.00000000e+00	8.00000000e+00
-11	3.98900000e+03	4.00000000e+00	5.00000000e+00	8.00000000e+00
-10	4.09200000e+03	4.00000000e+00	5.00000000e+00	8.00000000e+00
-9	4.23800000e+03	4.00000000e+00	5.00000000e+00	8.00000000e+00
-8	4.32800000e+03	4.00000000e+00	5.00000000e+00	8.00000000e+00
-7	4.45600000e+03	4.00000000e+00	5.00000000e+00	8.00000000e+00
-6	4.64900000e+03	4.00000000e+00	5.00000000e+00	8.00000000e+00
-5	4.77500000e+03	4.00000000e+00	5.00000000e+00	8.00000000e+00
-4	4.90200000e+03	4.00000000e+00	5.00000000e+00	8.00000000e+00
-3	5.05800000e+03	4.00000000e+00	5.00000000e+00	8.00000000e+00
-2	5.23400000e+03	4.00000000e+00	5.00000000e+00	8.00000000e+00
-1	5.58300000e+03	4.00000000e+00	5.00000000e+00	8.00000000e+00
0	5.82900000e+03	4.00000000e+00	5.00000000e+00	8.00000000e+00
1	6.22900000e+03	4.00000000e+00	5.00000000e+00	8.00000000e+00
2	6.60500000e+03	5.00000000e+00	6.00000000e+00	1.20000000e+01
3	6.94600000e+03	5.00000000e+00	6.00000000e+00	1.20000000e+01
4	7.40900000e+03	1.00000000e+01	1.00000000e+01	1.80000000e+01
5	7.63900000e+03	1.00000000e+01	1.00000000e+01	1.80000000e+01
6	7.88100000e+03	1.20000000e+01	1.20000000e+01	2.00000000e+01
7	8.06800000e+03	1.20000000e+01	1.20000000e+01	2.00000000e+01
8	8.33900000e+03	1.20000000e+01	1.20000000e+01	2.00000000e+01
9	8.70200000e+03	1.20000000e+01	1.20000000e+01	2.00000000e+01
10	9.03600000e+03	1.10000000e+01	1.30000000e+01	2.10000000e+01
11	9.49300000e+03	1.20000000e+01	1.40000000e+01	2.40000000e+01
12	9.70600000e+03	1.20000000e+01	1.40000000e+01	2.40000000e+01
13	9.91200000e+03	1.40000000e+01	1.50000000e+01	2.60000000e+01
14	1.00790000e+04	1.40000000e+01	1.50000000e+01	2.60000000e+01
15	1.03040000e+04	1.40000000e+01	1.50000000e+01	2.60000000e+01
16	1.06000000e+04	1.40000000e+01	1.50000000e+01	2.60000000e+01
17	1.08700000e+04	1.40000000e+01	1.50000000e+01	2.60000000e+01
18	1.11040000e+04	1.40000000e+01	1.50000000e+01	2.60000000e+01
19	1.12620000e+04	1.40000000e+01	1.50000000e+01	2.60000000e+01
20	1.13910000e+04	1.40000000e+01	1.50000000e+01	2.60000000e+01
21	1.15410000e+04	1.40000000e+01	1.50000000e+01	2.60000000e+01
22	1.17000000e+04	1.40000000e+01	1.50000000e+01	2.60000000e+01
23	1.19100000e+04	1.40000000e+01	1.50000000e+01	2.60000000e+01
24	1.21560000e+04	1.40000000e+01	1.60000000e+01	2.80000000e+01
25	1.23580000e+04	1.60000000e+01	1.70000000e+01	2.90000000e+01
26	1.25170000e+04	1.60000000e+01	1.70000000e+01	2.90000000e+01
27	1.26700000e+04	1.60000000e+01	1.70000000e+01	2.90000000e+01
28	1.28250000e+04	1.60000000e+01	1.70000000e+01	2.90000000e+01
29	1.29900000e+04	1.60000000e+01	1.70000000e+01	2.90000000e+01
30	1.31880000e+04	1.60000000e+01	1.70000000e+01	2.90000000e+01
31	1.34180000e+04	1.50000000e+01	1.80000000e+01	3.10000000e+01
32	1.36390000e+04	1.70000000e+01	2.00000000e+01	3.30000000e+01
33	1.38700000e+04	1.70000000e+01	2.10000000e+01	3.50000000e+01
34	1.40940000e+04	2.10000000e+01	2.30000000e+01	3.80000000e+01
35	1.42800000e+04	2.10000000e+01	2.30000000e+01	3.80000000e+01
36	1.44750000e+04	2.10000000e+01	2.30000000e+01	3.80000000e+01
37	1.47450000e+04	2.10000000e+01	2.30000000e+01	3.80000000e+01
38	1.50000000e+04	2.10000000e+01	2.30000000e+01	3.80000000e+01
39	1.52360000e+04	2.10000000e+01	2.30000000e+01	3.80000000e+01
40	1.54070000e+04	2.10000000e+01	2.30000000e+01	3.80000000e+01
41	1.55830000e+04	2.10000000e+01	2.30000000e+01	3.80000000e+01
42	1.57520000e+04	2.20000000e+01	2.40000000e+01	4.00000000e+01
43	1.58870000e+04	2.20000000e+01	2.40000000e+01	4.00000000e+01
44	1.59490000e+04	2.20000000e+01	2.40000000e+01	4.00000000e+01
45	1.59880000e+04	2.20000000e+01	2.40000000e+01	4.00000000e+01
46	1.60320000e+04	2.20000000e+01	2.40000000e+01	4.00000000e+01
47	1.61490000e+04	2.20000000e+01	2.40000000e+01	4.00000000e+01
48	1.63040000e+04	2.20000000e+01	2.40000000e+01	4.00000000e+01
49	1.65660000e+04	2.20000000e+01	2.40000000e+01	4.00000000e+01
50	1.70140000e+04	2.50000000e+01	2.60000000e+01	4.20000000e+01
51	1.75580000e+04	2.50000000e+01	2.70000000e+01	4.40000000e+01
52	1.81270000e+04	2.50000000e+01	2.70000000e+01	4.40000000e+01
53	1.85990000e+04	2.50000000e+01	2.70000000e+01	4.40000000e+01
54	1.89090000e+04	2.50000000e+01	2.70000000e+01	4.40000000e+01
55	1.92070000e+04	2.50000000e+01	2.70000000e+01	4.40000000e+01
56	1.94690000e+04	2.50000000e+01	2.70000000e+01	4.40000000e+01
57	1.97450000e+04	2.50000000e+01	2.70000000e+01	4.40000000e+01
58	1.97450000e+04	2.50000000e+01	2.70000000e+01	4.40000000e+01
59	1.98680000e+04	2.50000000e+01	2.70000000e+01	4.40000000e+01
60	1.98680000e+04	2.50000000e+01	2.70000000e+01	4.40000000e+01
61	2.01700000e+04	2.50000000e+01	2.70000000e+01	4.40000000e+01
62	2.04510000e+04	2.50000000e+01	2.80000000e+01	4.50000000e+01
63	2.06720000e+04	2.50000000e+01	2.80000000e+01	4.50000000e+01
64	2.08970000e+04	2.50000000e+01	2.80000000e+01	4.50000000e+01
65	2.10960000e+04	2.50000000e+01	2.80000000e+01	4.50000000e+01
66	2.13180000e+04	2.50000000e+01	2.80000000e+01	4.50000000e+01
67	2.13180000e+04	2.50000000e+01	2.80000000e+01	4.50000000e+01
68	2.15510000e+04	2.50000000e+01	2.80000000e+01	4.50000000e+01
69	2.15510000e+04	2.60000000e+01	2.90000000e+01	4.60000000e+01
70	2.15510000e+04	2.60000000e+01	2.90000000e+01	4.60000000e+01
71	2.15510000e+04	2.60000000e+01	2.90000000e+01	4.60000000e+01
72	2.15510000e+04	2.60000000e+01	2.90000000e+01	4.60000000e+01
73	2.17790000e+04	2.60000000e+01	2.90000000e+01	4.60000000e+01
74	2.19400000e+04	2.60000000e+01	2.90000000e+01	4.60000000e+01
75	2.21540000e+04	2.70000000e+01	3.00000000e+01	4.80000000e+01
76	2.23130000e+04	2.70000000e+01	3.00000000e+01	4.80000000e+01
77	2.24560000e+04	2.70000000e+01	3.00000000e+01	4.80000000e+01
78	2.26630000e+04	2.70000000e+01	3.00000000e+01	4.80000000e+01
79	2.28560000e+04	2.70000000e+01	3.00000000e+01	4.80000000e+01
80	2.30940000e+04	2.70000000e+01	3.00000000e+01	4.80000000e+01
81	2.32930000e+04	2.70000000e+01	3.00000000e+01	4.80000000e+01
82	2.34500000e+04	2.70000000e+01	3.00000000e+01	4.80000000e+01
83	2.36290000e+04	2.70000000e+01	3.00000000e+01	4.80000000e+01
84	2.38210000e+04	2.70000000e+01	3.00000000e+01	4.80000000e+01
85	2.40580000e+04	2.70000000e+01	3.00000000e+01	4.80000000e+01
86	2.42930000e+04	2.70000000e+01	3.00000000e+01	4.80000000e+01
87	2.45490000e+04	2.70000000e+01	3.00000000e+01	4.80000000e+01
88	2.48350000e+04	2.70000000e+01	3.00000000e+01	4.80000000e+01
89	2.50480000e+04	2.70000000e+01	3.00000000e+01	4.80000000e+01
90	2.52600000e+04	2.70000000e+01	3.00000000e+01	4.80000000e+01
91	2.54820000e+04	2.70000000e+01	3.00000000e+01	4.80000000e+01
92	2.57090000e+04	2.70000000e+01	3.00000000e+01	4.80000000e+01
93	2.59440000e+04	2.70000000e+01	3.00000000e+01	4.80000000e+01
94	2.62420000e+04	2.70000000e+01	3.00000000e+01	4.80000000e+01
95	2.64920000e+04	2.70000000e+01	3.00000000e+01	4.80000000e+01
96	2.67190000e+04	2.70000000e+01	3.00000000e+01	4.80000000e+01
97	2.69490000e+04	2.70000000e+01	3.00000000e+01	4.80000000e+01
98	2.71600000e+04	2.70000000e+01	3.00000000e+01	4.80000000e+01
99	2.74030000e+04	2.70000000e+01	3.00000000e+01	4.80000000e+01
100	2.76280000e+04	2.70000000e+01	3.00000000e+01	4.80000000e+01
