Day_(movie_time)	Views	Users	Rigor	Edits
-500	0.00000000e+00	0.00000000e+00	0.00000000e+00	0.00000000e+00
-499	0.00000000e+00	0.00000000e+00	0.00000000e+00	0.00000000e+00
-498	0.00000000e+00	0.00000000e+00	0.00000000e+00	0.00000000e+00
-497	0.00000000e+00	0.00000000e+00	0.00000000e+00	0.00000000e+00
-496	0.00000000e+00	0.00000000e+00	0.00000000e+00	0.00000000e+00
-495	0.00000000e+00	0.00000000e+00	0.00000000e+00	0.00000000e+00
-494	0.00000000e+00	0.00000000e+00	0.00000000e+00	0.00000000e+00
-493	0.00000000e+00	0.00000000e+00	0.00000000e+00	0.00000000e+00
-492	0.00000000e+00	0.00000000e+00	0.00000000e+00	0.00000000e+00
-491	0.00000000e+00	0.00000000e+00	0.00000000e+00	0.00000000e+00
-490	0.00000000e+00	0.00000000e+00	0.00000000e+00	0.00000000e+00
-489	0.00000000e+00	0.00000000e+00	0.00000000e+00	0.00000000e+00
-488	0.00000000e+00	0.00000000e+00	0.00000000e+00	0.00000000e+00
-487	0.00000000e+00	0.00000000e+00	0.00000000e+00	0.00000000e+00
-486	0.00000000e+00	0.00000000e+00	0.00000000e+00	0.00000000e+00
-485	0.00000000e+00	0.00000000e+00	0.00000000e+00	0.00000000e+00
-484	0.00000000e+00	0.00000000e+00	0.00000000e+00	0.00000000e+00
-483	0.00000000e+00	0.00000000e+00	0.00000000e+00	0.00000000e+00
-482	0.00000000e+00	0.00000000e+00	0.00000000e+00	0.00000000e+00
-481	0.00000000e+00	0.00000000e+00	0.00000000e+00	0.00000000e+00
-480	0.00000000e+00	0.00000000e+00	0.00000000e+00	0.00000000e+00
-479	0.00000000e+00	0.00000000e+00	0.00000000e+00	0.00000000e+00
-478	0.00000000e+00	0.00000000e+00	0.00000000e+00	0.00000000e+00
-477	0.00000000e+00	0.00000000e+00	0.00000000e+00	0.00000000e+00
-476	0.00000000e+00	0.00000000e+00	0.00000000e+00	0.00000000e+00
-475	0.00000000e+00	0.00000000e+00	0.00000000e+00	0.00000000e+00
-474	0.00000000e+00	0.00000000e+00	0.00000000e+00	0.00000000e+00
-473	0.00000000e+00	0.00000000e+00	0.00000000e+00	0.00000000e+00
-472	0.00000000e+00	0.00000000e+00	0.00000000e+00	0.00000000e+00
-471	0.00000000e+00	0.00000000e+00	0.00000000e+00	0.00000000e+00
-470	0.00000000e+00	0.00000000e+00	0.00000000e+00	0.00000000e+00
-469	0.00000000e+00	0.00000000e+00	0.00000000e+00	0.00000000e+00
-468	0.00000000e+00	0.00000000e+00	0.00000000e+00	0.00000000e+00
-467	0.00000000e+00	0.00000000e+00	0.00000000e+00	0.00000000e+00
-466	0.00000000e+00	0.00000000e+00	0.00000000e+00	0.00000000e+00
-465	0.00000000e+00	0.00000000e+00	0.00000000e+00	0.00000000e+00
-464	0.00000000e+00	0.00000000e+00	0.00000000e+00	0.00000000e+00
-463	0.00000000e+00	0.00000000e+00	0.00000000e+00	0.00000000e+00
-462	0.00000000e+00	0.00000000e+00	0.00000000e+00	0.00000000e+00
-461	0.00000000e+00	0.00000000e+00	0.00000000e+00	0.00000000e+00
-460	0.00000000e+00	0.00000000e+00	0.00000000e+00	0.00000000e+00
-459	0.00000000e+00	0.00000000e+00	0.00000000e+00	0.00000000e+00
-458	0.00000000e+00	0.00000000e+00	0.00000000e+00	0.00000000e+00
-457	0.00000000e+00	0.00000000e+00	0.00000000e+00	0.00000000e+00
-456	0.00000000e+00	0.00000000e+00	0.00000000e+00	0.00000000e+00
-455	0.00000000e+00	0.00000000e+00	0.00000000e+00	0.00000000e+00
-454	0.00000000e+00	0.00000000e+00	0.00000000e+00	0.00000000e+00
-453	0.00000000e+00	0.00000000e+00	0.00000000e+00	0.00000000e+00
-452	0.00000000e+00	0.00000000e+00	0.00000000e+00	0.00000000e+00
-451	0.00000000e+00	0.00000000e+00	0.00000000e+00	0.00000000e+00
-450	0.00000000e+00	0.00000000e+00	0.00000000e+00	0.00000000e+00
-449	0.00000000e+00	0.00000000e+00	0.00000000e+00	0.00000000e+00
-448	0.00000000e+00	0.00000000e+00	0.00000000e+00	0.00000000e+00
-447	0.00000000e+00	0.00000000e+00	0.00000000e+00	0.00000000e+00
-446	0.00000000e+00	0.00000000e+00	0.00000000e+00	0.00000000e+00
-445	0.00000000e+00	0.00000000e+00	0.00000000e+00	0.00000000e+00
-444	0.00000000e+00	0.00000000e+00	0.00000000e+00	0.00000000e+00
-443	0.00000000e+00	0.00000000e+00	0.00000000e+00	0.00000000e+00
-442	0.00000000e+00	0.00000000e+00	0.00000000e+00	0.00000000e+00
-441	0.00000000e+00	0.00000000e+00	0.00000000e+00	0.00000000e+00
-440	0.00000000e+00	0.00000000e+00	0.00000000e+00	0.00000000e+00
-439	0.00000000e+00	0.00000000e+00	0.00000000e+00	0.00000000e+00
-438	0.00000000e+00	0.00000000e+00	0.00000000e+00	0.00000000e+00
-437	0.00000000e+00	0.00000000e+00	0.00000000e+00	0.00000000e+00
-436	0.00000000e+00	0.00000000e+00	0.00000000e+00	0.00000000e+00
-435	0.00000000e+00	0.00000000e+00	0.00000000e+00	0.00000000e+00
-434	0.00000000e+00	0.00000000e+00	0.00000000e+00	0.00000000e+00
-433	0.00000000e+00	0.00000000e+00	0.00000000e+00	0.00000000e+00
-432	0.00000000e+00	0.00000000e+00	0.00000000e+00	0.00000000e+00
-431	0.00000000e+00	0.00000000e+00	0.00000000e+00	0.00000000e+00
-430	0.00000000e+00	0.00000000e+00	0.00000000e+00	0.00000000e+00
-429	0.00000000e+00	0.00000000e+00	0.00000000e+00	0.00000000e+00
-428	0.00000000e+00	0.00000000e+00	0.00000000e+00	0.00000000e+00
-427	0.00000000e+00	0.00000000e+00	0.00000000e+00	0.00000000e+00
-426	0.00000000e+00	0.00000000e+00	0.00000000e+00	0.00000000e+00
-425	0.00000000e+00	0.00000000e+00	0.00000000e+00	0.00000000e+00
-424	0.00000000e+00	0.00000000e+00	0.00000000e+00	0.00000000e+00
-423	0.00000000e+00	0.00000000e+00	0.00000000e+00	0.00000000e+00
-422	0.00000000e+00	0.00000000e+00	0.00000000e+00	0.00000000e+00
-421	0.00000000e+00	0.00000000e+00	0.00000000e+00	0.00000000e+00
-420	0.00000000e+00	0.00000000e+00	0.00000000e+00	0.00000000e+00
-419	0.00000000e+00	0.00000000e+00	0.00000000e+00	0.00000000e+00
-418	0.00000000e+00	0.00000000e+00	0.00000000e+00	0.00000000e+00
-417	0.00000000e+00	0.00000000e+00	0.00000000e+00	0.00000000e+00
-416	0.00000000e+00	0.00000000e+00	0.00000000e+00	0.00000000e+00
-415	0.00000000e+00	0.00000000e+00	0.00000000e+00	0.00000000e+00
-414	0.00000000e+00	0.00000000e+00	0.00000000e+00	0.00000000e+00
-413	0.00000000e+00	0.00000000e+00	0.00000000e+00	0.00000000e+00
-412	0.00000000e+00	0.00000000e+00	0.00000000e+00	0.00000000e+00
-411	0.00000000e+00	0.00000000e+00	0.00000000e+00	0.00000000e+00
-410	0.00000000e+00	0.00000000e+00	0.00000000e+00	0.00000000e+00
-409	0.00000000e+00	0.00000000e+00	0.00000000e+00	0.00000000e+00
-408	0.00000000e+00	0.00000000e+00	0.00000000e+00	0.00000000e+00
-407	0.00000000e+00	0.00000000e+00	0.00000000e+00	0.00000000e+00
-406	0.00000000e+00	0.00000000e+00	0.00000000e+00	0.00000000e+00
-405	0.00000000e+00	0.00000000e+00	0.00000000e+00	0.00000000e+00
-404	0.00000000e+00	0.00000000e+00	0.00000000e+00	0.00000000e+00
-403	0.00000000e+00	0.00000000e+00	0.00000000e+00	0.00000000e+00
-402	0.00000000e+00	0.00000000e+00	0.00000000e+00	0.00000000e+00
-401	0.00000000e+00	0.00000000e+00	0.00000000e+00	0.00000000e+00
-400	0.00000000e+00	0.00000000e+00	0.00000000e+00	0.00000000e+00
-399	0.00000000e+00	0.00000000e+00	0.00000000e+00	0.00000000e+00
-398	0.00000000e+00	0.00000000e+00	0.00000000e+00	0.00000000e+00
-397	0.00000000e+00	0.00000000e+00	0.00000000e+00	0.00000000e+00
-396	0.00000000e+00	0.00000000e+00	0.00000000e+00	0.00000000e+00
-395	0.00000000e+00	0.00000000e+00	0.00000000e+00	0.00000000e+00
-394	0.00000000e+00	0.00000000e+00	0.00000000e+00	0.00000000e+00
-393	0.00000000e+00	0.00000000e+00	0.00000000e+00	0.00000000e+00
-392	0.00000000e+00	0.00000000e+00	0.00000000e+00	0.00000000e+00
-391	0.00000000e+00	0.00000000e+00	0.00000000e+00	0.00000000e+00
-390	0.00000000e+00	0.00000000e+00	0.00000000e+00	0.00000000e+00
-389	0.00000000e+00	0.00000000e+00	0.00000000e+00	0.00000000e+00
-388	0.00000000e+00	0.00000000e+00	0.00000000e+00	0.00000000e+00
-387	0.00000000e+00	0.00000000e+00	0.00000000e+00	0.00000000e+00
-386	0.00000000e+00	0.00000000e+00	0.00000000e+00	0.00000000e+00
-385	0.00000000e+00	0.00000000e+00	0.00000000e+00	0.00000000e+00
-384	0.00000000e+00	0.00000000e+00	0.00000000e+00	0.00000000e+00
-383	0.00000000e+00	0.00000000e+00	0.00000000e+00	0.00000000e+00
-382	0.00000000e+00	0.00000000e+00	0.00000000e+00	0.00000000e+00
-381	0.00000000e+00	0.00000000e+00	0.00000000e+00	0.00000000e+00
-380	0.00000000e+00	0.00000000e+00	0.00000000e+00	0.00000000e+00
-379	0.00000000e+00	0.00000000e+00	0.00000000e+00	0.00000000e+00
-378	0.00000000e+00	0.00000000e+00	0.00000000e+00	0.00000000e+00
-377	0.00000000e+00	0.00000000e+00	0.00000000e+00	0.00000000e+00
-376	0.00000000e+00	0.00000000e+00	0.00000000e+00	0.00000000e+00
-375	0.00000000e+00	0.00000000e+00	0.00000000e+00	0.00000000e+00
-374	0.00000000e+00	0.00000000e+00	0.00000000e+00	0.00000000e+00
-373	0.00000000e+00	0.00000000e+00	0.00000000e+00	0.00000000e+00
-372	0.00000000e+00	0.00000000e+00	0.00000000e+00	0.00000000e+00
-371	0.00000000e+00	0.00000000e+00	0.00000000e+00	0.00000000e+00
-370	0.00000000e+00	0.00000000e+00	0.00000000e+00	0.00000000e+00
-369	0.00000000e+00	0.00000000e+00	0.00000000e+00	0.00000000e+00
-368	0.00000000e+00	0.00000000e+00	0.00000000e+00	0.00000000e+00
-367	0.00000000e+00	0.00000000e+00	0.00000000e+00	0.00000000e+00
-366	0.00000000e+00	0.00000000e+00	0.00000000e+00	0.00000000e+00
-365	0.00000000e+00	0.00000000e+00	0.00000000e+00	0.00000000e+00
-364	0.00000000e+00	0.00000000e+00	0.00000000e+00	0.00000000e+00
-363	0.00000000e+00	0.00000000e+00	0.00000000e+00	0.00000000e+00
-362	0.00000000e+00	0.00000000e+00	0.00000000e+00	0.00000000e+00
-361	0.00000000e+00	0.00000000e+00	0.00000000e+00	0.00000000e+00
-360	0.00000000e+00	0.00000000e+00	0.00000000e+00	0.00000000e+00
-359	0.00000000e+00	0.00000000e+00	0.00000000e+00	0.00000000e+00
-358	0.00000000e+00	0.00000000e+00	0.00000000e+00	0.00000000e+00
-357	0.00000000e+00	0.00000000e+00	0.00000000e+00	0.00000000e+00
-356	0.00000000e+00	0.00000000e+00	0.00000000e+00	0.00000000e+00
-355	0.00000000e+00	0.00000000e+00	0.00000000e+00	0.00000000e+00
-354	0.00000000e+00	0.00000000e+00	0.00000000e+00	0.00000000e+00
-353	0.00000000e+00	0.00000000e+00	0.00000000e+00	0.00000000e+00
-352	0.00000000e+00	0.00000000e+00	0.00000000e+00	0.00000000e+00
-351	0.00000000e+00	0.00000000e+00	0.00000000e+00	0.00000000e+00
-350	0.00000000e+00	0.00000000e+00	0.00000000e+00	0.00000000e+00
-349	0.00000000e+00	0.00000000e+00	0.00000000e+00	0.00000000e+00
-348	0.00000000e+00	0.00000000e+00	0.00000000e+00	0.00000000e+00
-347	0.00000000e+00	0.00000000e+00	0.00000000e+00	0.00000000e+00
-346	0.00000000e+00	0.00000000e+00	0.00000000e+00	0.00000000e+00
-345	0.00000000e+00	0.00000000e+00	0.00000000e+00	0.00000000e+00
-344	0.00000000e+00	0.00000000e+00	0.00000000e+00	0.00000000e+00
-343	0.00000000e+00	0.00000000e+00	0.00000000e+00	0.00000000e+00
-342	0.00000000e+00	0.00000000e+00	0.00000000e+00	0.00000000e+00
-341	0.00000000e+00	0.00000000e+00	0.00000000e+00	0.00000000e+00
-340	0.00000000e+00	0.00000000e+00	0.00000000e+00	0.00000000e+00
-339	0.00000000e+00	0.00000000e+00	0.00000000e+00	0.00000000e+00
-338	0.00000000e+00	0.00000000e+00	0.00000000e+00	0.00000000e+00
-337	0.00000000e+00	0.00000000e+00	0.00000000e+00	0.00000000e+00
-336	0.00000000e+00	0.00000000e+00	0.00000000e+00	0.00000000e+00
-335	0.00000000e+00	0.00000000e+00	0.00000000e+00	0.00000000e+00
-334	0.00000000e+00	0.00000000e+00	0.00000000e+00	0.00000000e+00
-333	0.00000000e+00	0.00000000e+00	0.00000000e+00	0.00000000e+00
-332	0.00000000e+00	0.00000000e+00	0.00000000e+00	0.00000000e+00
-331	0.00000000e+00	0.00000000e+00	0.00000000e+00	0.00000000e+00
-330	0.00000000e+00	0.00000000e+00	0.00000000e+00	0.00000000e+00
-329	0.00000000e+00	0.00000000e+00	0.00000000e+00	0.00000000e+00
-328	0.00000000e+00	0.00000000e+00	0.00000000e+00	0.00000000e+00
-327	0.00000000e+00	0.00000000e+00	0.00000000e+00	0.00000000e+00
-326	0.00000000e+00	0.00000000e+00	0.00000000e+00	0.00000000e+00
-325	0.00000000e+00	0.00000000e+00	0.00000000e+00	0.00000000e+00
-324	0.00000000e+00	0.00000000e+00	0.00000000e+00	0.00000000e+00
-323	0.00000000e+00	0.00000000e+00	0.00000000e+00	0.00000000e+00
-322	0.00000000e+00	0.00000000e+00	0.00000000e+00	0.00000000e+00
-321	0.00000000e+00	0.00000000e+00	0.00000000e+00	0.00000000e+00
-320	0.00000000e+00	0.00000000e+00	0.00000000e+00	0.00000000e+00
-319	0.00000000e+00	0.00000000e+00	0.00000000e+00	0.00000000e+00
-318	0.00000000e+00	0.00000000e+00	0.00000000e+00	0.00000000e+00
-317	0.00000000e+00	0.00000000e+00	0.00000000e+00	0.00000000e+00
-316	0.00000000e+00	0.00000000e+00	0.00000000e+00	0.00000000e+00
-315	0.00000000e+00	0.00000000e+00	0.00000000e+00	0.00000000e+00
-314	0.00000000e+00	0.00000000e+00	0.00000000e+00	0.00000000e+00
-313	0.00000000e+00	0.00000000e+00	0.00000000e+00	0.00000000e+00
-312	0.00000000e+00	0.00000000e+00	0.00000000e+00	0.00000000e+00
-311	0.00000000e+00	0.00000000e+00	0.00000000e+00	0.00000000e+00
-310	0.00000000e+00	0.00000000e+00	0.00000000e+00	0.00000000e+00
-309	0.00000000e+00	0.00000000e+00	0.00000000e+00	0.00000000e+00
-308	0.00000000e+00	0.00000000e+00	0.00000000e+00	0.00000000e+00
-307	0.00000000e+00	0.00000000e+00	0.00000000e+00	0.00000000e+00
-306	0.00000000e+00	0.00000000e+00	0.00000000e+00	0.00000000e+00
-305	0.00000000e+00	0.00000000e+00	0.00000000e+00	0.00000000e+00
-304	0.00000000e+00	0.00000000e+00	0.00000000e+00	0.00000000e+00
-303	1.10000000e+01	1.00000000e+00	1.00000000e+00	3.00000000e+00
-302	1.40000000e+01	1.00000000e+00	1.00000000e+00	3.00000000e+00
-301	1.70000000e+01	1.00000000e+00	1.00000000e+00	3.00000000e+00
-300	2.10000000e+01	1.00000000e+00	1.00000000e+00	3.00000000e+00
-299	2.60000000e+01	1.00000000e+00	1.00000000e+00	3.00000000e+00
-298	4.60000000e+01	3.00000000e+00	3.00000000e+00	8.00000000e+00
-297	1.12000000e+02	3.00000000e+00	3.00000000e+00	8.00000000e+00
-296	1.54000000e+02	3.00000000e+00	3.00000000e+00	8.00000000e+00
-295	1.98000000e+02	3.00000000e+00	3.00000000e+00	8.00000000e+00
-294	2.44000000e+02	3.00000000e+00	3.00000000e+00	8.00000000e+00
-293	2.84000000e+02	3.00000000e+00	3.00000000e+00	8.00000000e+00
-292	3.47000000e+02	4.00000000e+00	4.00000000e+00	1.00000000e+01
-291	3.85000000e+02	4.00000000e+00	4.00000000e+00	1.00000000e+01
-290	4.15000000e+02	4.00000000e+00	4.00000000e+00	1.00000000e+01
-289	4.40000000e+02	4.00000000e+00	4.00000000e+00	1.00000000e+01
-288	4.68000000e+02	4.00000000e+00	4.00000000e+00	1.00000000e+01
-287	4.97000000e+02	4.00000000e+00	4.00000000e+00	1.00000000e+01
-286	5.25000000e+02	4.00000000e+00	4.00000000e+00	1.00000000e+01
-285	5.56000000e+02	4.00000000e+00	4.00000000e+00	1.00000000e+01
-284	5.80000000e+02	4.00000000e+00	4.00000000e+00	1.00000000e+01
-283	6.04000000e+02	4.00000000e+00	4.00000000e+00	1.00000000e+01
-282	6.27000000e+02	4.00000000e+00	4.00000000e+00	1.00000000e+01
-281	6.61000000e+02	6.00000000e+00	5.00000000e+00	1.10000000e+01
-280	6.76000000e+02	6.00000000e+00	5.00000000e+00	1.10000000e+01
-279	6.99000000e+02	7.00000000e+00	6.00000000e+00	1.20000000e+01
-278	7.23000000e+02	7.00000000e+00	6.00000000e+00	1.20000000e+01
-277	7.45000000e+02	7.00000000e+00	6.00000000e+00	1.20000000e+01
-276	7.77000000e+02	7.00000000e+00	6.00000000e+00	1.20000000e+01
-275	7.99000000e+02	7.00000000e+00	6.00000000e+00	1.20000000e+01
-274	8.08000000e+02	7.00000000e+00	6.00000000e+00	1.20000000e+01
-273	8.24000000e+02	7.00000000e+00	6.00000000e+00	1.20000000e+01
-272	8.47000000e+02	7.00000000e+00	6.00000000e+00	1.20000000e+01
-271	8.67000000e+02	7.00000000e+00	6.00000000e+00	1.20000000e+01
-270	8.92000000e+02	7.00000000e+00	6.00000000e+00	1.20000000e+01
-269	9.11000000e+02	7.00000000e+00	6.00000000e+00	1.20000000e+01
-268	9.29000000e+02	7.00000000e+00	6.00000000e+00	1.20000000e+01
-267	9.57000000e+02	7.00000000e+00	6.00000000e+00	1.20000000e+01
-266	9.85000000e+02	7.00000000e+00	6.00000000e+00	1.20000000e+01
-265	1.00800000e+03	7.00000000e+00	6.00000000e+00	1.20000000e+01
-264	1.02500000e+03	7.00000000e+00	6.00000000e+00	1.20000000e+01
-263	1.04700000e+03	7.00000000e+00	6.00000000e+00	1.20000000e+01
-262	1.06000000e+03	7.00000000e+00	6.00000000e+00	1.20000000e+01
-261	1.08200000e+03	7.00000000e+00	6.00000000e+00	1.20000000e+01
-260	1.12100000e+03	7.00000000e+00	7.00000000e+00	1.90000000e+01
-259	1.15500000e+03	7.00000000e+00	7.00000000e+00	1.90000000e+01
-258	1.21100000e+03	8.00000000e+00	8.00000000e+00	2.00000000e+01
-257	1.24100000e+03	8.00000000e+00	8.00000000e+00	2.00000000e+01
-256	1.26500000e+03	8.00000000e+00	8.00000000e+00	2.00000000e+01
-255	1.29200000e+03	8.00000000e+00	8.00000000e+00	2.00000000e+01
-254	1.31500000e+03	8.00000000e+00	8.00000000e+00	2.00000000e+01
-253	1.33600000e+03	8.00000000e+00	8.00000000e+00	2.00000000e+01
-252	1.37800000e+03	8.00000000e+00	8.00000000e+00	2.00000000e+01
-251	1.40400000e+03	8.00000000e+00	8.00000000e+00	2.00000000e+01
-250	1.43700000e+03	8.00000000e+00	8.00000000e+00	2.00000000e+01
-249	1.46800000e+03	8.00000000e+00	8.00000000e+00	2.00000000e+01
-248	1.49400000e+03	8.00000000e+00	8.00000000e+00	2.00000000e+01
-247	1.53000000e+03	8.00000000e+00	8.00000000e+00	2.00000000e+01
-246	1.56900000e+03	8.00000000e+00	8.00000000e+00	2.00000000e+01
-245	1.60800000e+03	8.00000000e+00	8.00000000e+00	2.00000000e+01
-244	1.63300000e+03	8.00000000e+00	8.00000000e+00	2.00000000e+01
-243	1.66700000e+03	8.00000000e+00	8.00000000e+00	2.00000000e+01
-242	1.70300000e+03	8.00000000e+00	8.00000000e+00	2.00000000e+01
-241	1.75900000e+03	8.00000000e+00	8.00000000e+00	2.00000000e+01
-240	1.79600000e+03	8.00000000e+00	8.00000000e+00	2.00000000e+01
-239	1.82600000e+03	8.00000000e+00	8.00000000e+00	2.00000000e+01
-238	1.85200000e+03	8.00000000e+00	8.00000000e+00	2.00000000e+01
-237	1.88700000e+03	8.00000000e+00	8.00000000e+00	2.00000000e+01
-236	1.90500000e+03	8.00000000e+00	8.00000000e+00	2.00000000e+01
-235	1.93000000e+03	8.00000000e+00	8.00000000e+00	2.00000000e+01
-234	1.97200000e+03	8.00000000e+00	8.00000000e+00	2.00000000e+01
-233	2.01500000e+03	8.00000000e+00	8.00000000e+00	2.00000000e+01
-232	2.07500000e+03	8.00000000e+00	8.00000000e+00	2.00000000e+01
-231	2.11900000e+03	8.00000000e+00	8.00000000e+00	2.00000000e+01
-230	2.15700000e+03	8.00000000e+00	8.00000000e+00	2.00000000e+01
-229	2.19000000e+03	8.00000000e+00	8.00000000e+00	2.00000000e+01
-228	2.21900000e+03	8.00000000e+00	8.00000000e+00	2.00000000e+01
-227	2.29400000e+03	8.00000000e+00	8.00000000e+00	2.00000000e+01
-226	2.36400000e+03	8.00000000e+00	8.00000000e+00	2.00000000e+01
-225	2.42700000e+03	8.00000000e+00	8.00000000e+00	2.00000000e+01
-224	2.46700000e+03	8.00000000e+00	8.00000000e+00	2.00000000e+01
-223	2.50100000e+03	8.00000000e+00	8.00000000e+00	2.00000000e+01
-222	2.54700000e+03	8.00000000e+00	8.00000000e+00	2.00000000e+01
-221	2.59200000e+03	8.00000000e+00	8.00000000e+00	2.00000000e+01
-220	2.63100000e+03	8.00000000e+00	8.00000000e+00	2.00000000e+01
-219	2.68200000e+03	8.00000000e+00	8.00000000e+00	2.00000000e+01
-218	2.71300000e+03	8.00000000e+00	8.00000000e+00	2.00000000e+01
-217	2.75500000e+03	8.00000000e+00	8.00000000e+00	2.00000000e+01
-216	2.79700000e+03	8.00000000e+00	8.00000000e+00	2.00000000e+01
-215	2.82800000e+03	8.00000000e+00	8.00000000e+00	2.00000000e+01
-214	2.84700000e+03	8.00000000e+00	8.00000000e+00	2.00000000e+01
-213	2.90800000e+03	8.00000000e+00	8.00000000e+00	2.00000000e+01
-212	2.97500000e+03	8.00000000e+00	8.00000000e+00	2.00000000e+01
-211	3.04600000e+03	8.00000000e+00	8.00000000e+00	2.00000000e+01
-210	3.10400000e+03	8.00000000e+00	8.00000000e+00	2.00000000e+01
-209	3.13000000e+03	8.00000000e+00	8.00000000e+00	2.00000000e+01
-208	3.15400000e+03	8.00000000e+00	8.00000000e+00	2.00000000e+01
-207	3.18800000e+03	8.00000000e+00	8.00000000e+00	2.00000000e+01
-206	3.21800000e+03	8.00000000e+00	8.00000000e+00	2.00000000e+01
-205	3.26300000e+03	8.00000000e+00	8.00000000e+00	2.00000000e+01
-204	3.30400000e+03	8.00000000e+00	8.00000000e+00	2.00000000e+01
-203	3.33900000e+03	8.00000000e+00	8.00000000e+00	2.00000000e+01
-202	3.36700000e+03	8.00000000e+00	8.00000000e+00	2.00000000e+01
-201	3.39000000e+03	8.00000000e+00	8.00000000e+00	2.00000000e+01
-200	3.41500000e+03	8.00000000e+00	8.00000000e+00	2.00000000e+01
-199	3.46500000e+03	8.00000000e+00	8.00000000e+00	2.00000000e+01
-198	3.52400000e+03	8.00000000e+00	8.00000000e+00	2.00000000e+01
-197	3.56800000e+03	8.00000000e+00	8.00000000e+00	2.00000000e+01
-196	3.59900000e+03	8.00000000e+00	8.00000000e+00	2.00000000e+01
-195	3.64800000e+03	8.00000000e+00	8.00000000e+00	2.00000000e+01
-194	3.69300000e+03	8.00000000e+00	8.00000000e+00	2.00000000e+01
-193	3.74500000e+03	8.00000000e+00	8.00000000e+00	2.00000000e+01
-192	3.79000000e+03	8.00000000e+00	8.00000000e+00	2.00000000e+01
-191	3.81600000e+03	8.00000000e+00	8.00000000e+00	2.00000000e+01
-190	3.87300000e+03	8.00000000e+00	8.00000000e+00	2.00000000e+01
-189	3.97700000e+03	8.00000000e+00	8.00000000e+00	2.00000000e+01
-188	4.04200000e+03	8.00000000e+00	8.00000000e+00	2.00000000e+01
-187	4.08600000e+03	8.00000000e+00	8.00000000e+00	2.00000000e+01
-186	4.13600000e+03	8.00000000e+00	8.00000000e+00	2.00000000e+01
-185	4.22700000e+03	8.00000000e+00	8.00000000e+00	2.00000000e+01
-184	4.30700000e+03	8.00000000e+00	8.00000000e+00	2.00000000e+01
-183	4.34500000e+03	8.00000000e+00	8.00000000e+00	2.00000000e+01
-182	4.39200000e+03	8.00000000e+00	8.00000000e+00	2.00000000e+01
-181	4.42000000e+03	8.00000000e+00	8.00000000e+00	2.00000000e+01
-180	4.46400000e+03	8.00000000e+00	8.00000000e+00	2.00000000e+01
-179	4.49300000e+03	8.00000000e+00	8.00000000e+00	2.00000000e+01
-178	4.57800000e+03	8.00000000e+00	8.00000000e+00	2.00000000e+01
-177	4.66500000e+03	8.00000000e+00	8.00000000e+00	2.00000000e+01
-176	4.78900000e+03	8.00000000e+00	8.00000000e+00	2.00000000e+01
-175	4.89700000e+03	8.00000000e+00	8.00000000e+00	2.00000000e+01
-174	5.08300000e+03	8.00000000e+00	8.00000000e+00	2.00000000e+01
-173	5.19300000e+03	8.00000000e+00	8.00000000e+00	2.00000000e+01
-172	5.30100000e+03	8.00000000e+00	8.00000000e+00	2.00000000e+01
-171	5.41200000e+03	8.00000000e+00	8.00000000e+00	2.00000000e+01
-170	5.49400000e+03	8.00000000e+00	8.00000000e+00	2.00000000e+01
-169	5.58100000e+03	8.00000000e+00	8.00000000e+00	2.00000000e+01
-168	5.65200000e+03	8.00000000e+00	8.00000000e+00	2.00000000e+01
-167	5.72400000e+03	8.00000000e+00	8.00000000e+00	2.00000000e+01
-166	5.78000000e+03	8.00000000e+00	8.00000000e+00	2.00000000e+01
-165	5.84900000e+03	8.00000000e+00	8.00000000e+00	2.00000000e+01
-164	5.90800000e+03	8.00000000e+00	8.00000000e+00	2.00000000e+01
-163	5.96000000e+03	8.00000000e+00	8.00000000e+00	2.00000000e+01
-162	6.04800000e+03	8.00000000e+00	8.00000000e+00	2.00000000e+01
-161	6.13000000e+03	8.00000000e+00	8.00000000e+00	2.00000000e+01
-160	6.21400000e+03	8.00000000e+00	8.00000000e+00	2.00000000e+01
-159	6.27600000e+03	8.00000000e+00	8.00000000e+00	2.00000000e+01
-158	6.32900000e+03	8.00000000e+00	8.00000000e+00	2.00000000e+01
-157	6.41200000e+03	8.00000000e+00	8.00000000e+00	2.00000000e+01
-156	6.51900000e+03	8.00000000e+00	8.00000000e+00	2.00000000e+01
-155	6.63200000e+03	8.00000000e+00	8.00000000e+00	2.00000000e+01
-154	6.72500000e+03	8.00000000e+00	8.00000000e+00	2.00000000e+01
-153	6.83200000e+03	8.00000000e+00	8.00000000e+00	2.00000000e+01
-152	6.90000000e+03	8.00000000e+00	8.00000000e+00	2.00000000e+01
-151	6.97900000e+03	8.00000000e+00	8.00000000e+00	2.00000000e+01
-150	7.06400000e+03	8.00000000e+00	8.00000000e+00	2.00000000e+01
-149	7.13100000e+03	8.00000000e+00	8.00000000e+00	2.00000000e+01
-148	7.19100000e+03	8.00000000e+00	8.00000000e+00	2.00000000e+01
-147	7.28500000e+03	8.00000000e+00	8.00000000e+00	2.00000000e+01
-146	7.35900000e+03	8.00000000e+00	8.00000000e+00	2.00000000e+01
-145	7.44300000e+03	8.00000000e+00	8.00000000e+00	2.00000000e+01
-144	7.49700000e+03	8.00000000e+00	8.00000000e+00	2.00000000e+01
-143	7.55100000e+03	8.00000000e+00	8.00000000e+00	2.00000000e+01
-142	7.59000000e+03	8.00000000e+00	8.00000000e+00	2.00000000e+01
-141	7.64900000e+03	8.00000000e+00	8.00000000e+00	2.00000000e+01
-140	7.69800000e+03	8.00000000e+00	8.00000000e+00	2.00000000e+01
-139	7.74800000e+03	8.00000000e+00	8.00000000e+00	2.00000000e+01
-138	7.83300000e+03	8.00000000e+00	8.00000000e+00	2.00000000e+01
-137	7.91400000e+03	8.00000000e+00	8.00000000e+00	2.00000000e+01
-136	7.98900000e+03	8.00000000e+00	8.00000000e+00	2.00000000e+01
-135	8.04200000e+03	8.00000000e+00	8.00000000e+00	2.00000000e+01
-134	8.09700000e+03	8.00000000e+00	8.00000000e+00	2.00000000e+01
-133	8.14100000e+03	8.00000000e+00	8.00000000e+00	2.00000000e+01
-132	8.20300000e+03	8.00000000e+00	8.00000000e+00	2.00000000e+01
-131	8.27200000e+03	8.00000000e+00	8.00000000e+00	2.00000000e+01
-130	8.32400000e+03	8.00000000e+00	8.00000000e+00	2.00000000e+01
-129	8.38500000e+03	8.00000000e+00	8.00000000e+00	2.00000000e+01
-128	8.43400000e+03	8.00000000e+00	8.00000000e+00	7.00000000e+00
-127	8.43400000e+03	8.00000000e+00	8.00000000e+00	2.00000000e+01
-126	8.49300000e+03	8.00000000e+00	8.00000000e+00	2.00000000e+01
-125	8.49300000e+03	8.00000000e+00	8.00000000e+00	2.00000000e+01
-124	8.49300000e+03	8.00000000e+00	8.00000000e+00	2.00000000e+01
-123	8.49300000e+03	8.00000000e+00	8.00000000e+00	2.00000000e+01
-122	8.53200000e+03	8.00000000e+00	8.00000000e+00	2.00000000e+01
-121	8.59000000e+03	8.00000000e+00	8.00000000e+00	2.00000000e+01
-120	8.64100000e+03	8.00000000e+00	8.00000000e+00	2.00000000e+01
-119	8.68100000e+03	8.00000000e+00	8.00000000e+00	2.00000000e+01
-118	8.71600000e+03	8.00000000e+00	8.00000000e+00	2.00000000e+01
-117	8.78600000e+03	8.00000000e+00	8.00000000e+00	2.00000000e+01
-116	8.84300000e+03	8.00000000e+00	8.00000000e+00	2.00000000e+01
-115	8.90200000e+03	8.00000000e+00	8.00000000e+00	2.00000000e+01
-114	8.93300000e+03	8.00000000e+00	8.00000000e+00	2.00000000e+01
-113	8.98600000e+03	8.00000000e+00	8.00000000e+00	2.00000000e+01
-112	9.04700000e+03	8.00000000e+00	8.00000000e+00	2.00000000e+01
-111	9.10100000e+03	8.00000000e+00	8.00000000e+00	2.00000000e+01
-110	9.13500000e+03	8.00000000e+00	8.00000000e+00	2.00000000e+01
-109	9.16600000e+03	8.00000000e+00	8.00000000e+00	2.00000000e+01
-108	9.21600000e+03	8.00000000e+00	8.00000000e+00	2.00000000e+01
-107	9.26300000e+03	8.00000000e+00	8.00000000e+00	2.00000000e+01
-106	9.26300000e+03	8.00000000e+00	8.00000000e+00	2.00000000e+01
-105	9.26300000e+03	8.00000000e+00	8.00000000e+00	2.00000000e+01
-104	9.26300000e+03	8.00000000e+00	8.00000000e+00	2.00000000e+01
-103	9.31200000e+03	8.00000000e+00	8.00000000e+00	2.00000000e+01
-102	9.34100000e+03	8.00000000e+00	8.00000000e+00	2.00000000e+01
-101	9.39200000e+03	8.00000000e+00	8.00000000e+00	2.00000000e+01
-100	9.43300000e+03	8.00000000e+00	8.00000000e+00	2.00000000e+01
-99	9.48500000e+03	8.00000000e+00	8.00000000e+00	2.00000000e+01
-98	9.52800000e+03	8.00000000e+00	8.00000000e+00	2.00000000e+01
-97	9.57800000e+03	8.00000000e+00	8.00000000e+00	2.00000000e+01
-96	9.64000000e+03	9.00000000e+00	9.00000000e+00	2.10000000e+01
-95	9.68700000e+03	9.00000000e+00	9.00000000e+00	2.10000000e+01
-94	9.71500000e+03	9.00000000e+00	9.00000000e+00	2.10000000e+01
-93	9.75700000e+03	9.00000000e+00	9.00000000e+00	2.10000000e+01
-92	9.80200000e+03	9.00000000e+00	9.00000000e+00	2.10000000e+01
-91	9.86100000e+03	9.00000000e+00	9.00000000e+00	2.10000000e+01
-90	9.91300000e+03	9.00000000e+00	9.00000000e+00	2.10000000e+01
-89	9.97500000e+03	9.00000000e+00	9.00000000e+00	2.10000000e+01
-88	1.00200000e+04	9.00000000e+00	9.00000000e+00	2.10000000e+01
-87	1.00780000e+04	9.00000000e+00	9.00000000e+00	2.10000000e+01
-86	1.01310000e+04	9.00000000e+00	9.00000000e+00	2.10000000e+01
-85	1.01900000e+04	9.00000000e+00	9.00000000e+00	2.10000000e+01
-84	1.02440000e+04	9.00000000e+00	9.00000000e+00	2.10000000e+01
-83	1.02850000e+04	9.00000000e+00	9.00000000e+00	2.10000000e+01
-82	1.03340000e+04	9.00000000e+00	9.00000000e+00	2.10000000e+01
-81	1.03920000e+04	9.00000000e+00	9.00000000e+00	2.10000000e+01
-80	1.04320000e+04	9.00000000e+00	9.00000000e+00	2.10000000e+01
-79	1.04770000e+04	9.00000000e+00	9.00000000e+00	2.10000000e+01
-78	1.05450000e+04	9.00000000e+00	9.00000000e+00	2.10000000e+01
-77	1.06840000e+04	9.00000000e+00	9.00000000e+00	2.10000000e+01
-76	1.07400000e+04	9.00000000e+00	9.00000000e+00	2.10000000e+01
-75	1.07870000e+04	9.00000000e+00	9.00000000e+00	2.10000000e+01
-74	1.07870000e+04	9.00000000e+00	9.00000000e+00	2.10000000e+01
-73	1.08390000e+04	9.00000000e+00	9.00000000e+00	2.10000000e+01
-72	1.08890000e+04	9.00000000e+00	9.00000000e+00	2.10000000e+01
-71	1.09300000e+04	9.00000000e+00	9.00000000e+00	2.10000000e+01
-70	1.09750000e+04	9.00000000e+00	9.00000000e+00	2.10000000e+01
-69	1.10550000e+04	1.00000000e+01	1.00000000e+01	2.30000000e+01
-68	1.11150000e+04	1.00000000e+01	1.00000000e+01	2.30000000e+01
-67	1.11150000e+04	1.00000000e+01	1.00000000e+01	2.30000000e+01
-66	1.11680000e+04	1.10000000e+01	1.10000000e+01	2.40000000e+01
-65	1.12060000e+04	1.10000000e+01	1.10000000e+01	2.40000000e+01
-64	1.12550000e+04	1.10000000e+01	1.10000000e+01	2.40000000e+01
-63	1.12880000e+04	1.10000000e+01	1.10000000e+01	2.40000000e+01
-62	1.13390000e+04	1.10000000e+01	1.10000000e+01	2.40000000e+01
-61	1.14020000e+04	1.10000000e+01	1.10000000e+01	2.40000000e+01
-60	1.14560000e+04	1.10000000e+01	1.10000000e+01	2.40000000e+01
-59	1.15910000e+04	1.10000000e+01	1.10000000e+01	2.40000000e+01
-58	1.16500000e+04	1.10000000e+01	1.10000000e+01	2.40000000e+01
-57	1.16980000e+04	1.10000000e+01	1.10000000e+01	2.40000000e+01
-56	1.17360000e+04	1.10000000e+01	1.10000000e+01	2.40000000e+01
-55	1.17880000e+04	1.10000000e+01	1.10000000e+01	2.40000000e+01
-54	1.18360000e+04	1.10000000e+01	1.10000000e+01	2.40000000e+01
-53	1.19160000e+04	1.10000000e+01	1.10000000e+01	2.40000000e+01
-52	1.19690000e+04	1.10000000e+01	1.10000000e+01	2.40000000e+01
-51	1.20180000e+04	1.10000000e+01	1.10000000e+01	2.40000000e+01
-50	1.20500000e+04	1.10000000e+01	1.10000000e+01	2.40000000e+01
-49	1.20870000e+04	1.10000000e+01	1.10000000e+01	2.40000000e+01
-48	1.21270000e+04	1.10000000e+01	1.10000000e+01	2.40000000e+01
-47	1.21770000e+04	1.10000000e+01	1.10000000e+01	2.40000000e+01
-46	1.22130000e+04	1.10000000e+01	1.10000000e+01	2.40000000e+01
-45	1.22570000e+04	1.10000000e+01	1.10000000e+01	2.40000000e+01
-44	1.22980000e+04	1.10000000e+01	1.10000000e+01	2.40000000e+01
-43	1.23300000e+04	1.10000000e+01	1.10000000e+01	2.40000000e+01
-42	1.23690000e+04	1.10000000e+01	1.10000000e+01	2.40000000e+01
-41	1.24090000e+04	1.10000000e+01	1.10000000e+01	2.40000000e+01
-40	1.24720000e+04	1.10000000e+01	1.10000000e+01	2.40000000e+01
-39	1.25330000e+04	1.10000000e+01	1.10000000e+01	2.40000000e+01
-38	1.26020000e+04	1.10000000e+01	1.10000000e+01	2.40000000e+01
-37	1.26440000e+04	1.10000000e+01	1.10000000e+01	2.40000000e+01
-36	1.27000000e+04	1.10000000e+01	1.10000000e+01	2.40000000e+01
-35	1.27310000e+04	1.10000000e+01	1.10000000e+01	2.40000000e+01
-34	1.27730000e+04	1.10000000e+01	1.10000000e+01	2.40000000e+01
-33	1.28080000e+04	1.10000000e+01	1.10000000e+01	2.40000000e+01
-32	1.28490000e+04	1.10000000e+01	1.10000000e+01	2.40000000e+01
-31	1.29060000e+04	1.10000000e+01	1.10000000e+01	2.40000000e+01
-30	1.30210000e+04	1.10000000e+01	1.10000000e+01	2.40000000e+01
-29	1.31090000e+04	1.10000000e+01	1.10000000e+01	2.40000000e+01
-28	1.31890000e+04	1.10000000e+01	1.10000000e+01	2.40000000e+01
-27	1.32490000e+04	1.10000000e+01	1.10000000e+01	2.40000000e+01
-26	1.33100000e+04	1.10000000e+01	1.10000000e+01	2.40000000e+01
-25	1.33750000e+04	1.10000000e+01	1.10000000e+01	2.40000000e+01
-24	1.34230000e+04	1.10000000e+01	1.10000000e+01	2.40000000e+01
-23	1.34820000e+04	1.10000000e+01	1.10000000e+01	2.40000000e+01
-22	1.35380000e+04	1.10000000e+01	1.10000000e+01	2.40000000e+01
-21	1.36510000e+04	1.10000000e+01	1.10000000e+01	2.40000000e+01
-20	1.37350000e+04	1.10000000e+01	1.10000000e+01	2.40000000e+01
-19	1.38410000e+04	1.10000000e+01	1.10000000e+01	2.40000000e+01
-18	1.39320000e+04	1.10000000e+01	1.10000000e+01	2.40000000e+01
-17	1.40130000e+04	1.10000000e+01	1.10000000e+01	2.40000000e+01
-16	1.41020000e+04	1.10000000e+01	1.10000000e+01	2.40000000e+01
-15	1.41810000e+04	1.10000000e+01	1.10000000e+01	2.40000000e+01
-14	1.42650000e+04	1.10000000e+01	1.10000000e+01	2.40000000e+01
-13	1.43950000e+04	1.10000000e+01	1.10000000e+01	2.40000000e+01
-12	1.45830000e+04	1.10000000e+01	1.10000000e+01	2.40000000e+01
-11	1.46670000e+04	1.10000000e+01	1.10000000e+01	2.40000000e+01
-10	1.48060000e+04	1.10000000e+01	1.10000000e+01	2.40000000e+01
-9	1.50020000e+04	1.10000000e+01	1.10000000e+01	2.40000000e+01
-8	1.51170000e+04	1.10000000e+01	1.10000000e+01	2.40000000e+01
-7	1.52190000e+04	1.10000000e+01	1.10000000e+01	2.40000000e+01
-6	1.53130000e+04	1.10000000e+01	1.10000000e+01	2.40000000e+01
-5	1.53130000e+04	1.10000000e+01	1.10000000e+01	2.40000000e+01
-4	1.53130000e+04	1.10000000e+01	1.10000000e+01	2.40000000e+01
-3	1.54550000e+04	1.10000000e+01	1.10000000e+01	2.40000000e+01
-2	1.55870000e+04	1.10000000e+01	1.10000000e+01	2.50000000e+01
-1	1.57990000e+04	1.10000000e+01	1.10000000e+01	2.50000000e+01
0	1.60040000e+04	1.10000000e+01	1.10000000e+01	2.50000000e+01
1	1.64840000e+04	1.10000000e+01	1.10000000e+01	2.60000000e+01
2	1.68640000e+04	1.10000000e+01	1.10000000e+01	2.60000000e+01
3	1.71910000e+04	1.20000000e+01	1.20000000e+01	2.70000000e+01
4	1.74460000e+04	1.30000000e+01	1.30000000e+01	2.90000000e+01
5	1.78900000e+04	1.30000000e+01	1.30000000e+01	2.90000000e+01
6	1.81170000e+04	1.30000000e+01	1.30000000e+01	3.00000000e+01
7	1.82910000e+04	1.30000000e+01	1.30000000e+01	3.00000000e+01
8	1.84630000e+04	1.30000000e+01	1.30000000e+01	3.00000000e+01
9	1.86270000e+04	1.30000000e+01	1.30000000e+01	3.00000000e+01
10	1.87700000e+04	1.30000000e+01	1.30000000e+01	3.00000000e+01
11	1.87700000e+04	1.30000000e+01	1.30000000e+01	3.00000000e+01
12	1.88880000e+04	1.30000000e+01	1.30000000e+01	3.00000000e+01
13	1.89730000e+04	1.30000000e+01	1.30000000e+01	3.00000000e+01
14	1.91100000e+04	1.30000000e+01	1.30000000e+01	3.00000000e+01
15	1.92620000e+04	1.30000000e+01	1.30000000e+01	3.00000000e+01
16	1.94020000e+04	1.30000000e+01	1.30000000e+01	3.00000000e+01
17	1.95180000e+04	1.30000000e+01	1.30000000e+01	3.00000000e+01
18	1.96510000e+04	1.30000000e+01	1.30000000e+01	3.00000000e+01
19	1.97290000e+04	1.30000000e+01	1.30000000e+01	3.00000000e+01
20	1.98500000e+04	1.30000000e+01	1.30000000e+01	3.10000000e+01
21	1.99370000e+04	1.30000000e+01	1.30000000e+01	3.10000000e+01
22	2.00670000e+04	1.30000000e+01	1.50000000e+01	3.30000000e+01
23	2.02460000e+04	1.30000000e+01	1.50000000e+01	3.30000000e+01
24	2.04560000e+04	1.30000000e+01	1.50000000e+01	3.30000000e+01
25	2.05890000e+04	1.30000000e+01	1.50000000e+01	3.30000000e+01
26	2.05890000e+04	1.30000000e+01	1.50000000e+01	3.30000000e+01
27	2.06620000e+04	1.30000000e+01	1.50000000e+01	3.30000000e+01
28	2.07500000e+04	1.30000000e+01	1.50000000e+01	3.30000000e+01
29	2.08440000e+04	1.50000000e+01	1.70000000e+01	3.50000000e+01
30	2.09810000e+04	1.50000000e+01	1.70000000e+01	3.50000000e+01
31	2.11080000e+04	1.50000000e+01	1.70000000e+01	3.50000000e+01
32	2.11900000e+04	1.50000000e+01	1.70000000e+01	3.50000000e+01
33	2.12620000e+04	1.50000000e+01	1.70000000e+01	3.50000000e+01
34	2.13520000e+04	1.50000000e+01	1.70000000e+01	3.50000000e+01
35	2.14210000e+04	1.50000000e+01	1.70000000e+01	3.50000000e+01
36	2.15290000e+04	1.50000000e+01	1.70000000e+01	3.50000000e+01
37	2.15900000e+04	1.50000000e+01	1.70000000e+01	3.50000000e+01
38	2.16880000e+04	1.50000000e+01	1.70000000e+01	3.50000000e+01
39	2.17660000e+04	1.50000000e+01	1.70000000e+01	3.50000000e+01
40	2.18400000e+04	1.50000000e+01	1.70000000e+01	3.50000000e+01
41	2.19110000e+04	1.50000000e+01	1.70000000e+01	3.50000000e+01
42	2.19870000e+04	1.50000000e+01	1.70000000e+01	3.50000000e+01
43	2.20540000e+04	1.50000000e+01	1.70000000e+01	3.50000000e+01
44	2.21620000e+04	1.50000000e+01	1.70000000e+01	3.50000000e+01
45	2.22560000e+04	1.50000000e+01	1.70000000e+01	3.50000000e+01
46	2.23550000e+04	1.50000000e+01	1.70000000e+01	3.50000000e+01
47	2.24130000e+04	1.50000000e+01	1.70000000e+01	3.50000000e+01
48	2.24640000e+04	1.50000000e+01	1.70000000e+01	3.50000000e+01
49	2.25300000e+04	1.50000000e+01	1.70000000e+01	3.50000000e+01
50	2.26320000e+04	1.50000000e+01	1.70000000e+01	3.50000000e+01
51	2.27810000e+04	1.70000000e+01	1.90000000e+01	3.90000000e+01
52	2.28650000e+04	1.70000000e+01	1.90000000e+01	3.90000000e+01
53	2.29480000e+04	1.70000000e+01	1.90000000e+01	3.90000000e+01
54	2.30590000e+04	1.50000000e+01	2.00000000e+01	4.00000000e+01
55	2.31190000e+04	1.50000000e+01	2.00000000e+01	4.00000000e+01
56	2.31890000e+04	1.50000000e+01	2.00000000e+01	4.00000000e+01
57	2.32860000e+04	1.50000000e+01	2.00000000e+01	4.00000000e+01
58	2.34410000e+04	1.50000000e+01	2.00000000e+01	4.00000000e+01
59	2.35430000e+04	1.50000000e+01	2.00000000e+01	4.00000000e+01
60	2.36640000e+04	1.50000000e+01	2.00000000e+01	4.00000000e+01
61	2.37720000e+04	1.50000000e+01	2.00000000e+01	4.00000000e+01
62	2.39690000e+04	1.50000000e+01	2.00000000e+01	4.00000000e+01
63	2.41410000e+04	1.90000000e+01	2.10000000e+01	4.20000000e+01
64	2.43060000e+04	1.90000000e+01	2.10000000e+01	4.20000000e+01
65	2.44770000e+04	1.90000000e+01	2.10000000e+01	4.20000000e+01
66	2.46410000e+04	1.90000000e+01	2.10000000e+01	4.20000000e+01
67	2.48150000e+04	1.90000000e+01	2.10000000e+01	4.20000000e+01
68	2.49310000e+04	1.90000000e+01	2.10000000e+01	4.20000000e+01
69	2.50620000e+04	1.90000000e+01	2.10000000e+01	4.20000000e+01
70	2.51620000e+04	1.90000000e+01	2.10000000e+01	4.20000000e+01
71	2.53120000e+04	1.90000000e+01	2.20000000e+01	4.30000000e+01
72	2.54620000e+04	1.90000000e+01	2.20000000e+01	4.30000000e+01
73	2.56080000e+04	1.90000000e+01	2.20000000e+01	4.30000000e+01
74	2.57530000e+04	2.20000000e+01	2.40000000e+01	4.50000000e+01
75	2.58580000e+04	2.20000000e+01	2.40000000e+01	4.50000000e+01
76	2.59580000e+04	2.20000000e+01	2.40000000e+01	4.50000000e+01
77	2.60620000e+04	2.20000000e+01	2.40000000e+01	4.50000000e+01
78	2.61620000e+04	2.20000000e+01	2.40000000e+01	4.50000000e+01
79	2.63040000e+04	2.20000000e+01	2.40000000e+01	4.50000000e+01
80	2.64180000e+04	2.20000000e+01	2.40000000e+01	4.50000000e+01
81	2.65070000e+04	2.20000000e+01	2.40000000e+01	4.50000000e+01
82	2.66100000e+04	2.20000000e+01	2.40000000e+01	4.50000000e+01
83	2.67320000e+04	2.20000000e+01	2.40000000e+01	4.50000000e+01
84	2.68560000e+04	2.20000000e+01	2.50000000e+01	4.70000000e+01
85	2.70140000e+04	2.20000000e+01	2.50000000e+01	4.70000000e+01
86	2.72260000e+04	2.20000000e+01	2.50000000e+01	4.70000000e+01
87	2.74430000e+04	2.20000000e+01	2.50000000e+01	4.70000000e+01
88	2.76120000e+04	2.20000000e+01	2.50000000e+01	4.70000000e+01
89	2.77140000e+04	2.20000000e+01	2.50000000e+01	4.70000000e+01
90	2.78040000e+04	2.20000000e+01	2.50000000e+01	4.70000000e+01
91	2.78920000e+04	2.20000000e+01	2.50000000e+01	4.70000000e+01
92	2.80350000e+04	2.20000000e+01	2.50000000e+01	4.70000000e+01
93	2.82180000e+04	2.20000000e+01	2.50000000e+01	4.70000000e+01
94	2.85020000e+04	2.20000000e+01	2.50000000e+01	4.70000000e+01
95	2.87880000e+04	2.20000000e+01	2.50000000e+01	4.70000000e+01
96	2.91640000e+04	2.20000000e+01	2.50000000e+01	4.70000000e+01
97	2.94710000e+04	2.20000000e+01	2.50000000e+01	4.70000000e+01
98	2.98510000e+04	2.30000000e+01	2.60000000e+01	4.80000000e+01
99	3.02000000e+04	2.30000000e+01	2.60000000e+01	4.80000000e+01
100	3.06100000e+04	2.30000000e+01	2.60000000e+01	4.80000000e+01
