Day_(movie_time)	Views	Users	Rigor	Edits
-500	0.00000000e+00	5.00000000e+00	6.00000000e+00	8.00000000e+00
-499	1.39000000e+02	5.00000000e+00	6.00000000e+00	8.00000000e+00
-498	2.77000000e+02	5.00000000e+00	6.00000000e+00	8.00000000e+00
-497	4.18000000e+02	5.00000000e+00	6.00000000e+00	8.00000000e+00
-496	5.52000000e+02	5.00000000e+00	6.00000000e+00	8.00000000e+00
-495	7.03000000e+02	5.00000000e+00	6.00000000e+00	8.00000000e+00
-494	8.35000000e+02	5.00000000e+00	6.00000000e+00	8.00000000e+00
-493	9.88000000e+02	5.00000000e+00	6.00000000e+00	8.00000000e+00
-492	1.15400000e+03	5.00000000e+00	6.00000000e+00	8.00000000e+00
-491	1.39100000e+03	5.00000000e+00	6.00000000e+00	8.00000000e+00
-490	1.60400000e+03	5.00000000e+00	6.00000000e+00	8.00000000e+00
-489	1.86900000e+03	6.00000000e+00	7.00000000e+00	1.20000000e+01
-488	2.07000000e+03	6.00000000e+00	7.00000000e+00	1.20000000e+01
-487	2.27400000e+03	6.00000000e+00	7.00000000e+00	1.20000000e+01
-486	2.49600000e+03	6.00000000e+00	7.00000000e+00	1.20000000e+01
-485	2.69300000e+03	6.00000000e+00	7.00000000e+00	1.20000000e+01
-484	2.92800000e+03	6.00000000e+00	7.00000000e+00	1.20000000e+01
-483	3.18800000e+03	6.00000000e+00	7.00000000e+00	1.20000000e+01
-482	3.44100000e+03	6.00000000e+00	7.00000000e+00	1.20000000e+01
-481	3.74300000e+03	7.00000000e+00	8.00000000e+00	1.40000000e+01
-480	4.06300000e+03	7.00000000e+00	8.00000000e+00	1.40000000e+01
-479	4.36800000e+03	7.00000000e+00	8.00000000e+00	1.40000000e+01
-478	4.66000000e+03	7.00000000e+00	8.00000000e+00	1.40000000e+01
-477	5.01000000e+03	7.00000000e+00	8.00000000e+00	1.40000000e+01
-476	5.28200000e+03	7.00000000e+00	8.00000000e+00	1.40000000e+01
-475	5.65600000e+03	8.00000000e+00	9.00000000e+00	1.50000000e+01
-474	5.94800000e+03	8.00000000e+00	9.00000000e+00	1.50000000e+01
-473	6.23200000e+03	8.00000000e+00	9.00000000e+00	1.50000000e+01
-472	6.52400000e+03	8.00000000e+00	9.00000000e+00	1.50000000e+01
-471	6.83300000e+03	8.00000000e+00	9.00000000e+00	1.50000000e+01
-470	7.08500000e+03	8.00000000e+00	9.00000000e+00	1.50000000e+01
-469	7.34700000e+03	8.00000000e+00	9.00000000e+00	1.50000000e+01
-468	7.60400000e+03	8.00000000e+00	9.00000000e+00	1.50000000e+01
-467	7.91500000e+03	9.00000000e+00	1.00000000e+01	1.90000000e+01
-466	8.25000000e+03	9.00000000e+00	1.00000000e+01	2.00000000e+01
-465	8.48800000e+03	9.00000000e+00	1.00000000e+01	2.00000000e+01
-464	8.71900000e+03	9.00000000e+00	1.00000000e+01	2.00000000e+01
-463	8.99200000e+03	9.00000000e+00	1.00000000e+01	2.00000000e+01
-462	9.24100000e+03	9.00000000e+00	1.00000000e+01	2.00000000e+01
-461	9.46000000e+03	9.00000000e+00	1.00000000e+01	2.00000000e+01
-460	9.74600000e+03	9.00000000e+00	1.00000000e+01	2.00000000e+01
-459	1.00880000e+04	9.00000000e+00	1.00000000e+01	2.00000000e+01
-458	1.04630000e+04	9.00000000e+00	1.00000000e+01	2.00000000e+01
-457	1.07160000e+04	9.00000000e+00	1.00000000e+01	2.00000000e+01
-456	1.10180000e+04	1.00000000e+01	1.10000000e+01	2.10000000e+01
-455	1.12600000e+04	1.00000000e+01	1.10000000e+01	2.10000000e+01
-454	1.15300000e+04	1.00000000e+01	1.10000000e+01	2.10000000e+01
-453	1.18410000e+04	1.00000000e+01	1.20000000e+01	2.20000000e+01
-452	1.22150000e+04	1.20000000e+01	1.30000000e+01	2.50000000e+01
-451	1.26720000e+04	1.20000000e+01	1.30000000e+01	2.50000000e+01
-450	1.30180000e+04	1.20000000e+01	1.30000000e+01	2.50000000e+01
-449	1.33660000e+04	1.20000000e+01	1.30000000e+01	2.50000000e+01
-448	1.36860000e+04	1.20000000e+01	1.40000000e+01	2.60000000e+01
-447	1.40090000e+04	1.40000000e+01	1.50000000e+01	2.70000000e+01
-446	1.43440000e+04	1.40000000e+01	1.50000000e+01	2.70000000e+01
-445	1.47280000e+04	1.40000000e+01	1.50000000e+01	2.70000000e+01
-444	1.50970000e+04	1.40000000e+01	1.50000000e+01	2.70000000e+01
-443	1.54090000e+04	1.40000000e+01	1.50000000e+01	2.70000000e+01
-442	1.57320000e+04	1.40000000e+01	1.50000000e+01	2.70000000e+01
-441	1.59850000e+04	1.50000000e+01	1.60000000e+01	2.80000000e+01
-440	1.62690000e+04	1.50000000e+01	1.60000000e+01	2.80000000e+01
-439	1.65850000e+04	1.50000000e+01	1.60000000e+01	2.80000000e+01
-438	1.69000000e+04	1.70000000e+01	1.70000000e+01	3.00000000e+01
-437	1.72180000e+04	1.70000000e+01	1.70000000e+01	3.00000000e+01
-436	1.74970000e+04	1.70000000e+01	1.70000000e+01	3.00000000e+01
-435	1.77710000e+04	1.70000000e+01	1.70000000e+01	3.00000000e+01
-434	1.80250000e+04	1.70000000e+01	1.70000000e+01	3.00000000e+01
-433	1.82980000e+04	1.70000000e+01	1.70000000e+01	3.00000000e+01
-432	1.86010000e+04	1.70000000e+01	1.70000000e+01	3.00000000e+01
-431	1.89030000e+04	1.70000000e+01	1.70000000e+01	3.00000000e+01
-430	1.92570000e+04	1.70000000e+01	1.70000000e+01	3.00000000e+01
-429	1.95290000e+04	1.70000000e+01	1.70000000e+01	3.00000000e+01
-428	1.97740000e+04	1.80000000e+01	1.90000000e+01	3.20000000e+01
-427	2.00650000e+04	1.80000000e+01	1.90000000e+01	3.20000000e+01
-426	2.03160000e+04	1.80000000e+01	1.90000000e+01	3.20000000e+01
-425	2.05970000e+04	1.80000000e+01	1.90000000e+01	3.20000000e+01
-424	2.09050000e+04	1.80000000e+01	1.90000000e+01	3.20000000e+01
-423	2.11750000e+04	1.80000000e+01	1.90000000e+01	3.20000000e+01
-422	2.14560000e+04	2.00000000e+01	2.10000000e+01	3.40000000e+01
-421	2.17310000e+04	2.00000000e+01	2.10000000e+01	3.40000000e+01
-420	2.20090000e+04	2.00000000e+01	2.10000000e+01	3.40000000e+01
-419	2.22800000e+04	2.00000000e+01	2.10000000e+01	3.40000000e+01
-418	2.25900000e+04	2.00000000e+01	2.10000000e+01	3.40000000e+01
-417	2.28790000e+04	2.00000000e+01	2.10000000e+01	3.40000000e+01
-416	2.31650000e+04	2.20000000e+01	2.20000000e+01	3.60000000e+01
-415	2.34520000e+04	2.40000000e+01	2.40000000e+01	3.80000000e+01
-414	2.37070000e+04	2.50000000e+01	2.50000000e+01	3.90000000e+01
-413	2.39480000e+04	2.50000000e+01	2.50000000e+01	3.90000000e+01
-412	2.41760000e+04	2.50000000e+01	2.50000000e+01	3.90000000e+01
-411	2.44020000e+04	2.50000000e+01	2.50000000e+01	3.90000000e+01
-410	2.46450000e+04	2.50000000e+01	2.50000000e+01	3.90000000e+01
-409	2.48880000e+04	2.70000000e+01	2.60000000e+01	4.00000000e+01
-408	2.51360000e+04	2.70000000e+01	2.60000000e+01	4.00000000e+01
-407	2.53420000e+04	2.70000000e+01	2.60000000e+01	4.00000000e+01
-406	2.55580000e+04	2.70000000e+01	2.60000000e+01	4.00000000e+01
-405	2.57730000e+04	2.70000000e+01	2.60000000e+01	4.00000000e+01
-404	2.60320000e+04	2.70000000e+01	2.70000000e+01	4.10000000e+01
-403	2.62920000e+04	2.70000000e+01	2.70000000e+01	4.10000000e+01
-402	2.65250000e+04	2.70000000e+01	2.70000000e+01	4.10000000e+01
-401	2.67290000e+04	2.70000000e+01	2.70000000e+01	4.10000000e+01
-400	2.69230000e+04	2.70000000e+01	2.70000000e+01	4.10000000e+01
-399	2.71270000e+04	2.70000000e+01	2.70000000e+01	4.10000000e+01
-398	2.73450000e+04	2.70000000e+01	2.70000000e+01	4.10000000e+01
-397	2.76020000e+04	2.80000000e+01	2.80000000e+01	4.20000000e+01
-396	2.78290000e+04	2.80000000e+01	2.80000000e+01	4.20000000e+01
-395	2.80940000e+04	2.80000000e+01	2.80000000e+01	4.20000000e+01
-394	2.83310000e+04	2.80000000e+01	2.80000000e+01	4.20000000e+01
-393	2.85920000e+04	2.80000000e+01	2.80000000e+01	4.20000000e+01
-392	2.88400000e+04	2.80000000e+01	2.80000000e+01	4.20000000e+01
-391	2.90780000e+04	2.80000000e+01	2.80000000e+01	4.20000000e+01
-390	2.92950000e+04	2.80000000e+01	2.80000000e+01	4.20000000e+01
-389	2.95420000e+04	2.80000000e+01	2.80000000e+01	4.20000000e+01
-388	2.97610000e+04	2.80000000e+01	2.80000000e+01	4.20000000e+01
-387	2.99950000e+04	2.80000000e+01	2.80000000e+01	4.20000000e+01
-386	3.02320000e+04	2.80000000e+01	2.80000000e+01	4.20000000e+01
-385	3.04630000e+04	2.80000000e+01	2.80000000e+01	4.20000000e+01
-384	3.06850000e+04	2.80000000e+01	2.80000000e+01	4.20000000e+01
-383	3.09430000e+04	2.80000000e+01	2.80000000e+01	4.20000000e+01
-382	3.11850000e+04	2.80000000e+01	2.80000000e+01	4.20000000e+01
-381	3.14580000e+04	2.80000000e+01	2.80000000e+01	4.20000000e+01
-380	3.16920000e+04	2.80000000e+01	2.80000000e+01	4.20000000e+01
-379	3.19730000e+04	2.80000000e+01	2.80000000e+01	4.20000000e+01
-378	3.22160000e+04	2.80000000e+01	2.80000000e+01	4.20000000e+01
-377	3.24420000e+04	2.80000000e+01	2.80000000e+01	4.20000000e+01
-376	3.26860000e+04	2.80000000e+01	2.80000000e+01	4.20000000e+01
-375	3.29050000e+04	2.80000000e+01	2.80000000e+01	4.20000000e+01
-374	3.32320000e+04	2.80000000e+01	2.80000000e+01	4.20000000e+01
-373	3.34910000e+04	2.80000000e+01	2.80000000e+01	4.20000000e+01
-372	3.38090000e+04	3.00000000e+01	2.90000000e+01	4.30000000e+01
-371	3.40650000e+04	3.00000000e+01	2.90000000e+01	4.30000000e+01
-370	3.43040000e+04	3.00000000e+01	2.90000000e+01	4.30000000e+01
-369	3.46340000e+04	3.00000000e+01	2.90000000e+01	4.30000000e+01
-368	3.49540000e+04	3.00000000e+01	2.90000000e+01	4.30000000e+01
-367	3.52550000e+04	3.00000000e+01	2.90000000e+01	4.30000000e+01
-366	3.54850000e+04	3.00000000e+01	2.90000000e+01	4.30000000e+01
-365	3.57510000e+04	3.00000000e+01	2.90000000e+01	4.30000000e+01
-364	3.59890000e+04	3.00000000e+01	2.90000000e+01	4.30000000e+01
-363	3.62820000e+04	3.00000000e+01	2.90000000e+01	4.30000000e+01
-362	3.65580000e+04	3.00000000e+01	2.90000000e+01	4.30000000e+01
-361	3.68970000e+04	3.00000000e+01	2.90000000e+01	4.30000000e+01
-360	3.71830000e+04	3.00000000e+01	2.90000000e+01	4.30000000e+01
-359	3.74560000e+04	3.00000000e+01	2.90000000e+01	4.30000000e+01
-358	3.77720000e+04	3.00000000e+01	2.90000000e+01	4.30000000e+01
-357	3.81280000e+04	3.00000000e+01	2.90000000e+01	4.30000000e+01
-356	3.84620000e+04	3.00000000e+01	2.90000000e+01	4.30000000e+01
-355	3.87890000e+04	3.00000000e+01	2.90000000e+01	4.30000000e+01
-354	3.90720000e+04	3.00000000e+01	2.90000000e+01	4.30000000e+01
-353	3.94110000e+04	3.00000000e+01	2.90000000e+01	4.30000000e+01
-352	3.97420000e+04	3.00000000e+01	2.90000000e+01	4.30000000e+01
-351	4.00920000e+04	3.00000000e+01	2.90000000e+01	4.30000000e+01
-350	4.04280000e+04	3.00000000e+01	2.90000000e+01	4.30000000e+01
-349	4.06830000e+04	3.00000000e+01	3.00000000e+01	4.60000000e+01
-348	4.09280000e+04	3.00000000e+01	3.00000000e+01	4.60000000e+01
-347	4.12200000e+04	3.00000000e+01	3.00000000e+01	4.60000000e+01
-346	4.15000000e+04	3.00000000e+01	3.00000000e+01	4.60000000e+01
-345	4.17470000e+04	3.00000000e+01	3.00000000e+01	4.60000000e+01
-344	4.19700000e+04	3.00000000e+01	3.00000000e+01	4.60000000e+01
-343	4.21930000e+04	3.00000000e+01	3.00000000e+01	4.60000000e+01
-342	4.24260000e+04	3.00000000e+01	3.00000000e+01	4.60000000e+01
-341	4.26700000e+04	3.00000000e+01	3.00000000e+01	4.60000000e+01
-340	4.29160000e+04	3.00000000e+01	3.00000000e+01	4.60000000e+01
-339	4.31710000e+04	3.00000000e+01	3.00000000e+01	4.60000000e+01
-338	4.35140000e+04	3.00000000e+01	3.00000000e+01	4.60000000e+01
-337	4.38540000e+04	3.00000000e+01	3.00000000e+01	4.60000000e+01
-336	4.40940000e+04	3.20000000e+01	3.10000000e+01	4.70000000e+01
-335	4.43460000e+04	3.20000000e+01	3.10000000e+01	4.70000000e+01
-334	4.46350000e+04	3.20000000e+01	3.10000000e+01	4.70000000e+01
-333	4.48920000e+04	3.20000000e+01	3.10000000e+01	4.70000000e+01
-332	4.51730000e+04	3.20000000e+01	3.10000000e+01	4.70000000e+01
-331	4.54370000e+04	3.20000000e+01	3.10000000e+01	4.70000000e+01
-330	4.56850000e+04	3.20000000e+01	3.10000000e+01	4.70000000e+01
-329	4.59170000e+04	3.20000000e+01	3.10000000e+01	4.70000000e+01
-328	4.61820000e+04	3.20000000e+01	3.10000000e+01	4.70000000e+01
-327	4.63920000e+04	3.20000000e+01	3.10000000e+01	4.70000000e+01
-326	4.66430000e+04	3.20000000e+01	3.10000000e+01	4.70000000e+01
-325	4.69670000e+04	3.20000000e+01	3.10000000e+01	4.70000000e+01
-324	4.72170000e+04	3.20000000e+01	3.10000000e+01	4.70000000e+01
-323	4.75500000e+04	3.20000000e+01	3.10000000e+01	4.70000000e+01
-322	4.79120000e+04	3.10000000e+01	3.20000000e+01	4.90000000e+01
-321	4.82130000e+04	3.10000000e+01	3.20000000e+01	4.90000000e+01
-320	4.84700000e+04	3.10000000e+01	3.20000000e+01	4.90000000e+01
-319	4.87270000e+04	3.10000000e+01	3.20000000e+01	4.90000000e+01
-318	4.89530000e+04	3.10000000e+01	3.20000000e+01	4.90000000e+01
-317	4.91940000e+04	3.10000000e+01	3.20000000e+01	4.90000000e+01
-316	4.94340000e+04	3.10000000e+01	3.20000000e+01	4.90000000e+01
-315	4.96690000e+04	3.20000000e+01	3.30000000e+01	5.00000000e+01
-314	4.98860000e+04	3.20000000e+01	3.30000000e+01	5.00000000e+01
-313	5.00770000e+04	3.20000000e+01	3.30000000e+01	5.00000000e+01
-312	5.03140000e+04	3.20000000e+01	3.30000000e+01	5.00000000e+01
-311	5.05560000e+04	3.20000000e+01	3.30000000e+01	5.00000000e+01
-310	5.07890000e+04	3.20000000e+01	3.30000000e+01	5.00000000e+01
-309	5.10440000e+04	3.20000000e+01	3.30000000e+01	5.00000000e+01
-308	5.12830000e+04	3.20000000e+01	3.30000000e+01	5.00000000e+01
-307	5.14730000e+04	3.20000000e+01	3.30000000e+01	5.00000000e+01
-306	5.16720000e+04	3.20000000e+01	3.30000000e+01	5.00000000e+01
-305	5.19140000e+04	3.20000000e+01	3.30000000e+01	5.00000000e+01
-304	5.21360000e+04	3.20000000e+01	3.30000000e+01	5.00000000e+01
-303	5.23610000e+04	3.20000000e+01	3.40000000e+01	5.10000000e+01
-302	5.25900000e+04	3.20000000e+01	3.40000000e+01	5.10000000e+01
-301	5.28260000e+04	3.20000000e+01	3.40000000e+01	5.10000000e+01
-300	5.31720000e+04	3.60000000e+01	3.50000000e+01	5.20000000e+01
-299	5.34870000e+04	3.60000000e+01	3.50000000e+01	5.20000000e+01
-298	5.38080000e+04	3.60000000e+01	3.50000000e+01	5.20000000e+01
-297	5.41830000e+04	3.60000000e+01	3.50000000e+01	5.20000000e+01
-296	5.45980000e+04	3.60000000e+01	3.50000000e+01	5.20000000e+01
-295	5.49500000e+04	3.60000000e+01	3.50000000e+01	5.20000000e+01
-294	5.53020000e+04	3.60000000e+01	3.60000000e+01	5.50000000e+01
-293	5.56920000e+04	3.60000000e+01	3.60000000e+01	5.50000000e+01
-292	5.60040000e+04	3.60000000e+01	3.60000000e+01	5.50000000e+01
-291	5.63580000e+04	3.60000000e+01	3.60000000e+01	5.50000000e+01
-290	5.68130000e+04	3.60000000e+01	3.60000000e+01	5.50000000e+01
-289	5.72280000e+04	3.60000000e+01	3.60000000e+01	5.50000000e+01
-288	5.76310000e+04	3.60000000e+01	3.60000000e+01	5.50000000e+01
-287	5.80770000e+04	3.60000000e+01	3.60000000e+01	5.50000000e+01
-286	5.85650000e+04	3.60000000e+01	3.60000000e+01	5.50000000e+01
-285	5.89150000e+04	3.60000000e+01	3.60000000e+01	5.50000000e+01
-284	5.93450000e+04	3.60000000e+01	3.60000000e+01	5.50000000e+01
-283	5.97590000e+04	3.60000000e+01	3.60000000e+01	5.50000000e+01
-282	6.01960000e+04	3.70000000e+01	3.70000000e+01	5.60000000e+01
-281	6.05940000e+04	3.70000000e+01	3.70000000e+01	5.60000000e+01
-280	6.10290000e+04	3.70000000e+01	3.70000000e+01	5.60000000e+01
-279	6.13820000e+04	3.70000000e+01	3.70000000e+01	5.60000000e+01
-278	6.17280000e+04	4.20000000e+01	4.20000000e+01	6.30000000e+01
-277	6.21250000e+04	4.20000000e+01	4.20000000e+01	6.30000000e+01
-276	6.25590000e+04	4.20000000e+01	4.20000000e+01	6.30000000e+01
-275	6.29340000e+04	4.20000000e+01	4.20000000e+01	6.30000000e+01
-274	6.32770000e+04	4.20000000e+01	4.20000000e+01	6.30000000e+01
-273	6.36120000e+04	4.20000000e+01	4.20000000e+01	6.30000000e+01
-272	6.40060000e+04	4.20000000e+01	4.20000000e+01	6.30000000e+01
-271	6.43750000e+04	4.20000000e+01	4.20000000e+01	6.30000000e+01
-270	6.47950000e+04	4.10000000e+01	4.30000000e+01	6.60000000e+01
-269	6.52500000e+04	4.10000000e+01	4.30000000e+01	6.60000000e+01
-268	6.56650000e+04	4.10000000e+01	4.30000000e+01	6.60000000e+01
-267	6.60100000e+04	4.10000000e+01	4.30000000e+01	6.60000000e+01
-266	6.63480000e+04	4.10000000e+01	4.30000000e+01	6.60000000e+01
-265	6.66970000e+04	4.10000000e+01	4.30000000e+01	6.60000000e+01
-264	6.70630000e+04	4.10000000e+01	4.30000000e+01	6.60000000e+01
-263	6.74710000e+04	4.10000000e+01	4.30000000e+01	6.60000000e+01
-262	6.78280000e+04	4.10000000e+01	4.30000000e+01	6.60000000e+01
-261	6.82260000e+04	4.10000000e+01	4.30000000e+01	6.60000000e+01
-260	6.85400000e+04	4.10000000e+01	4.30000000e+01	6.60000000e+01
-259	6.88230000e+04	4.10000000e+01	4.30000000e+01	6.60000000e+01
-258	6.92020000e+04	4.10000000e+01	4.30000000e+01	6.60000000e+01
-257	6.96270000e+04	4.10000000e+01	4.30000000e+01	6.60000000e+01
-256	7.00310000e+04	4.10000000e+01	4.30000000e+01	6.60000000e+01
-255	7.04580000e+04	4.10000000e+01	4.40000000e+01	6.70000000e+01
-254	7.08860000e+04	4.10000000e+01	4.40000000e+01	6.70000000e+01
-253	7.08860000e+04	4.10000000e+01	4.40000000e+01	6.70000000e+01
-252	7.13240000e+04	4.10000000e+01	4.40000000e+01	6.70000000e+01
-251	7.13240000e+04	4.10000000e+01	4.40000000e+01	6.70000000e+01
-250	7.13240000e+04	4.10000000e+01	4.40000000e+01	6.70000000e+01
-249	7.13240000e+04	4.10000000e+01	4.40000000e+01	6.70000000e+01
-248	7.17920000e+04	4.10000000e+01	4.40000000e+01	6.70000000e+01
-247	7.22340000e+04	4.10000000e+01	4.40000000e+01	6.70000000e+01
-246	7.26700000e+04	4.10000000e+01	4.40000000e+01	6.70000000e+01
-245	7.31430000e+04	4.10000000e+01	4.40000000e+01	6.70000000e+01
-244	7.36880000e+04	4.10000000e+01	4.40000000e+01	6.70000000e+01
-243	7.43370000e+04	4.10000000e+01	4.40000000e+01	6.70000000e+01
-242	7.50290000e+04	4.10000000e+01	4.40000000e+01	6.70000000e+01
-241	7.56440000e+04	4.10000000e+01	4.40000000e+01	6.70000000e+01
-240	7.61860000e+04	4.10000000e+01	4.40000000e+01	6.70000000e+01
-239	7.66530000e+04	4.10000000e+01	4.40000000e+01	6.70000000e+01
-238	7.71310000e+04	4.10000000e+01	4.40000000e+01	6.70000000e+01
-237	7.76800000e+04	4.10000000e+01	4.40000000e+01	6.70000000e+01
-236	7.83090000e+04	4.40000000e+01	4.50000000e+01	6.90000000e+01
-235	7.89410000e+04	4.40000000e+01	4.50000000e+01	6.90000000e+01
-234	7.96050000e+04	5.00000000e+01	4.60000000e+01	7.00000000e+01
-233	8.01550000e+04	4.80000000e+01	4.70000000e+01	7.10000000e+01
-232	8.01550000e+04	4.80000000e+01	4.70000000e+01	7.10000000e+01
-231	8.01550000e+04	4.80000000e+01	4.70000000e+01	7.10000000e+01
-230	8.01550000e+04	4.80000000e+01	4.70000000e+01	7.10000000e+01
-229	8.06950000e+04	4.80000000e+01	4.70000000e+01	7.10000000e+01
-228	8.12950000e+04	4.80000000e+01	4.70000000e+01	7.10000000e+01
-227	8.18930000e+04	4.80000000e+01	4.70000000e+01	7.10000000e+01
-226	8.24170000e+04	4.80000000e+01	4.70000000e+01	7.10000000e+01
-225	8.29790000e+04	4.80000000e+01	4.70000000e+01	7.10000000e+01
-224	8.35350000e+04	4.80000000e+01	4.70000000e+01	7.10000000e+01
-223	8.40880000e+04	4.80000000e+01	4.70000000e+01	7.10000000e+01
-222	8.47610000e+04	4.80000000e+01	4.70000000e+01	7.10000000e+01
-221	8.55310000e+04	4.80000000e+01	4.70000000e+01	7.10000000e+01
-220	8.62680000e+04	4.80000000e+01	4.70000000e+01	7.10000000e+01
-219	8.68470000e+04	4.80000000e+01	4.70000000e+01	7.10000000e+01
-218	8.74500000e+04	4.80000000e+01	4.70000000e+01	7.10000000e+01
-217	8.80440000e+04	4.80000000e+01	4.80000000e+01	7.20000000e+01
-216	8.86720000e+04	4.80000000e+01	4.80000000e+01	7.20000000e+01
-215	8.92640000e+04	4.80000000e+01	4.80000000e+01	7.20000000e+01
-214	8.99170000e+04	4.80000000e+01	4.90000000e+01	7.60000000e+01
-213	9.04580000e+04	4.80000000e+01	4.90000000e+01	7.60000000e+01
-212	9.11100000e+04	4.80000000e+01	4.90000000e+01	7.60000000e+01
-211	9.17400000e+04	4.80000000e+01	4.90000000e+01	7.60000000e+01
-210	9.24100000e+04	4.80000000e+01	4.90000000e+01	7.60000000e+01
-209	9.32970000e+04	4.80000000e+01	4.90000000e+01	7.60000000e+01
-208	9.44190000e+04	4.80000000e+01	4.90000000e+01	7.60000000e+01
-207	9.55870000e+04	4.80000000e+01	4.90000000e+01	7.60000000e+01
-206	9.65840000e+04	4.80000000e+01	4.90000000e+01	7.60000000e+01
-205	9.74260000e+04	4.80000000e+01	4.90000000e+01	7.60000000e+01
-204	9.84100000e+04	4.80000000e+01	4.90000000e+01	7.60000000e+01
-203	9.92370000e+04	5.40000000e+01	5.00000000e+01	7.80000000e+01
-202	1.00006000e+05	5.40000000e+01	5.10000000e+01	7.90000000e+01
-201	1.01019000e+05	5.40000000e+01	5.10000000e+01	7.90000000e+01
-200	1.01019000e+05	5.40000000e+01	5.10000000e+01	7.90000000e+01
-199	1.01834000e+05	5.40000000e+01	5.20000000e+01	8.00000000e+01
-198	1.02390000e+05	5.40000000e+01	5.20000000e+01	8.00000000e+01
-197	1.02948000e+05	5.40000000e+01	5.20000000e+01	8.00000000e+01
-196	1.03514000e+05	5.40000000e+01	5.20000000e+01	8.00000000e+01
-195	1.04168000e+05	5.40000000e+01	5.20000000e+01	8.00000000e+01
-194	1.04864000e+05	5.40000000e+01	5.20000000e+01	8.00000000e+01
-193	1.04864000e+05	5.30000000e+01	5.30000000e+01	8.10000000e+01
-192	1.05496000e+05	5.20000000e+01	5.40000000e+01	8.30000000e+01
-191	1.06061000e+05	5.20000000e+01	5.40000000e+01	8.30000000e+01
-190	1.06612000e+05	5.20000000e+01	5.40000000e+01	8.30000000e+01
-189	1.07213000e+05	5.20000000e+01	5.40000000e+01	8.30000000e+01
-188	1.08099000e+05	5.50000000e+01	5.50000000e+01	8.40000000e+01
-187	1.09016000e+05	5.50000000e+01	5.50000000e+01	8.40000000e+01
-186	1.09911000e+05	5.90000000e+01	5.70000000e+01	8.70000000e+01
-185	1.10737000e+05	5.80000000e+01	5.80000000e+01	8.90000000e+01
-184	1.11512000e+05	5.70000000e+01	5.90000000e+01	9.00000000e+01
-183	1.12088000e+05	5.70000000e+01	5.90000000e+01	9.00000000e+01
-182	1.12649000e+05	5.70000000e+01	5.90000000e+01	9.00000000e+01
-181	1.13243000e+05	5.70000000e+01	6.00000000e+01	9.10000000e+01
-180	1.13912000e+05	6.10000000e+01	6.10000000e+01	9.20000000e+01
-179	1.14534000e+05	6.10000000e+01	6.10000000e+01	9.20000000e+01
-178	1.15154000e+05	6.40000000e+01	6.30000000e+01	9.50000000e+01
-177	1.15679000e+05	6.40000000e+01	6.30000000e+01	9.50000000e+01
-176	1.16183000e+05	6.40000000e+01	6.30000000e+01	9.50000000e+01
-175	1.16623000e+05	6.40000000e+01	6.30000000e+01	9.50000000e+01
-174	1.17283000e+05	6.20000000e+01	6.40000000e+01	9.60000000e+01
-173	1.18064000e+05	6.20000000e+01	6.40000000e+01	9.60000000e+01
-172	1.18685000e+05	6.20000000e+01	6.40000000e+01	9.60000000e+01
-171	1.19344000e+05	6.20000000e+01	6.40000000e+01	9.60000000e+01
-170	1.19828000e+05	7.20000000e+01	6.50000000e+01	9.70000000e+01
-169	1.20381000e+05	7.20000000e+01	6.50000000e+01	9.70000000e+01
-168	1.21047000e+05	7.20000000e+01	6.50000000e+01	9.70000000e+01
-167	1.21671000e+05	7.20000000e+01	6.50000000e+01	9.70000000e+01
-166	1.22321000e+05	7.20000000e+01	6.50000000e+01	9.70000000e+01
-165	1.23003000e+05	6.50000000e+01	6.60000000e+01	9.80000000e+01
-164	1.23728000e+05	6.50000000e+01	6.60000000e+01	9.80000000e+01
-163	1.24602000e+05	6.50000000e+01	6.60000000e+01	9.80000000e+01
-162	1.25594000e+05	6.90000000e+01	6.80000000e+01	1.00000000e+02
-161	1.26385000e+05	6.90000000e+01	6.80000000e+01	1.00000000e+02
-160	1.27100000e+05	6.90000000e+01	6.80000000e+01	1.00000000e+02
-159	1.27898000e+05	6.90000000e+01	6.80000000e+01	1.00000000e+02
-158	1.28796000e+05	6.90000000e+01	6.80000000e+01	1.00000000e+02
-157	1.29845000e+05	6.90000000e+01	6.80000000e+01	1.00000000e+02
-156	1.30802000e+05	6.90000000e+01	6.80000000e+01	1.00000000e+02
-155	1.31795000e+05	6.90000000e+01	6.80000000e+01	1.00000000e+02
-154	1.32717000e+05	6.90000000e+01	6.80000000e+01	1.00000000e+02
-153	1.33621000e+05	6.90000000e+01	6.80000000e+01	1.00000000e+02
-152	1.34622000e+05	6.90000000e+01	6.90000000e+01	1.02000000e+02
-151	1.35551000e+05	6.70000000e+01	7.00000000e+01	1.03000000e+02
-150	1.36392000e+05	6.70000000e+01	7.00000000e+01	1.03000000e+02
-149	1.37121000e+05	6.70000000e+01	7.00000000e+01	1.03000000e+02
-148	1.37954000e+05	6.70000000e+01	7.00000000e+01	1.03000000e+02
-147	1.38793000e+05	6.70000000e+01	7.00000000e+01	1.03000000e+02
-146	1.39595000e+05	6.70000000e+01	7.00000000e+01	1.03000000e+02
-145	1.40392000e+05	7.50000000e+01	7.10000000e+01	1.04000000e+02
-144	1.41238000e+05	7.50000000e+01	7.10000000e+01	1.04000000e+02
-143	1.41967000e+05	7.50000000e+01	7.10000000e+01	1.04000000e+02
-142	1.42686000e+05	7.50000000e+01	7.10000000e+01	1.04000000e+02
-141	1.43422000e+05	7.50000000e+01	7.10000000e+01	1.04000000e+02
-140	1.44271000e+05	6.80000000e+01	7.20000000e+01	1.05000000e+02
-139	1.45505000e+05	6.80000000e+01	7.20000000e+01	1.05000000e+02
-138	1.46754000e+05	7.30000000e+01	7.30000000e+01	1.06000000e+02
-137	1.47955000e+05	7.50000000e+01	7.40000000e+01	1.08000000e+02
-136	1.49046000e+05	7.50000000e+01	7.40000000e+01	1.08000000e+02
-135	1.50001000e+05	7.50000000e+01	7.40000000e+01	1.08000000e+02
-134	1.50933000e+05	7.50000000e+01	7.40000000e+01	1.08000000e+02
-133	1.51783000e+05	7.50000000e+01	7.40000000e+01	1.08000000e+02
-132	1.52775000e+05	7.50000000e+01	7.40000000e+01	1.08000000e+02
-131	1.52775000e+05	7.50000000e+01	7.50000000e+01	1.09000000e+02
-130	1.52775000e+05	7.80000000e+01	7.60000000e+01	1.12000000e+02
-129	1.53921000e+05	7.80000000e+01	7.60000000e+01	1.12000000e+02
-128	1.54858000e+05	8.10000000e+01	7.80000000e+01	1.18000000e+02
-127	1.55904000e+05	8.30000000e+01	7.90000000e+01	1.19000000e+02
-126	1.56897000e+05	8.30000000e+01	7.90000000e+01	1.19000000e+02
-125	1.57922000e+05	7.90000000e+01	8.00000000e+01	1.20000000e+02
-124	1.59133000e+05	8.40000000e+01	8.10000000e+01	1.21000000e+02
-123	1.60328000e+05	8.30000000e+01	8.20000000e+01	1.23000000e+02
-122	1.61410000e+05	8.30000000e+01	8.20000000e+01	1.23000000e+02
-121	1.62417000e+05	8.30000000e+01	8.30000000e+01	1.24000000e+02
-120	1.63489000e+05	8.30000000e+01	8.30000000e+01	1.24000000e+02
-119	1.64633000e+05	9.00000000e+01	8.70000000e+01	1.31000000e+02
-118	1.65718000e+05	8.90000000e+01	9.00000000e+01	1.37000000e+02
-117	1.67004000e+05	9.20000000e+01	9.20000000e+01	1.39000000e+02
-116	1.68205000e+05	9.60000000e+01	9.30000000e+01	1.42000000e+02
-115	1.68205000e+05	9.50000000e+01	9.40000000e+01	1.43000000e+02
-114	1.69043000e+05	9.80000000e+01	9.50000000e+01	1.45000000e+02
-113	1.69975000e+05	9.80000000e+01	9.50000000e+01	1.45000000e+02
-112	1.70926000e+05	9.80000000e+01	9.50000000e+01	1.45000000e+02
-111	1.71889000e+05	1.00000000e+02	9.60000000e+01	1.52000000e+02
-110	1.72915000e+05	1.00000000e+02	9.60000000e+01	1.52000000e+02
-109	1.73961000e+05	1.01000000e+02	9.70000000e+01	1.53000000e+02
-108	1.75087000e+05	1.01000000e+02	9.70000000e+01	1.53000000e+02
-107	1.75997000e+05	1.00000000e+02	9.80000000e+01	1.54000000e+02
-106	1.76941000e+05	1.02000000e+02	1.00000000e+02	1.56000000e+02
-105	1.78103000e+05	1.13000000e+02	1.07000000e+02	1.63000000e+02
-104	1.79251000e+05	1.13000000e+02	1.07000000e+02	1.63000000e+02
-103	1.80285000e+05	1.07000000e+02	1.08000000e+02	1.64000000e+02
-102	1.81317000e+05	1.07000000e+02	1.08000000e+02	1.64000000e+02
-101	1.82445000e+05	1.14000000e+02	1.09000000e+02	1.65000000e+02
-100	1.82445000e+05	1.14000000e+02	1.09000000e+02	1.65000000e+02
-99	1.83128000e+05	1.14000000e+02	1.09000000e+02	1.65000000e+02
-98	1.83786000e+05	1.15000000e+02	1.12000000e+02	1.74000000e+02
-97	1.83851000e+05	1.15000000e+02	1.12000000e+02	1.74000000e+02
-96	1.83903000e+05	1.16000000e+02	1.14000000e+02	1.78000000e+02
-95	1.83957000e+05	1.18000000e+02	1.16000000e+02	1.80000000e+02
-94	1.84020000e+05	1.28000000e+02	1.18000000e+02	1.82000000e+02
-93	1.84109000e+05	1.23000000e+02	1.19000000e+02	1.83000000e+02
-92	1.84228000e+05	1.24000000e+02	1.20000000e+02	1.84000000e+02
-91	1.84589000e+05	1.26000000e+02	1.21000000e+02	1.89000000e+02
-90	1.84953000e+05	1.26000000e+02	1.21000000e+02	1.89000000e+02
-89	1.85317000e+05	1.26000000e+02	1.21000000e+02	1.89000000e+02
-88	1.85723000e+05	1.25000000e+02	1.23000000e+02	1.92000000e+02
-87	1.86096000e+05	1.25000000e+02	1.23000000e+02	1.92000000e+02
-86	1.86563000e+05	1.26000000e+02	1.24000000e+02	1.93000000e+02
-85	1.87091000e+05	1.26000000e+02	1.24000000e+02	1.93000000e+02
-84	1.87636000e+05	1.26000000e+02	1.24000000e+02	1.93000000e+02
-83	1.88145000e+05	1.26000000e+02	1.24000000e+02	1.93000000e+02
-82	1.88621000e+05	1.26000000e+02	1.24000000e+02	1.93000000e+02
-81	1.89123000e+05	1.26000000e+02	1.24000000e+02	1.93000000e+02
-80	1.89600000e+05	1.28000000e+02	1.25000000e+02	1.94000000e+02
-79	1.89984000e+05	1.28000000e+02	1.25000000e+02	1.94000000e+02
-78	1.90463000e+05	1.28000000e+02	1.25000000e+02	1.94000000e+02
-77	1.90959000e+05	1.27000000e+02	1.26000000e+02	1.96000000e+02
-76	1.91460000e+05	1.29000000e+02	1.27000000e+02	1.97000000e+02
-75	1.92002000e+05	1.29000000e+02	1.27000000e+02	1.97000000e+02
-74	1.92454000e+05	1.29000000e+02	1.27000000e+02	1.97000000e+02
-73	1.92920000e+05	1.29000000e+02	1.27000000e+02	1.97000000e+02
-72	1.93408000e+05	1.28000000e+02	1.28000000e+02	1.98000000e+02
-71	1.93839000e+05	1.36000000e+02	1.29000000e+02	1.99000000e+02
-70	1.94230000e+05	1.36000000e+02	1.29000000e+02	1.99000000e+02
-69	1.94699000e+05	1.36000000e+02	1.29000000e+02	1.99000000e+02
-68	1.95368000e+05	1.36000000e+02	1.29000000e+02	1.99000000e+02
-67	1.95951000e+05	1.36000000e+02	1.29000000e+02	1.99000000e+02
-66	1.96451000e+05	1.36000000e+02	1.29000000e+02	1.99000000e+02
-65	1.96988000e+05	1.36000000e+02	1.29000000e+02	1.99000000e+02
-64	1.97442000e+05	1.36000000e+02	1.29000000e+02	1.99000000e+02
-63	1.97946000e+05	1.32000000e+02	1.30000000e+02	2.00000000e+02
-62	1.98451000e+05	1.38000000e+02	1.33000000e+02	2.06000000e+02
-61	1.99022000e+05	1.39000000e+02	1.34000000e+02	2.08000000e+02
-60	1.99764000e+05	1.39000000e+02	1.34000000e+02	2.08000000e+02
-59	2.00664000e+05	1.40000000e+02	1.35000000e+02	2.13000000e+02
-58	2.01448000e+05	1.40000000e+02	1.35000000e+02	2.13000000e+02
-57	2.02201000e+05	1.43000000e+02	1.37000000e+02	2.15000000e+02
-56	2.02767000e+05	1.43000000e+02	1.37000000e+02	2.15000000e+02
-55	2.03493000e+05	1.46000000e+02	1.38000000e+02	2.16000000e+02
-54	2.04159000e+05	1.47000000e+02	1.39000000e+02	2.17000000e+02
-53	2.04695000e+05	1.47000000e+02	1.39000000e+02	2.17000000e+02
-52	2.05315000e+05	1.47000000e+02	1.41000000e+02	2.19000000e+02
-51	2.05820000e+05	1.48000000e+02	1.42000000e+02	2.20000000e+02
-50	2.06439000e+05	1.52000000e+02	1.43000000e+02	2.21000000e+02
-49	2.07005000e+05	1.45000000e+02	1.44000000e+02	2.22000000e+02
-48	2.07636000e+05	1.55000000e+02	1.45000000e+02	2.24000000e+02
-47	2.08289000e+05	1.54000000e+02	1.46000000e+02	2.25000000e+02
-46	2.08848000e+05	1.54000000e+02	1.46000000e+02	2.25000000e+02
-45	2.09453000e+05	1.54000000e+02	1.46000000e+02	2.25000000e+02
-44	2.10092000e+05	1.54000000e+02	1.47000000e+02	2.26000000e+02
-43	2.10717000e+05	1.54000000e+02	1.47000000e+02	2.26000000e+02
-42	2.11451000e+05	1.54000000e+02	1.47000000e+02	2.26000000e+02
-41	2.12954000e+05	1.57000000e+02	1.49000000e+02	2.28000000e+02
-40	2.14103000e+05	1.56000000e+02	1.50000000e+02	2.29000000e+02
-39	2.15032000e+05	1.56000000e+02	1.50000000e+02	2.29000000e+02
-38	2.16072000e+05	1.56000000e+02	1.50000000e+02	2.29000000e+02
-37	2.17352000e+05	1.56000000e+02	1.50000000e+02	2.29000000e+02
-36	2.18795000e+05	1.56000000e+02	1.50000000e+02	2.29000000e+02
-35	2.19927000e+05	1.56000000e+02	1.50000000e+02	2.29000000e+02
-34	2.21195000e+05	1.56000000e+02	1.50000000e+02	2.29000000e+02
-33	2.22508000e+05	1.56000000e+02	1.50000000e+02	2.29000000e+02
-32	2.23751000e+05	1.56000000e+02	1.51000000e+02	2.31000000e+02
-31	2.25030000e+05	1.56000000e+02	1.51000000e+02	2.31000000e+02
-30	2.26734000e+05	1.56000000e+02	1.51000000e+02	2.31000000e+02
-29	2.28608000e+05	1.56000000e+02	1.52000000e+02	2.32000000e+02
-28	2.30527000e+05	1.62000000e+02	1.53000000e+02	2.37000000e+02
-27	2.32954000e+05	1.66000000e+02	1.59000000e+02	2.44000000e+02
-26	2.35002000e+05	1.66000000e+02	1.59000000e+02	2.44000000e+02
-25	2.36793000e+05	1.66000000e+02	1.62000000e+02	2.49000000e+02
-24	2.38922000e+05	1.68000000e+02	1.63000000e+02	2.50000000e+02
-23	2.41031000e+05	1.68000000e+02	1.63000000e+02	2.50000000e+02
-22	2.43167000e+05	1.70000000e+02	1.64000000e+02	2.52000000e+02
-21	2.45121000e+05	1.75000000e+02	1.66000000e+02	2.54000000e+02
-20	2.48026000e+05	1.85000000e+02	1.77000000e+02	2.68000000e+02
-19	2.51115000e+05	1.91000000e+02	1.78000000e+02	2.69000000e+02
-18	2.53419000e+05	1.89000000e+02	1.82000000e+02	2.77000000e+02
-17	2.55628000e+05	2.00000000e+02	1.91000000e+02	2.92000000e+02
-16	2.57316000e+05	2.03000000e+02	2.00000000e+02	3.07000000e+02
-15	2.59544000e+05	2.10000000e+02	2.04000000e+02	3.11000000e+02
-14	2.62334000e+05	2.11000000e+02	2.08000000e+02	3.15000000e+02
-13	2.65671000e+05	2.10000000e+02	2.09000000e+02	3.16000000e+02
-12	2.69390000e+05	2.11000000e+02	2.12000000e+02	3.21000000e+02
-11	2.72730000e+05	2.14000000e+02	2.14000000e+02	3.24000000e+02
-10	2.76194000e+05	2.12000000e+02	2.15000000e+02	3.25000000e+02
-9	2.79710000e+05	2.22000000e+02	2.21000000e+02	3.34000000e+02
-8	2.83452000e+05	2.26000000e+02	2.26000000e+02	3.41000000e+02
-7	2.87455000e+05	2.33000000e+02	2.29000000e+02	3.47000000e+02
-6	2.91645000e+05	2.32000000e+02	2.33000000e+02	3.54000000e+02
-5	2.96767000e+05	2.37000000e+02	2.36000000e+02	3.58000000e+02
-4	3.01075000e+05	2.32000000e+02	2.38000000e+02	3.60000000e+02
-3	3.05936000e+05	2.34000000e+02	2.39000000e+02	3.61000000e+02
-2	3.11507000e+05	2.40000000e+02	2.42000000e+02	3.64000000e+02
-1	3.17408000e+05	2.54000000e+02	2.48000000e+02	3.70000000e+02
0	3.25377000e+05	2.59000000e+02	2.64000000e+02	4.16000000e+02
1	3.41347000e+05	2.78000000e+02	2.84000000e+02	4.44000000e+02
2	3.60276000e+05	3.11000000e+02	3.25000000e+02	5.03000000e+02
3	3.77057000e+05	3.13000000e+02	3.49000000e+02	5.46000000e+02
4	3.92826000e+05	3.49000000e+02	3.77000000e+02	5.85000000e+02
5	4.03829000e+05	3.54000000e+02	3.83000000e+02	5.95000000e+02
6	4.13918000e+05	3.49000000e+02	3.93000000e+02	6.17000000e+02
7	4.23213000e+05	3.46000000e+02	3.99000000e+02	6.27000000e+02
8	4.29385000e+05	3.61000000e+02	4.08000000e+02	6.44000000e+02
9	4.31745000e+05	3.58000000e+02	4.16000000e+02	6.54000000e+02
10	4.33490000e+05	3.81000000e+02	4.28000000e+02	6.77000000e+02
11	4.35296000e+05	3.79000000e+02	4.34000000e+02	6.83000000e+02
12	4.37850000e+05	3.77000000e+02	4.36000000e+02	6.86000000e+02
13	4.41948000e+05	3.85000000e+02	4.41000000e+02	6.92000000e+02
14	4.47503000e+05	3.76000000e+02	4.44000000e+02	6.98000000e+02
15	4.52759000e+05	3.80000000e+02	4.47000000e+02	7.07000000e+02
16	4.59320000e+05	3.87000000e+02	4.52000000e+02	7.14000000e+02
17	4.65275000e+05	3.86000000e+02	4.53000000e+02	7.21000000e+02
18	4.70080000e+05	4.06000000e+02	4.55000000e+02	7.23000000e+02
19	4.73448000e+05	4.06000000e+02	4.55000000e+02	7.23000000e+02
20	4.77345000e+05	3.97000000e+02	4.60000000e+02	7.33000000e+02
21	4.80497000e+05	3.97000000e+02	4.62000000e+02	7.35000000e+02
22	4.83833000e+05	4.07000000e+02	4.66000000e+02	7.40000000e+02
23	4.83833000e+05	4.07000000e+02	4.66000000e+02	7.40000000e+02
24	4.85202000e+05	4.07000000e+02	4.66000000e+02	7.40000000e+02
25	4.85202000e+05	4.07000000e+02	4.66000000e+02	7.40000000e+02
26	4.88029000e+05	4.05000000e+02	4.70000000e+02	7.44000000e+02
27	4.90668000e+05	4.06000000e+02	4.72000000e+02	7.46000000e+02
28	4.93442000e+05	3.97000000e+02	4.75000000e+02	7.49000000e+02
29	4.96237000e+05	4.04000000e+02	4.77000000e+02	7.51000000e+02
30	4.98987000e+05	4.04000000e+02	4.77000000e+02	7.51000000e+02
31	5.01531000e+05	4.04000000e+02	4.77000000e+02	7.51000000e+02
32	5.01531000e+05	4.14000000e+02	4.79000000e+02	7.53000000e+02
33	5.03489000e+05	4.14000000e+02	4.79000000e+02	7.53000000e+02
34	5.03489000e+05	4.14000000e+02	4.79000000e+02	7.53000000e+02
35	5.03489000e+05	3.98000000e+02	4.80000000e+02	7.54000000e+02
36	5.03489000e+05	4.02000000e+02	4.81000000e+02	7.55000000e+02
37	5.03489000e+05	4.02000000e+02	4.81000000e+02	7.55000000e+02
38	5.05457000e+05	4.12000000e+02	4.85000000e+02	7.59000000e+02
39	5.07060000e+05	4.12000000e+02	4.85000000e+02	7.59000000e+02
40	5.08552000e+05	4.09000000e+02	4.87000000e+02	7.62000000e+02
41	5.09970000e+05	4.09000000e+02	4.87000000e+02	7.62000000e+02
42	5.11406000e+05	4.09000000e+02	4.87000000e+02	7.62000000e+02
43	5.13038000e+05	4.12000000e+02	4.88000000e+02	7.63000000e+02
44	5.15148000e+05	3.93000000e+02	4.90000000e+02	7.65000000e+02
45	5.17211000e+05	3.93000000e+02	4.90000000e+02	7.65000000e+02
46	5.18858000e+05	3.93000000e+02	4.90000000e+02	7.65000000e+02
47	5.20397000e+05	3.93000000e+02	4.90000000e+02	7.65000000e+02
48	5.21752000e+05	3.99000000e+02	4.91000000e+02	7.67000000e+02
49	5.23455000e+05	3.99000000e+02	4.91000000e+02	7.67000000e+02
50	5.25560000e+05	3.99000000e+02	4.91000000e+02	7.67000000e+02
51	5.27703000e+05	3.99000000e+02	4.91000000e+02	7.67000000e+02
52	5.29966000e+05	3.99000000e+02	4.91000000e+02	7.67000000e+02
53	5.32020000e+05	3.99000000e+02	4.91000000e+02	7.67000000e+02
54	5.33732000e+05	3.99000000e+02	4.91000000e+02	7.67000000e+02
55	5.35385000e+05	3.99000000e+02	4.91000000e+02	7.67000000e+02
56	5.37137000e+05	3.99000000e+02	4.91000000e+02	7.67000000e+02
57	5.38942000e+05	4.08000000e+02	4.92000000e+02	7.68000000e+02
58	5.40940000e+05	4.08000000e+02	4.92000000e+02	7.68000000e+02
59	5.42980000e+05	4.08000000e+02	4.92000000e+02	7.68000000e+02
60	5.45145000e+05	4.08000000e+02	4.92000000e+02	7.68000000e+02
61	5.47411000e+05	4.31000000e+02	4.94000000e+02	7.71000000e+02
62	5.49550000e+05	4.32000000e+02	4.95000000e+02	7.72000000e+02
63	5.51531000e+05	4.20000000e+02	4.96000000e+02	7.73000000e+02
64	5.53502000e+05	4.20000000e+02	4.96000000e+02	7.73000000e+02
65	5.55808000e+05	4.35000000e+02	5.00000000e+02	7.77000000e+02
66	5.57997000e+05	4.35000000e+02	5.00000000e+02	7.77000000e+02
67	5.59930000e+05	4.35000000e+02	5.00000000e+02	7.77000000e+02
68	5.61729000e+05	4.32000000e+02	5.02000000e+02	7.80000000e+02
69	5.63394000e+05	4.32000000e+02	5.02000000e+02	7.80000000e+02
70	5.65004000e+05	4.03000000e+02	5.03000000e+02	7.81000000e+02
71	5.66768000e+05	4.23000000e+02	5.04000000e+02	7.83000000e+02
72	5.68795000e+05	4.31000000e+02	5.05000000e+02	7.84000000e+02
73	5.70841000e+05	4.37000000e+02	5.08000000e+02	7.88000000e+02
74	5.72584000e+05	4.37000000e+02	5.08000000e+02	7.88000000e+02
75	5.74310000e+05	4.37000000e+02	5.08000000e+02	7.88000000e+02
76	5.76008000e+05	4.37000000e+02	5.08000000e+02	7.88000000e+02
77	5.77631000e+05	4.37000000e+02	5.08000000e+02	7.88000000e+02
78	5.79250000e+05	4.37000000e+02	5.08000000e+02	7.88000000e+02
79	5.81250000e+05	4.37000000e+02	5.08000000e+02	7.88000000e+02
80	5.83434000e+05	4.37000000e+02	5.08000000e+02	7.88000000e+02
81	5.85315000e+05	4.37000000e+02	5.08000000e+02	7.88000000e+02
82	5.86940000e+05	4.37000000e+02	5.08000000e+02	7.88000000e+02
83	5.88518000e+05	4.39000000e+02	5.10000000e+02	7.92000000e+02
84	5.90071000e+05	4.39000000e+02	5.10000000e+02	7.92000000e+02
85	5.91689000e+05	4.29000000e+02	5.11000000e+02	7.93000000e+02
86	5.93580000e+05	4.28000000e+02	5.12000000e+02	7.94000000e+02
87	5.95443000e+05	4.28000000e+02	5.12000000e+02	7.94000000e+02
88	5.97148000e+05	4.28000000e+02	5.12000000e+02	7.94000000e+02
89	5.98548000e+05	4.28000000e+02	5.12000000e+02	7.94000000e+02
90	5.99969000e+05	4.39000000e+02	5.13000000e+02	7.95000000e+02
91	6.01398000e+05	4.39000000e+02	5.13000000e+02	7.95000000e+02
92	6.02818000e+05	4.39000000e+02	5.13000000e+02	7.95000000e+02
93	6.04525000e+05	4.32000000e+02	5.16000000e+02	7.99000000e+02
94	6.06164000e+05	4.35000000e+02	5.17000000e+02	8.00000000e+02
95	6.07816000e+05	4.35000000e+02	5.17000000e+02	8.00000000e+02
96	6.09136000e+05	4.35000000e+02	5.17000000e+02	8.00000000e+02
97	6.10357000e+05	4.35000000e+02	5.17000000e+02	8.00000000e+02
98	6.11488000e+05	4.35000000e+02	5.17000000e+02	8.00000000e+02
99	6.12761000e+05	4.35000000e+02	5.17000000e+02	8.00000000e+02
100	6.14202000e+05	4.35000000e+02	5.17000000e+02	8.00000000e+02
