Day_(movie_time)	Views	Users	Rigor	Edits
-500	0.00000000e+00	2.00000000e+01	2.70000000e+01	4.10000000e+01
-499	7.21000000e+02	2.00000000e+01	2.70000000e+01	4.10000000e+01
-498	1.59300000e+03	2.20000000e+01	2.80000000e+01	4.20000000e+01
-497	2.50800000e+03	2.20000000e+01	2.80000000e+01	4.20000000e+01
-496	3.26500000e+03	2.20000000e+01	2.80000000e+01	4.20000000e+01
-495	4.18200000e+03	2.20000000e+01	2.80000000e+01	4.20000000e+01
-494	5.14600000e+03	2.20000000e+01	2.80000000e+01	4.20000000e+01
-493	6.03400000e+03	2.20000000e+01	2.80000000e+01	4.20000000e+01
-492	6.80600000e+03	2.20000000e+01	2.80000000e+01	4.20000000e+01
-491	7.63100000e+03	2.20000000e+01	2.80000000e+01	4.20000000e+01
-490	8.45400000e+03	2.20000000e+01	2.80000000e+01	4.20000000e+01
-489	9.28900000e+03	2.20000000e+01	2.80000000e+01	4.20000000e+01
-488	1.01920000e+04	2.20000000e+01	2.80000000e+01	4.20000000e+01
-487	1.10750000e+04	2.20000000e+01	2.80000000e+01	4.20000000e+01
-486	1.20410000e+04	2.20000000e+01	2.80000000e+01	4.20000000e+01
-485	1.29830000e+04	2.20000000e+01	2.80000000e+01	4.20000000e+01
-484	1.37770000e+04	2.20000000e+01	2.80000000e+01	4.20000000e+01
-483	1.46900000e+04	2.20000000e+01	2.80000000e+01	4.20000000e+01
-482	1.56570000e+04	2.20000000e+01	2.80000000e+01	4.20000000e+01
-481	1.66570000e+04	2.20000000e+01	2.80000000e+01	4.20000000e+01
-480	1.77150000e+04	2.20000000e+01	2.80000000e+01	4.20000000e+01
-479	2.01110000e+04	2.20000000e+01	2.80000000e+01	4.20000000e+01
-478	2.18470000e+04	2.20000000e+01	2.80000000e+01	4.20000000e+01
-477	2.30010000e+04	2.20000000e+01	2.80000000e+01	4.20000000e+01
-476	2.41170000e+04	2.20000000e+01	2.80000000e+01	4.20000000e+01
-475	2.51010000e+04	2.30000000e+01	3.00000000e+01	4.40000000e+01
-474	2.60990000e+04	2.30000000e+01	3.00000000e+01	4.40000000e+01
-473	2.71230000e+04	2.30000000e+01	3.00000000e+01	4.40000000e+01
-472	2.80890000e+04	2.30000000e+01	3.00000000e+01	4.40000000e+01
-471	2.87360000e+04	2.30000000e+01	3.00000000e+01	4.40000000e+01
-470	2.94840000e+04	2.30000000e+01	3.00000000e+01	4.40000000e+01
-469	3.02240000e+04	2.30000000e+01	3.00000000e+01	4.40000000e+01
-468	3.09980000e+04	2.30000000e+01	3.00000000e+01	4.40000000e+01
-467	3.17460000e+04	2.30000000e+01	3.00000000e+01	4.40000000e+01
-466	3.25760000e+04	2.30000000e+01	3.00000000e+01	4.40000000e+01
-465	3.35230000e+04	2.30000000e+01	3.00000000e+01	4.40000000e+01
-464	3.43150000e+04	2.30000000e+01	3.00000000e+01	4.40000000e+01
-463	3.51290000e+04	2.40000000e+01	3.10000000e+01	4.50000000e+01
-462	3.58180000e+04	2.60000000e+01	3.20000000e+01	4.80000000e+01
-461	3.65300000e+04	2.60000000e+01	3.20000000e+01	4.80000000e+01
-460	3.73230000e+04	2.60000000e+01	3.20000000e+01	4.80000000e+01
-459	3.81030000e+04	2.60000000e+01	3.20000000e+01	4.80000000e+01
-458	3.88430000e+04	2.60000000e+01	3.20000000e+01	4.80000000e+01
-457	3.95870000e+04	2.70000000e+01	3.30000000e+01	4.90000000e+01
-456	4.03100000e+04	2.70000000e+01	3.30000000e+01	4.90000000e+01
-455	4.09880000e+04	2.70000000e+01	3.30000000e+01	4.90000000e+01
-454	4.16880000e+04	2.70000000e+01	3.30000000e+01	4.90000000e+01
-453	4.23510000e+04	2.70000000e+01	3.30000000e+01	4.90000000e+01
-452	4.31200000e+04	2.80000000e+01	3.40000000e+01	5.00000000e+01
-451	4.38710000e+04	2.80000000e+01	3.50000000e+01	5.10000000e+01
-450	4.45630000e+04	2.80000000e+01	3.50000000e+01	5.10000000e+01
-449	4.51390000e+04	2.80000000e+01	3.50000000e+01	5.10000000e+01
-448	4.57340000e+04	2.80000000e+01	3.50000000e+01	5.10000000e+01
-447	4.63500000e+04	2.80000000e+01	3.50000000e+01	5.10000000e+01
-446	4.70260000e+04	2.80000000e+01	3.50000000e+01	5.10000000e+01
-445	4.76770000e+04	2.80000000e+01	3.50000000e+01	5.10000000e+01
-444	4.83030000e+04	2.80000000e+01	3.50000000e+01	5.10000000e+01
-443	4.88530000e+04	2.80000000e+01	3.50000000e+01	5.10000000e+01
-442	4.95030000e+04	2.80000000e+01	3.50000000e+01	5.10000000e+01
-441	5.00820000e+04	3.00000000e+01	3.60000000e+01	5.20000000e+01
-440	5.05850000e+04	3.00000000e+01	3.60000000e+01	5.20000000e+01
-439	5.11980000e+04	3.00000000e+01	3.60000000e+01	5.20000000e+01
-438	5.18190000e+04	3.00000000e+01	3.60000000e+01	5.20000000e+01
-437	5.24940000e+04	3.00000000e+01	3.70000000e+01	5.30000000e+01
-436	5.31000000e+04	3.20000000e+01	3.80000000e+01	5.40000000e+01
-435	5.37570000e+04	3.20000000e+01	3.80000000e+01	5.40000000e+01
-434	5.43850000e+04	3.20000000e+01	3.80000000e+01	5.40000000e+01
-433	5.49500000e+04	3.20000000e+01	3.80000000e+01	5.40000000e+01
-432	5.56650000e+04	3.20000000e+01	3.80000000e+01	5.40000000e+01
-431	5.63110000e+04	3.20000000e+01	3.80000000e+01	5.40000000e+01
-430	5.69880000e+04	3.20000000e+01	3.80000000e+01	5.40000000e+01
-429	5.75890000e+04	2.80000000e+01	3.90000000e+01	5.50000000e+01
-428	5.83840000e+04	2.80000000e+01	3.90000000e+01	5.50000000e+01
-427	5.90720000e+04	2.80000000e+01	3.90000000e+01	5.50000000e+01
-426	5.97560000e+04	2.80000000e+01	3.90000000e+01	5.50000000e+01
-425	6.02860000e+04	2.80000000e+01	3.90000000e+01	5.50000000e+01
-424	6.08950000e+04	2.80000000e+01	3.90000000e+01	5.50000000e+01
-423	6.14800000e+04	2.90000000e+01	4.00000000e+01	5.60000000e+01
-422	6.19760000e+04	2.90000000e+01	4.00000000e+01	5.60000000e+01
-421	6.24720000e+04	2.90000000e+01	4.00000000e+01	5.60000000e+01
-420	6.29010000e+04	2.90000000e+01	4.00000000e+01	5.60000000e+01
-419	6.33970000e+04	2.90000000e+01	4.00000000e+01	5.60000000e+01
-418	6.39010000e+04	2.90000000e+01	4.00000000e+01	5.60000000e+01
-417	6.44020000e+04	2.90000000e+01	4.00000000e+01	5.60000000e+01
-416	6.49370000e+04	3.00000000e+01	4.10000000e+01	5.70000000e+01
-415	6.53720000e+04	3.00000000e+01	4.10000000e+01	5.70000000e+01
-414	6.58220000e+04	3.40000000e+01	4.20000000e+01	5.80000000e+01
-413	6.63310000e+04	3.40000000e+01	4.20000000e+01	5.80000000e+01
-412	6.68460000e+04	3.40000000e+01	4.20000000e+01	5.80000000e+01
-411	6.73830000e+04	3.40000000e+01	4.20000000e+01	5.80000000e+01
-410	6.79170000e+04	3.40000000e+01	4.20000000e+01	5.80000000e+01
-409	6.84520000e+04	3.40000000e+01	4.20000000e+01	5.80000000e+01
-408	6.89380000e+04	3.40000000e+01	4.20000000e+01	5.80000000e+01
-407	6.93950000e+04	3.40000000e+01	4.20000000e+01	5.80000000e+01
-406	6.99140000e+04	3.40000000e+01	4.20000000e+01	5.80000000e+01
-405	7.04310000e+04	3.40000000e+01	4.20000000e+01	5.80000000e+01
-404	7.09580000e+04	3.40000000e+01	4.20000000e+01	5.80000000e+01
-403	7.14950000e+04	3.40000000e+01	4.20000000e+01	5.80000000e+01
-402	7.20540000e+04	3.40000000e+01	4.20000000e+01	5.80000000e+01
-401	7.25700000e+04	3.40000000e+01	4.20000000e+01	5.80000000e+01
-400	7.31540000e+04	3.40000000e+01	4.20000000e+01	5.80000000e+01
-399	7.37320000e+04	3.40000000e+01	4.20000000e+01	5.80000000e+01
-398	7.43090000e+04	3.40000000e+01	4.20000000e+01	5.80000000e+01
-397	7.48930000e+04	3.30000000e+01	4.30000000e+01	6.00000000e+01
-396	7.55070000e+04	3.40000000e+01	4.40000000e+01	6.10000000e+01
-395	7.62410000e+04	3.70000000e+01	4.80000000e+01	6.50000000e+01
-394	7.68800000e+04	3.70000000e+01	4.90000000e+01	6.60000000e+01
-393	7.75210000e+04	3.70000000e+01	4.90000000e+01	6.60000000e+01
-392	7.81500000e+04	3.70000000e+01	4.90000000e+01	6.60000000e+01
-391	7.87980000e+04	3.70000000e+01	4.90000000e+01	6.60000000e+01
-390	7.93570000e+04	3.70000000e+01	4.90000000e+01	6.60000000e+01
-389	7.98520000e+04	3.70000000e+01	4.90000000e+01	6.60000000e+01
-388	8.04310000e+04	3.70000000e+01	4.90000000e+01	6.60000000e+01
-387	8.10810000e+04	3.70000000e+01	4.90000000e+01	6.60000000e+01
-386	8.17370000e+04	3.70000000e+01	4.90000000e+01	6.60000000e+01
-385	8.24040000e+04	3.70000000e+01	4.90000000e+01	6.60000000e+01
-384	8.29870000e+04	3.70000000e+01	4.90000000e+01	6.60000000e+01
-383	8.35050000e+04	3.70000000e+01	4.90000000e+01	6.60000000e+01
-382	8.40980000e+04	3.70000000e+01	4.90000000e+01	6.60000000e+01
-381	8.46910000e+04	3.70000000e+01	4.90000000e+01	6.60000000e+01
-380	8.52820000e+04	3.70000000e+01	4.90000000e+01	6.60000000e+01
-379	8.58070000e+04	3.70000000e+01	4.90000000e+01	6.60000000e+01
-378	8.63670000e+04	3.70000000e+01	4.90000000e+01	6.60000000e+01
-377	8.69440000e+04	3.80000000e+01	5.00000000e+01	6.70000000e+01
-376	8.74510000e+04	3.80000000e+01	5.00000000e+01	6.70000000e+01
-375	8.80760000e+04	3.80000000e+01	5.00000000e+01	6.70000000e+01
-374	8.86610000e+04	3.80000000e+01	5.00000000e+01	6.70000000e+01
-373	8.93320000e+04	3.80000000e+01	5.00000000e+01	6.70000000e+01
-372	8.99480000e+04	3.80000000e+01	5.00000000e+01	6.70000000e+01
-371	9.05170000e+04	3.80000000e+01	5.00000000e+01	6.70000000e+01
-370	9.10500000e+04	3.80000000e+01	5.00000000e+01	6.70000000e+01
-369	9.16540000e+04	3.80000000e+01	5.00000000e+01	6.70000000e+01
-368	9.22390000e+04	3.80000000e+01	5.00000000e+01	6.70000000e+01
-367	9.28940000e+04	3.80000000e+01	5.00000000e+01	6.70000000e+01
-366	9.35390000e+04	3.80000000e+01	5.00000000e+01	6.70000000e+01
-365	9.41920000e+04	3.90000000e+01	5.10000000e+01	7.00000000e+01
-364	9.47740000e+04	3.90000000e+01	5.10000000e+01	7.00000000e+01
-363	9.53930000e+04	3.90000000e+01	5.10000000e+01	7.00000000e+01
-362	9.59100000e+04	3.90000000e+01	5.10000000e+01	7.00000000e+01
-361	9.64790000e+04	3.90000000e+01	5.10000000e+01	7.00000000e+01
-360	9.71580000e+04	3.90000000e+01	5.10000000e+01	7.00000000e+01
-359	9.78300000e+04	3.90000000e+01	5.10000000e+01	7.00000000e+01
-358	9.84320000e+04	3.90000000e+01	5.10000000e+01	7.00000000e+01
-357	9.90400000e+04	4.00000000e+01	5.20000000e+01	7.20000000e+01
-356	9.96260000e+04	4.00000000e+01	5.20000000e+01	7.20000000e+01
-355	1.00124000e+05	4.00000000e+01	5.20000000e+01	7.20000000e+01
-354	1.00671000e+05	4.00000000e+01	5.20000000e+01	7.20000000e+01
-353	1.01247000e+05	4.00000000e+01	5.20000000e+01	7.20000000e+01
-352	1.01869000e+05	4.00000000e+01	5.20000000e+01	7.20000000e+01
-351	1.02494000e+05	4.00000000e+01	5.20000000e+01	7.20000000e+01
-350	1.02993000e+05	4.00000000e+01	5.20000000e+01	7.20000000e+01
-349	1.03573000e+05	4.20000000e+01	5.30000000e+01	7.30000000e+01
-348	1.04112000e+05	4.20000000e+01	5.30000000e+01	7.30000000e+01
-347	1.04666000e+05	4.20000000e+01	5.30000000e+01	7.30000000e+01
-346	1.05396000e+05	4.20000000e+01	5.30000000e+01	7.30000000e+01
-345	1.06024000e+05	4.20000000e+01	5.30000000e+01	7.30000000e+01
-344	1.06609000e+05	4.10000000e+01	5.40000000e+01	7.40000000e+01
-343	1.07260000e+05	4.10000000e+01	5.40000000e+01	7.40000000e+01
-342	1.07971000e+05	4.10000000e+01	5.40000000e+01	7.40000000e+01
-341	1.08591000e+05	4.10000000e+01	5.40000000e+01	7.40000000e+01
-340	1.09310000e+05	4.10000000e+01	5.40000000e+01	7.40000000e+01
-339	1.10176000e+05	4.10000000e+01	5.40000000e+01	7.40000000e+01
-338	1.10919000e+05	4.10000000e+01	5.40000000e+01	7.40000000e+01
-337	1.11655000e+05	4.10000000e+01	5.40000000e+01	7.40000000e+01
-336	1.12759000e+05	4.10000000e+01	5.40000000e+01	7.40000000e+01
-335	1.13633000e+05	4.10000000e+01	5.40000000e+01	7.40000000e+01
-334	1.14327000e+05	4.10000000e+01	5.40000000e+01	7.40000000e+01
-333	1.15052000e+05	4.10000000e+01	5.40000000e+01	7.40000000e+01
-332	1.15860000e+05	4.10000000e+01	5.40000000e+01	7.40000000e+01
-331	1.16635000e+05	4.10000000e+01	5.40000000e+01	7.40000000e+01
-330	1.17393000e+05	4.10000000e+01	5.40000000e+01	7.40000000e+01
-329	1.18196000e+05	4.10000000e+01	5.40000000e+01	7.40000000e+01
-328	1.19019000e+05	4.10000000e+01	5.40000000e+01	7.40000000e+01
-327	1.19748000e+05	4.10000000e+01	5.40000000e+01	7.40000000e+01
-326	1.20605000e+05	4.30000000e+01	5.50000000e+01	7.60000000e+01
-325	1.21541000e+05	4.30000000e+01	5.50000000e+01	7.60000000e+01
-324	1.22287000e+05	4.70000000e+01	5.70000000e+01	8.00000000e+01
-323	1.23056000e+05	4.70000000e+01	5.70000000e+01	8.00000000e+01
-322	1.24080000e+05	4.60000000e+01	5.80000000e+01	8.20000000e+01
-321	1.25012000e+05	4.60000000e+01	5.80000000e+01	8.20000000e+01
-320	1.25802000e+05	4.60000000e+01	5.80000000e+01	8.20000000e+01
-319	1.26725000e+05	4.80000000e+01	5.90000000e+01	8.30000000e+01
-318	1.27726000e+05	4.80000000e+01	5.90000000e+01	8.30000000e+01
-317	1.28704000e+05	4.80000000e+01	5.90000000e+01	8.30000000e+01
-316	1.29550000e+05	4.80000000e+01	5.90000000e+01	8.30000000e+01
-315	1.30344000e+05	4.80000000e+01	5.90000000e+01	8.30000000e+01
-314	1.31089000e+05	4.80000000e+01	5.90000000e+01	8.30000000e+01
-313	1.31810000e+05	4.80000000e+01	5.90000000e+01	8.30000000e+01
-312	1.32509000e+05	4.80000000e+01	5.90000000e+01	8.30000000e+01
-311	1.33381000e+05	4.80000000e+01	5.90000000e+01	8.30000000e+01
-310	1.34264000e+05	4.80000000e+01	5.90000000e+01	8.30000000e+01
-309	1.35037000e+05	4.80000000e+01	5.90000000e+01	8.30000000e+01
-308	1.35871000e+05	4.80000000e+01	5.90000000e+01	8.30000000e+01
-307	1.36661000e+05	4.80000000e+01	5.90000000e+01	8.30000000e+01
-306	1.37441000e+05	4.80000000e+01	5.90000000e+01	8.30000000e+01
-305	1.38436000e+05	4.80000000e+01	5.90000000e+01	8.30000000e+01
-304	1.39423000e+05	4.80000000e+01	5.90000000e+01	8.30000000e+01
-303	1.40263000e+05	4.80000000e+01	5.90000000e+01	8.30000000e+01
-302	1.41099000e+05	4.80000000e+01	5.90000000e+01	8.30000000e+01
-301	1.41889000e+05	4.80000000e+01	5.90000000e+01	8.30000000e+01
-300	1.42835000e+05	4.80000000e+01	5.90000000e+01	8.30000000e+01
-299	1.43703000e+05	4.80000000e+01	5.90000000e+01	8.30000000e+01
-298	1.44548000e+05	4.80000000e+01	5.90000000e+01	8.30000000e+01
-297	1.45606000e+05	4.80000000e+01	5.90000000e+01	8.30000000e+01
-296	1.46563000e+05	4.80000000e+01	5.90000000e+01	8.30000000e+01
-295	1.47350000e+05	4.80000000e+01	5.90000000e+01	8.30000000e+01
-294	1.48274000e+05	4.80000000e+01	5.90000000e+01	8.30000000e+01
-293	1.49142000e+05	4.80000000e+01	5.90000000e+01	8.30000000e+01
-292	1.49984000e+05	4.90000000e+01	6.00000000e+01	8.40000000e+01
-291	1.50805000e+05	4.90000000e+01	6.00000000e+01	8.40000000e+01
-290	1.51822000e+05	5.30000000e+01	6.20000000e+01	8.60000000e+01
-289	1.52731000e+05	5.30000000e+01	6.20000000e+01	8.60000000e+01
-288	1.53609000e+05	5.30000000e+01	6.20000000e+01	8.60000000e+01
-287	1.54540000e+05	5.30000000e+01	6.20000000e+01	8.60000000e+01
-286	1.55621000e+05	5.40000000e+01	6.40000000e+01	8.90000000e+01
-285	1.56571000e+05	5.40000000e+01	6.40000000e+01	8.90000000e+01
-284	1.57481000e+05	5.40000000e+01	6.40000000e+01	8.90000000e+01
-283	1.58454000e+05	5.40000000e+01	6.40000000e+01	8.90000000e+01
-282	1.59282000e+05	5.40000000e+01	6.40000000e+01	8.90000000e+01
-281	1.60268000e+05	5.60000000e+01	6.50000000e+01	9.00000000e+01
-280	1.61171000e+05	5.40000000e+01	6.70000000e+01	9.20000000e+01
-279	1.62118000e+05	5.40000000e+01	6.70000000e+01	9.20000000e+01
-278	1.63011000e+05	5.40000000e+01	6.70000000e+01	9.20000000e+01
-277	1.63966000e+05	5.40000000e+01	6.70000000e+01	9.20000000e+01
-276	1.64732000e+05	5.60000000e+01	6.80000000e+01	9.30000000e+01
-275	1.65484000e+05	5.60000000e+01	6.80000000e+01	9.30000000e+01
-274	1.66216000e+05	5.60000000e+01	6.90000000e+01	9.40000000e+01
-273	1.67020000e+05	5.60000000e+01	6.90000000e+01	9.40000000e+01
-272	1.68022000e+05	5.60000000e+01	6.90000000e+01	9.40000000e+01
-271	1.68844000e+05	5.60000000e+01	6.90000000e+01	9.40000000e+01
-270	1.69602000e+05	5.60000000e+01	6.90000000e+01	9.40000000e+01
-269	1.70451000e+05	5.60000000e+01	6.90000000e+01	9.40000000e+01
-268	1.71169000e+05	5.60000000e+01	6.90000000e+01	9.40000000e+01
-267	1.71169000e+05	5.60000000e+01	6.90000000e+01	9.40000000e+01
-266	1.71853000e+05	5.60000000e+01	6.90000000e+01	9.40000000e+01
-265	1.71853000e+05	5.60000000e+01	7.00000000e+01	9.50000000e+01
-264	1.71853000e+05	6.30000000e+01	7.10000000e+01	9.60000000e+01
-263	1.71853000e+05	6.30000000e+01	7.10000000e+01	9.60000000e+01
-262	1.72829000e+05	6.30000000e+01	7.10000000e+01	9.60000000e+01
-261	1.73809000e+05	6.30000000e+01	7.10000000e+01	9.60000000e+01
-260	1.74611000e+05	6.30000000e+01	7.10000000e+01	9.60000000e+01
-259	1.75405000e+05	6.30000000e+01	7.30000000e+01	9.80000000e+01
-258	1.76214000e+05	6.50000000e+01	7.60000000e+01	1.01000000e+02
-257	1.77084000e+05	6.50000000e+01	7.60000000e+01	1.01000000e+02
-256	1.78001000e+05	6.60000000e+01	7.70000000e+01	1.03000000e+02
-255	1.78755000e+05	6.60000000e+01	7.70000000e+01	1.03000000e+02
-254	1.79486000e+05	6.60000000e+01	7.70000000e+01	1.03000000e+02
-253	1.80187000e+05	7.00000000e+01	7.90000000e+01	1.05000000e+02
-252	1.80951000e+05	7.10000000e+01	8.10000000e+01	1.15000000e+02
-251	1.81772000e+05	7.10000000e+01	8.10000000e+01	1.15000000e+02
-250	1.82629000e+05	7.10000000e+01	8.10000000e+01	1.15000000e+02
-249	1.83523000e+05	6.90000000e+01	8.30000000e+01	1.22000000e+02
-248	1.84696000e+05	6.90000000e+01	8.30000000e+01	1.22000000e+02
-247	1.85531000e+05	6.90000000e+01	8.30000000e+01	1.22000000e+02
-246	1.85531000e+05	6.90000000e+01	8.30000000e+01	1.22000000e+02
-245	1.85531000e+05	6.90000000e+01	8.30000000e+01	1.22000000e+02
-244	1.85531000e+05	6.90000000e+01	8.30000000e+01	1.22000000e+02
-243	1.86218000e+05	6.90000000e+01	8.30000000e+01	1.22000000e+02
-242	1.86907000e+05	6.90000000e+01	8.30000000e+01	1.22000000e+02
-241	1.87668000e+05	6.90000000e+01	8.30000000e+01	1.22000000e+02
-240	1.88374000e+05	7.50000000e+01	8.40000000e+01	1.25000000e+02
-239	1.89086000e+05	7.50000000e+01	8.40000000e+01	1.25000000e+02
-238	1.89893000e+05	7.50000000e+01	8.40000000e+01	1.25000000e+02
-237	1.90714000e+05	7.50000000e+01	8.40000000e+01	1.25000000e+02
-236	1.91519000e+05	7.50000000e+01	8.40000000e+01	1.25000000e+02
-235	1.92334000e+05	7.50000000e+01	8.40000000e+01	1.25000000e+02
-234	1.93198000e+05	7.50000000e+01	8.40000000e+01	1.25000000e+02
-233	1.93967000e+05	7.30000000e+01	8.60000000e+01	1.27000000e+02
-232	1.94711000e+05	7.30000000e+01	8.60000000e+01	1.27000000e+02
-231	1.95466000e+05	8.00000000e+01	8.70000000e+01	1.28000000e+02
-230	1.96362000e+05	8.30000000e+01	9.20000000e+01	1.34000000e+02
-229	1.97129000e+05	8.10000000e+01	9.40000000e+01	1.36000000e+02
-228	1.98058000e+05	8.30000000e+01	9.60000000e+01	1.40000000e+02
-227	1.98915000e+05	8.30000000e+01	9.60000000e+01	1.40000000e+02
-226	1.99713000e+05	8.30000000e+01	9.60000000e+01	1.40000000e+02
-225	2.00595000e+05	8.30000000e+01	9.60000000e+01	1.40000000e+02
-224	2.01474000e+05	8.60000000e+01	9.70000000e+01	1.42000000e+02
-223	2.02387000e+05	8.60000000e+01	9.70000000e+01	1.42000000e+02
-222	2.03364000e+05	8.60000000e+01	9.70000000e+01	1.42000000e+02
-221	2.04167000e+05	8.60000000e+01	9.70000000e+01	1.42000000e+02
-220	2.05014000e+05	8.60000000e+01	9.70000000e+01	1.42000000e+02
-219	2.05765000e+05	8.40000000e+01	9.80000000e+01	1.43000000e+02
-218	2.06661000e+05	8.50000000e+01	9.90000000e+01	1.46000000e+02
-217	2.07461000e+05	8.70000000e+01	1.00000000e+02	1.47000000e+02
-216	2.08109000e+05	8.70000000e+01	1.00000000e+02	1.47000000e+02
-215	2.08841000e+05	8.70000000e+01	1.00000000e+02	1.47000000e+02
-214	2.08841000e+05	8.70000000e+01	1.00000000e+02	1.47000000e+02
-213	2.09571000e+05	9.10000000e+01	1.02000000e+02	1.55000000e+02
-212	2.10140000e+05	9.10000000e+01	1.02000000e+02	1.55000000e+02
-211	2.10796000e+05	9.70000000e+01	1.03000000e+02	1.56000000e+02
-210	2.11544000e+05	9.70000000e+01	1.04000000e+02	1.58000000e+02
-209	2.12184000e+05	9.70000000e+01	1.04000000e+02	1.58000000e+02
-208	2.12846000e+05	9.80000000e+01	1.05000000e+02	1.59000000e+02
-207	2.12846000e+05	9.80000000e+01	1.05000000e+02	1.59000000e+02
-206	2.13487000e+05	9.80000000e+01	1.05000000e+02	1.59000000e+02
-205	2.13987000e+05	9.80000000e+01	1.06000000e+02	1.60000000e+02
-204	2.14497000e+05	9.80000000e+01	1.06000000e+02	1.60000000e+02
-203	2.15077000e+05	1.03000000e+02	1.07000000e+02	1.61000000e+02
-202	2.15674000e+05	1.03000000e+02	1.07000000e+02	1.61000000e+02
-201	2.16333000e+05	9.30000000e+01	1.08000000e+02	1.62000000e+02
-200	2.16998000e+05	9.30000000e+01	1.08000000e+02	1.62000000e+02
-199	2.17642000e+05	9.30000000e+01	1.08000000e+02	1.62000000e+02
-198	2.18316000e+05	9.30000000e+01	1.08000000e+02	1.62000000e+02
-197	2.18870000e+05	9.30000000e+01	1.08000000e+02	1.62000000e+02
-196	2.19522000e+05	9.30000000e+01	1.08000000e+02	1.62000000e+02
-195	2.20182000e+05	9.30000000e+01	1.08000000e+02	1.62000000e+02
-194	2.20870000e+05	9.30000000e+01	1.08000000e+02	1.62000000e+02
-193	2.21582000e+05	9.30000000e+01	1.08000000e+02	1.62000000e+02
-192	2.22275000e+05	9.30000000e+01	1.08000000e+02	1.62000000e+02
-191	2.22905000e+05	9.30000000e+01	1.08000000e+02	1.62000000e+02
-190	2.23518000e+05	9.30000000e+01	1.08000000e+02	1.62000000e+02
-189	2.24087000e+05	9.30000000e+01	1.08000000e+02	1.62000000e+02
-188	2.24662000e+05	9.30000000e+01	1.08000000e+02	1.62000000e+02
-187	2.25311000e+05	9.30000000e+01	1.08000000e+02	1.62000000e+02
-186	2.25954000e+05	9.30000000e+01	1.08000000e+02	1.62000000e+02
-185	2.26544000e+05	9.30000000e+01	1.08000000e+02	1.62000000e+02
-184	2.27024000e+05	9.30000000e+01	1.08000000e+02	1.62000000e+02
-183	2.27600000e+05	9.30000000e+01	1.08000000e+02	1.62000000e+02
-182	2.28270000e+05	9.30000000e+01	1.08000000e+02	1.62000000e+02
-181	2.28897000e+05	9.30000000e+01	1.08000000e+02	1.62000000e+02
-180	2.29602000e+05	9.30000000e+01	1.08000000e+02	1.62000000e+02
-179	2.30317000e+05	9.80000000e+01	1.11000000e+02	1.69000000e+02
-178	2.31126000e+05	1.07000000e+02	1.12000000e+02	1.74000000e+02
-177	2.31916000e+05	1.07000000e+02	1.12000000e+02	1.74000000e+02
-176	2.32753000e+05	9.80000000e+01	1.13000000e+02	1.75000000e+02
-175	2.33548000e+05	9.80000000e+01	1.13000000e+02	1.75000000e+02
-174	2.34252000e+05	9.80000000e+01	1.13000000e+02	1.75000000e+02
-173	2.34943000e+05	9.90000000e+01	1.15000000e+02	1.77000000e+02
-172	2.35720000e+05	1.04000000e+02	1.16000000e+02	1.79000000e+02
-171	2.36572000e+05	1.13000000e+02	1.18000000e+02	1.84000000e+02
-170	2.37412000e+05	1.13000000e+02	1.18000000e+02	1.84000000e+02
-169	2.38426000e+05	1.13000000e+02	1.18000000e+02	1.84000000e+02
-168	2.39377000e+05	1.13000000e+02	1.18000000e+02	1.84000000e+02
-167	2.40354000e+05	1.13000000e+02	1.18000000e+02	1.84000000e+02
-166	2.41254000e+05	1.15000000e+02	1.19000000e+02	1.85000000e+02
-165	2.41959000e+05	1.15000000e+02	1.19000000e+02	1.85000000e+02
-164	2.42745000e+05	1.15000000e+02	1.19000000e+02	1.85000000e+02
-163	2.43433000e+05	1.13000000e+02	1.20000000e+02	1.88000000e+02
-162	2.44304000e+05	1.13000000e+02	1.20000000e+02	1.89000000e+02
-161	2.45091000e+05	1.13000000e+02	1.20000000e+02	1.89000000e+02
-160	2.45903000e+05	1.17000000e+02	1.21000000e+02	1.90000000e+02
-159	2.46800000e+05	1.15000000e+02	1.22000000e+02	1.91000000e+02
-158	2.47623000e+05	1.15000000e+02	1.22000000e+02	1.91000000e+02
-157	2.48481000e+05	1.15000000e+02	1.22000000e+02	1.91000000e+02
-156	2.49371000e+05	1.15000000e+02	1.22000000e+02	1.91000000e+02
-155	2.50110000e+05	1.15000000e+02	1.22000000e+02	1.91000000e+02
-154	2.50904000e+05	1.09000000e+02	1.23000000e+02	1.92000000e+02
-153	2.51883000e+05	1.09000000e+02	1.23000000e+02	1.92000000e+02
-152	2.52871000e+05	1.09000000e+02	1.23000000e+02	1.92000000e+02
-151	2.53794000e+05	1.09000000e+02	1.23000000e+02	1.92000000e+02
-150	2.54783000e+05	1.20000000e+02	1.24000000e+02	1.95000000e+02
-149	2.55720000e+05	1.20000000e+02	1.24000000e+02	1.95000000e+02
-148	2.56556000e+05	1.20000000e+02	1.24000000e+02	1.95000000e+02
-147	2.57379000e+05	1.20000000e+02	1.24000000e+02	1.95000000e+02
-146	2.58258000e+05	1.20000000e+02	1.24000000e+02	1.95000000e+02
-145	2.58258000e+05	1.13000000e+02	1.25000000e+02	1.96000000e+02
-144	2.58258000e+05	1.11000000e+02	1.26000000e+02	1.97000000e+02
-143	2.59230000e+05	1.11000000e+02	1.26000000e+02	1.97000000e+02
-142	2.60024000e+05	1.11000000e+02	1.26000000e+02	1.97000000e+02
-141	2.60806000e+05	1.11000000e+02	1.26000000e+02	1.97000000e+02
-140	2.61634000e+05	1.11000000e+02	1.26000000e+02	1.97000000e+02
-139	2.62445000e+05	1.11000000e+02	1.26000000e+02	1.97000000e+02
-138	2.63396000e+05	1.13000000e+02	1.27000000e+02	1.98000000e+02
-137	2.64388000e+05	1.12000000e+02	1.28000000e+02	1.99000000e+02
-136	2.65503000e+05	1.12000000e+02	1.28000000e+02	1.99000000e+02
-135	2.66505000e+05	1.11000000e+02	1.29000000e+02	2.00000000e+02
-134	2.67397000e+05	1.11000000e+02	1.29000000e+02	2.00000000e+02
-133	2.68400000e+05	1.12000000e+02	1.30000000e+02	2.02000000e+02
-132	2.69545000e+05	1.13000000e+02	1.31000000e+02	2.03000000e+02
-131	2.70702000e+05	1.13000000e+02	1.31000000e+02	2.03000000e+02
-130	2.71735000e+05	1.13000000e+02	1.31000000e+02	2.03000000e+02
-129	2.71735000e+05	1.13000000e+02	1.31000000e+02	2.03000000e+02
-128	2.72612000e+05	1.13000000e+02	1.31000000e+02	2.03000000e+02
-127	2.73384000e+05	1.13000000e+02	1.31000000e+02	2.03000000e+02
-126	2.74215000e+05	1.13000000e+02	1.31000000e+02	2.03000000e+02
-125	2.75097000e+05	1.21000000e+02	1.32000000e+02	2.06000000e+02
-124	2.76059000e+05	1.20000000e+02	1.33000000e+02	2.07000000e+02
-123	2.76921000e+05	1.20000000e+02	1.33000000e+02	2.07000000e+02
-122	2.77852000e+05	1.20000000e+02	1.33000000e+02	2.07000000e+02
-121	2.78700000e+05	1.22000000e+02	1.34000000e+02	2.08000000e+02
-120	2.79471000e+05	1.22000000e+02	1.34000000e+02	2.08000000e+02
-119	2.80206000e+05	1.22000000e+02	1.35000000e+02	2.09000000e+02
-118	2.80980000e+05	1.22000000e+02	1.35000000e+02	2.09000000e+02
-117	2.81859000e+05	1.29000000e+02	1.36000000e+02	2.12000000e+02
-116	2.82735000e+05	1.29000000e+02	1.36000000e+02	2.12000000e+02
-115	2.83648000e+05	1.29000000e+02	1.36000000e+02	2.12000000e+02
-114	2.83648000e+05	1.29000000e+02	1.36000000e+02	2.12000000e+02
-113	2.84379000e+05	1.30000000e+02	1.38000000e+02	2.15000000e+02
-112	2.85111000e+05	1.28000000e+02	1.39000000e+02	2.16000000e+02
-111	2.85941000e+05	1.28000000e+02	1.39000000e+02	2.16000000e+02
-110	2.86961000e+05	1.28000000e+02	1.39000000e+02	2.16000000e+02
-109	2.87989000e+05	1.28000000e+02	1.39000000e+02	2.16000000e+02
-108	2.88914000e+05	1.32000000e+02	1.40000000e+02	2.17000000e+02
-107	2.89786000e+05	1.34000000e+02	1.41000000e+02	2.22000000e+02
-106	2.90684000e+05	1.30000000e+02	1.43000000e+02	2.24000000e+02
-105	2.91609000e+05	1.30000000e+02	1.43000000e+02	2.24000000e+02
-104	2.92815000e+05	1.39000000e+02	1.45000000e+02	2.26000000e+02
-103	2.93972000e+05	1.39000000e+02	1.45000000e+02	2.26000000e+02
-102	2.95177000e+05	1.39000000e+02	1.45000000e+02	2.26000000e+02
-101	2.96387000e+05	1.39000000e+02	1.45000000e+02	2.26000000e+02
-100	2.97374000e+05	1.37000000e+02	1.46000000e+02	2.27000000e+02
-99	2.98486000e+05	1.37000000e+02	1.46000000e+02	2.27000000e+02
-98	2.99444000e+05	1.37000000e+02	1.46000000e+02	2.27000000e+02
-97	3.00410000e+05	1.34000000e+02	1.47000000e+02	2.28000000e+02
-96	3.01369000e+05	1.34000000e+02	1.47000000e+02	2.28000000e+02
-95	3.02187000e+05	1.34000000e+02	1.47000000e+02	2.28000000e+02
-94	3.03130000e+05	1.37000000e+02	1.48000000e+02	2.29000000e+02
-93	3.03975000e+05	1.39000000e+02	1.50000000e+02	2.32000000e+02
-92	3.04864000e+05	1.39000000e+02	1.50000000e+02	2.32000000e+02
-91	3.05813000e+05	1.39000000e+02	1.50000000e+02	2.32000000e+02
-90	3.06719000e+05	1.39000000e+02	1.50000000e+02	2.32000000e+02
-89	3.07677000e+05	1.44000000e+02	1.51000000e+02	2.33000000e+02
-88	3.08568000e+05	1.44000000e+02	1.51000000e+02	2.33000000e+02
-87	3.09403000e+05	1.44000000e+02	1.51000000e+02	2.33000000e+02
-86	3.10267000e+05	1.43000000e+02	1.52000000e+02	2.34000000e+02
-85	3.11202000e+05	1.43000000e+02	1.52000000e+02	2.34000000e+02
-84	3.12074000e+05	1.44000000e+02	1.54000000e+02	2.36000000e+02
-83	3.12957000e+05	1.40000000e+02	1.55000000e+02	2.37000000e+02
-82	3.13978000e+05	1.46000000e+02	1.56000000e+02	2.38000000e+02
-81	3.14924000e+05	1.47000000e+02	1.58000000e+02	2.40000000e+02
-80	3.16010000e+05	1.47000000e+02	1.60000000e+02	2.42000000e+02
-79	3.17153000e+05	1.47000000e+02	1.61000000e+02	2.44000000e+02
-78	3.18215000e+05	1.47000000e+02	1.61000000e+02	2.44000000e+02
-77	3.19406000e+05	1.47000000e+02	1.61000000e+02	2.44000000e+02
-76	3.20624000e+05	1.56000000e+02	1.64000000e+02	2.47000000e+02
-75	3.21752000e+05	1.56000000e+02	1.64000000e+02	2.47000000e+02
-74	3.22975000e+05	1.54000000e+02	1.65000000e+02	2.49000000e+02
-73	3.24148000e+05	1.54000000e+02	1.65000000e+02	2.49000000e+02
-72	3.25106000e+05	1.54000000e+02	1.65000000e+02	2.49000000e+02
-71	3.26139000e+05	1.51000000e+02	1.66000000e+02	2.50000000e+02
-70	3.27147000e+05	1.54000000e+02	1.68000000e+02	2.52000000e+02
-69	3.28224000e+05	1.54000000e+02	1.68000000e+02	2.52000000e+02
-68	3.29329000e+05	1.54000000e+02	1.68000000e+02	2.52000000e+02
-67	3.30412000e+05	1.54000000e+02	1.68000000e+02	2.52000000e+02
-66	3.31528000e+05	1.54000000e+02	1.68000000e+02	2.52000000e+02
-65	3.32906000e+05	1.58000000e+02	1.75000000e+02	2.61000000e+02
-64	3.34316000e+05	1.56000000e+02	1.78000000e+02	2.66000000e+02
-63	3.35909000e+05	1.63000000e+02	1.80000000e+02	2.71000000e+02
-62	3.38437000e+05	1.62000000e+02	1.86000000e+02	2.80000000e+02
-61	3.44211000e+05	1.69000000e+02	1.93000000e+02	2.89000000e+02
-60	3.49298000e+05	1.88000000e+02	2.05000000e+02	3.09000000e+02
-59	3.56200000e+05	1.98000000e+02	2.26000000e+02	3.42000000e+02
-58	3.63170000e+05	2.19000000e+02	2.53000000e+02	3.96000000e+02
-57	3.69346000e+05	2.34000000e+02	2.59000000e+02	4.02000000e+02
-56	3.75282000e+05	2.38000000e+02	2.69000000e+02	4.20000000e+02
-55	3.84438000e+05	2.56000000e+02	2.79000000e+02	4.42000000e+02
-54	4.00431000e+05	2.70000000e+02	3.07000000e+02	4.98000000e+02
-53	4.13371000e+05	2.85000000e+02	3.14000000e+02	5.07000000e+02
-52	4.27560000e+05	3.04000000e+02	3.22000000e+02	5.20000000e+02
-51	4.41016000e+05	3.06000000e+02	3.34000000e+02	5.33000000e+02
-50	4.52716000e+05	2.92000000e+02	3.39000000e+02	5.38000000e+02
-49	4.64151000e+05	2.98000000e+02	3.42000000e+02	5.41000000e+02
-48	4.74995000e+05	3.01000000e+02	3.47000000e+02	5.47000000e+02
-47	4.84351000e+05	3.17000000e+02	3.48000000e+02	5.49000000e+02
-46	4.92378000e+05	3.17000000e+02	3.48000000e+02	5.49000000e+02
-45	5.00390000e+05	3.08000000e+02	3.55000000e+02	5.57000000e+02
-44	5.07633000e+05	3.15000000e+02	3.59000000e+02	5.65000000e+02
-43	5.15751000e+05	3.13000000e+02	3.65000000e+02	5.72000000e+02
-42	5.23309000e+05	3.14000000e+02	3.68000000e+02	5.75000000e+02
-41	5.31583000e+05	3.28000000e+02	3.70000000e+02	5.79000000e+02
-40	5.39098000e+05	3.38000000e+02	3.75000000e+02	5.84000000e+02
-39	5.44661000e+05	3.39000000e+02	3.76000000e+02	5.88000000e+02
-38	5.50629000e+05	3.18000000e+02	3.78000000e+02	5.91000000e+02
-37	5.56549000e+05	3.30000000e+02	3.84000000e+02	5.97000000e+02
-36	5.62338000e+05	3.31000000e+02	3.89000000e+02	6.04000000e+02
-35	5.67166000e+05	3.30000000e+02	3.90000000e+02	6.06000000e+02
-34	5.72645000e+05	3.34000000e+02	3.96000000e+02	6.15000000e+02
-33	5.79607000e+05	3.37000000e+02	3.97000000e+02	6.16000000e+02
-32	5.85483000e+05	3.82000000e+02	4.07000000e+02	6.26000000e+02
-31	5.92036000e+05	3.38000000e+02	4.12000000e+02	6.33000000e+02
-30	5.97812000e+05	3.56000000e+02	4.14000000e+02	6.35000000e+02
-29	6.03193000e+05	3.56000000e+02	4.16000000e+02	6.39000000e+02
-28	6.09215000e+05	3.51000000e+02	4.19000000e+02	6.42000000e+02
-27	6.15238000e+05	3.51000000e+02	4.19000000e+02	6.42000000e+02
-26	6.21165000e+05	3.52000000e+02	4.20000000e+02	6.44000000e+02
-25	6.26308000e+05	3.80000000e+02	4.23000000e+02	6.48000000e+02
-24	6.32057000e+05	3.79000000e+02	4.27000000e+02	6.53000000e+02
-23	6.37534000e+05	3.74000000e+02	4.30000000e+02	6.56000000e+02
-22	6.42599000e+05	3.69000000e+02	4.36000000e+02	6.63000000e+02
-21	6.47429000e+05	3.90000000e+02	4.40000000e+02	6.69000000e+02
-20	6.51918000e+05	3.80000000e+02	4.45000000e+02	6.75000000e+02
-19	6.57011000e+05	3.97000000e+02	4.50000000e+02	6.82000000e+02
-18	6.61604000e+05	3.79000000e+02	4.51000000e+02	6.83000000e+02
-17	6.67500000e+05	3.92000000e+02	4.61000000e+02	7.08000000e+02
-16	6.72582000e+05	3.94000000e+02	4.64000000e+02	7.12000000e+02
-15	6.77909000e+05	3.88000000e+02	4.68000000e+02	7.20000000e+02
-14	6.83449000e+05	4.03000000e+02	4.73000000e+02	7.29000000e+02
-13	6.89740000e+05	4.03000000e+02	4.75000000e+02	7.31000000e+02
-12	6.95833000e+05	4.01000000e+02	4.77000000e+02	7.35000000e+02
-11	7.02222000e+05	4.01000000e+02	4.77000000e+02	7.35000000e+02
-10	7.08571000e+05	4.08000000e+02	4.80000000e+02	7.39000000e+02
-9	7.14223000e+05	4.05000000e+02	4.84000000e+02	7.44000000e+02
-8	7.20131000e+05	4.22000000e+02	4.87000000e+02	7.50000000e+02
-7	7.26676000e+05	3.96000000e+02	4.89000000e+02	7.52000000e+02
-6	7.31299000e+05	4.17000000e+02	4.95000000e+02	7.60000000e+02
-5	7.32834000e+05	4.36000000e+02	5.00000000e+02	7.68000000e+02
-4	7.33994000e+05	4.25000000e+02	5.03000000e+02	7.71000000e+02
-3	7.35895000e+05	4.29000000e+02	5.10000000e+02	7.78000000e+02
-2	7.39728000e+05	4.38000000e+02	5.23000000e+02	7.96000000e+02
-1	7.46273000e+05	4.59000000e+02	5.36000000e+02	8.17000000e+02
0	7.60546000e+05	4.71000000e+02	5.59000000e+02	8.58000000e+02
1	7.87946000e+05	5.34000000e+02	6.39000000e+02	9.58000000e+02
2	8.15486000e+05	4.90000000e+02	6.71000000e+02	1.00300000e+03
3	8.36507000e+05	4.90000000e+02	6.73000000e+02	1.00900000e+03
4	8.56863000e+05	4.91000000e+02	6.77000000e+02	1.01500000e+03
5	8.70311000e+05	4.93000000e+02	6.81000000e+02	1.01900000e+03
6	8.81710000e+05	5.03000000e+02	6.93000000e+02	1.03600000e+03
7	8.89796000e+05	5.06000000e+02	7.01000000e+02	1.05000000e+03
8	8.97003000e+05	5.12000000e+02	7.10000000e+02	1.05900000e+03
9	8.97003000e+05	5.20000000e+02	7.21000000e+02	1.07100000e+03
10	8.99661000e+05	5.22000000e+02	7.25000000e+02	1.07500000e+03
11	8.99661000e+05	5.28000000e+02	7.34000000e+02	1.08900000e+03
12	9.05277000e+05	5.33000000e+02	7.43000000e+02	1.09800000e+03
13	9.10163000e+05	5.33000000e+02	7.43000000e+02	1.09800000e+03
14	9.14883000e+05	5.40000000e+02	7.53000000e+02	1.11100000e+03
15	9.18990000e+05	5.40000000e+02	7.54000000e+02	1.11200000e+03
16	9.22579000e+05	5.41000000e+02	7.55000000e+02	1.11400000e+03
17	9.26093000e+05	5.41000000e+02	7.55000000e+02	1.11400000e+03
18	9.26093000e+05	5.42000000e+02	7.57000000e+02	1.11600000e+03
19	9.28738000e+05	5.43000000e+02	7.59000000e+02	1.11800000e+03
20	9.28738000e+05	5.45000000e+02	7.62000000e+02	1.12100000e+03
21	9.28738000e+05	5.46000000e+02	7.64000000e+02	1.12400000e+03
22	9.28738000e+05	5.46000000e+02	7.64000000e+02	1.12400000e+03
23	9.28738000e+05	5.46000000e+02	7.64000000e+02	1.12400000e+03
24	9.30877000e+05	5.47000000e+02	7.66000000e+02	1.12600000e+03
25	9.32680000e+05	5.47000000e+02	7.66000000e+02	1.12600000e+03
26	9.34380000e+05	5.48000000e+02	7.67000000e+02	1.12700000e+03
27	9.35909000e+05	5.49000000e+02	7.69000000e+02	1.12900000e+03
28	9.37425000e+05	5.49000000e+02	7.69000000e+02	1.12900000e+03
29	9.39126000e+05	5.51000000e+02	7.73000000e+02	1.13300000e+03
30	9.40983000e+05	5.51000000e+02	7.73000000e+02	1.13300000e+03
31	9.42721000e+05	5.53000000e+02	7.76000000e+02	1.13700000e+03
32	9.44156000e+05	5.53000000e+02	7.76000000e+02	1.13700000e+03
33	9.45528000e+05	5.53000000e+02	7.76000000e+02	1.13700000e+03
34	9.46841000e+05	5.55000000e+02	7.80000000e+02	1.14400000e+03
35	9.48490000e+05	5.55000000e+02	7.80000000e+02	1.14400000e+03
36	9.50667000e+05	5.57000000e+02	7.83000000e+02	1.14800000e+03
37	9.53028000e+05	5.58000000e+02	7.85000000e+02	1.15000000e+03
38	9.55544000e+05	5.58000000e+02	7.85000000e+02	1.15000000e+03
39	9.58152000e+05	5.58000000e+02	7.85000000e+02	1.15000000e+03
40	9.60340000e+05	5.58000000e+02	7.85000000e+02	1.15000000e+03
41	9.62635000e+05	5.58000000e+02	7.85000000e+02	1.15100000e+03
42	9.65005000e+05	5.61000000e+02	7.90000000e+02	1.15600000e+03
43	9.67363000e+05	5.62000000e+02	7.91000000e+02	1.15700000e+03
44	9.69949000e+05	5.64000000e+02	7.94000000e+02	1.16000000e+03
45	9.75403000e+05	5.64000000e+02	7.94000000e+02	1.16000000e+03
46	9.79488000e+05	5.64000000e+02	7.95000000e+02	1.16100000e+03
47	9.82491000e+05	5.64000000e+02	7.95000000e+02	1.16100000e+03
48	9.84970000e+05	5.65000000e+02	7.96000000e+02	1.16200000e+03
49	9.87294000e+05	5.65000000e+02	7.98000000e+02	1.16400000e+03
50	9.89378000e+05	5.65000000e+02	7.98000000e+02	1.16400000e+03
51	9.91570000e+05	5.65000000e+02	7.98000000e+02	1.16400000e+03
52	9.93847000e+05	5.65000000e+02	7.98000000e+02	1.16400000e+03
53	9.95928000e+05	5.65000000e+02	7.98000000e+02	1.16400000e+03
54	9.97704000e+05	5.65000000e+02	7.98000000e+02	1.16400000e+03
55	9.99327000e+05	5.65000000e+02	7.98000000e+02	1.16400000e+03
56	1.00080900e+06	5.65000000e+02	7.98000000e+02	1.16400000e+03
57	1.00247600e+06	5.65000000e+02	7.98000000e+02	1.16400000e+03
58	1.00415300e+06	5.66000000e+02	8.00000000e+02	1.16600000e+03
59	1.00594200e+06	5.67000000e+02	8.02000000e+02	1.17000000e+03
60	1.00766700e+06	5.67000000e+02	8.02000000e+02	1.17000000e+03
61	1.00952500e+06	5.68000000e+02	8.04000000e+02	1.17200000e+03
62	1.01120900e+06	5.68000000e+02	8.04000000e+02	1.17200000e+03
63	1.01274100e+06	5.68000000e+02	8.04000000e+02	1.17200000e+03
64	1.01437300e+06	5.68000000e+02	8.04000000e+02	1.17200000e+03
65	1.01608400e+06	5.68000000e+02	8.04000000e+02	1.17200000e+03
66	1.01779900e+06	5.69000000e+02	8.06000000e+02	1.17400000e+03
67	1.01935800e+06	5.69000000e+02	8.06000000e+02	1.17400000e+03
68	1.02088100e+06	5.69000000e+02	8.06000000e+02	1.17400000e+03
69	1.02230500e+06	5.69000000e+02	8.06000000e+02	1.17400000e+03
70	1.02371300e+06	5.69000000e+02	8.06000000e+02	1.17400000e+03
71	1.02502800e+06	5.69000000e+02	8.06000000e+02	1.17400000e+03
72	1.02652900e+06	5.71000000e+02	8.09000000e+02	1.17700000e+03
73	1.02796100e+06	5.71000000e+02	8.09000000e+02	1.17700000e+03
74	1.02935400e+06	5.71000000e+02	8.09000000e+02	1.17700000e+03
75	1.03069800e+06	5.71000000e+02	8.09000000e+02	1.17700000e+03
76	1.03195800e+06	5.72000000e+02	8.10000000e+02	1.17800000e+03
77	1.03312900e+06	5.72000000e+02	8.10000000e+02	1.17800000e+03
78	1.03445800e+06	5.72000000e+02	8.10000000e+02	1.17800000e+03
79	1.03581500e+06	5.72000000e+02	8.11000000e+02	1.17900000e+03
80	1.03723500e+06	5.72000000e+02	8.11000000e+02	1.17900000e+03
81	1.03860500e+06	5.73000000e+02	8.12000000e+02	1.18000000e+03
82	1.03994400e+06	5.73000000e+02	8.12000000e+02	1.18000000e+03
83	1.04129500e+06	5.73000000e+02	8.12000000e+02	1.18000000e+03
84	1.04257100e+06	5.73000000e+02	8.12000000e+02	1.18000000e+03
85	1.04373000e+06	5.73000000e+02	8.12000000e+02	1.18000000e+03
86	1.04497800e+06	5.73000000e+02	8.12000000e+02	1.18000000e+03
87	1.04671000e+06	5.73000000e+02	8.12000000e+02	1.18000000e+03
88	1.04812000e+06	5.73000000e+02	8.12000000e+02	1.18000000e+03
89	1.04934600e+06	5.73000000e+02	8.12000000e+02	1.18000000e+03
90	1.05061100e+06	5.73000000e+02	8.12000000e+02	1.18000000e+03
91	1.05179600e+06	5.74000000e+02	8.14000000e+02	1.18300000e+03
92	1.05296200e+06	5.74000000e+02	8.14000000e+02	1.18300000e+03
93	1.05431200e+06	5.75000000e+02	8.15000000e+02	1.18400000e+03
94	1.05570000e+06	5.75000000e+02	8.15000000e+02	1.18400000e+03
95	1.05697200e+06	5.75000000e+02	8.15000000e+02	1.18400000e+03
96	1.05813000e+06	5.75000000e+02	8.15000000e+02	1.18400000e+03
97	1.05920500e+06	5.75000000e+02	8.15000000e+02	1.18400000e+03
98	1.06033200e+06	5.75000000e+02	8.15000000e+02	1.18400000e+03
99	1.06150800e+06	5.75000000e+02	8.15000000e+02	1.18400000e+03
100	1.06273400e+06	5.75000000e+02	8.15000000e+02	1.18400000e+03
