Day_(movie_time)	Views	Users	Rigor	Edits
-500	0.00000000e+00	0.00000000e+00	0.00000000e+00	0.00000000e+00
-499	0.00000000e+00	0.00000000e+00	0.00000000e+00	0.00000000e+00
-498	0.00000000e+00	0.00000000e+00	0.00000000e+00	0.00000000e+00
-497	0.00000000e+00	0.00000000e+00	0.00000000e+00	0.00000000e+00
-496	0.00000000e+00	0.00000000e+00	0.00000000e+00	0.00000000e+00
-495	0.00000000e+00	0.00000000e+00	0.00000000e+00	0.00000000e+00
-494	0.00000000e+00	0.00000000e+00	0.00000000e+00	0.00000000e+00
-493	0.00000000e+00	0.00000000e+00	0.00000000e+00	0.00000000e+00
-492	0.00000000e+00	0.00000000e+00	0.00000000e+00	0.00000000e+00
-491	0.00000000e+00	0.00000000e+00	0.00000000e+00	0.00000000e+00
-490	0.00000000e+00	0.00000000e+00	0.00000000e+00	0.00000000e+00
-489	0.00000000e+00	0.00000000e+00	0.00000000e+00	0.00000000e+00
-488	0.00000000e+00	0.00000000e+00	0.00000000e+00	0.00000000e+00
-487	0.00000000e+00	0.00000000e+00	0.00000000e+00	0.00000000e+00
-486	0.00000000e+00	0.00000000e+00	0.00000000e+00	0.00000000e+00
-485	0.00000000e+00	0.00000000e+00	0.00000000e+00	0.00000000e+00
-484	0.00000000e+00	0.00000000e+00	0.00000000e+00	0.00000000e+00
-483	0.00000000e+00	0.00000000e+00	0.00000000e+00	0.00000000e+00
-482	0.00000000e+00	0.00000000e+00	0.00000000e+00	0.00000000e+00
-481	0.00000000e+00	0.00000000e+00	0.00000000e+00	0.00000000e+00
-480	0.00000000e+00	0.00000000e+00	0.00000000e+00	0.00000000e+00
-479	0.00000000e+00	0.00000000e+00	0.00000000e+00	0.00000000e+00
-478	0.00000000e+00	0.00000000e+00	0.00000000e+00	0.00000000e+00
-477	0.00000000e+00	0.00000000e+00	0.00000000e+00	0.00000000e+00
-476	0.00000000e+00	0.00000000e+00	0.00000000e+00	0.00000000e+00
-475	0.00000000e+00	0.00000000e+00	0.00000000e+00	0.00000000e+00
-474	0.00000000e+00	0.00000000e+00	0.00000000e+00	0.00000000e+00
-473	0.00000000e+00	0.00000000e+00	0.00000000e+00	0.00000000e+00
-472	0.00000000e+00	0.00000000e+00	0.00000000e+00	0.00000000e+00
-471	0.00000000e+00	0.00000000e+00	0.00000000e+00	0.00000000e+00
-470	0.00000000e+00	0.00000000e+00	0.00000000e+00	0.00000000e+00
-469	0.00000000e+00	0.00000000e+00	0.00000000e+00	0.00000000e+00
-468	0.00000000e+00	0.00000000e+00	0.00000000e+00	0.00000000e+00
-467	0.00000000e+00	0.00000000e+00	0.00000000e+00	0.00000000e+00
-466	0.00000000e+00	0.00000000e+00	0.00000000e+00	0.00000000e+00
-465	0.00000000e+00	0.00000000e+00	0.00000000e+00	0.00000000e+00
-464	0.00000000e+00	0.00000000e+00	0.00000000e+00	0.00000000e+00
-463	0.00000000e+00	0.00000000e+00	0.00000000e+00	0.00000000e+00
-462	0.00000000e+00	0.00000000e+00	0.00000000e+00	0.00000000e+00
-461	0.00000000e+00	0.00000000e+00	0.00000000e+00	0.00000000e+00
-460	0.00000000e+00	0.00000000e+00	0.00000000e+00	0.00000000e+00
-459	0.00000000e+00	0.00000000e+00	0.00000000e+00	0.00000000e+00
-458	0.00000000e+00	0.00000000e+00	0.00000000e+00	0.00000000e+00
-457	0.00000000e+00	0.00000000e+00	0.00000000e+00	0.00000000e+00
-456	0.00000000e+00	0.00000000e+00	0.00000000e+00	0.00000000e+00
-455	0.00000000e+00	0.00000000e+00	0.00000000e+00	0.00000000e+00
-454	0.00000000e+00	0.00000000e+00	0.00000000e+00	0.00000000e+00
-453	0.00000000e+00	0.00000000e+00	0.00000000e+00	0.00000000e+00
-452	0.00000000e+00	0.00000000e+00	0.00000000e+00	0.00000000e+00
-451	0.00000000e+00	0.00000000e+00	0.00000000e+00	0.00000000e+00
-450	0.00000000e+00	0.00000000e+00	0.00000000e+00	0.00000000e+00
-449	0.00000000e+00	0.00000000e+00	0.00000000e+00	0.00000000e+00
-448	0.00000000e+00	0.00000000e+00	0.00000000e+00	0.00000000e+00
-447	0.00000000e+00	0.00000000e+00	0.00000000e+00	0.00000000e+00
-446	0.00000000e+00	0.00000000e+00	0.00000000e+00	0.00000000e+00
-445	0.00000000e+00	0.00000000e+00	0.00000000e+00	0.00000000e+00
-444	0.00000000e+00	0.00000000e+00	0.00000000e+00	0.00000000e+00
-443	0.00000000e+00	0.00000000e+00	0.00000000e+00	0.00000000e+00
-442	0.00000000e+00	0.00000000e+00	0.00000000e+00	0.00000000e+00
-441	0.00000000e+00	0.00000000e+00	0.00000000e+00	0.00000000e+00
-440	0.00000000e+00	0.00000000e+00	0.00000000e+00	0.00000000e+00
-439	0.00000000e+00	0.00000000e+00	0.00000000e+00	0.00000000e+00
-438	0.00000000e+00	0.00000000e+00	0.00000000e+00	0.00000000e+00
-437	0.00000000e+00	0.00000000e+00	0.00000000e+00	0.00000000e+00
-436	0.00000000e+00	0.00000000e+00	0.00000000e+00	0.00000000e+00
-435	0.00000000e+00	0.00000000e+00	0.00000000e+00	0.00000000e+00
-434	0.00000000e+00	0.00000000e+00	0.00000000e+00	0.00000000e+00
-433	0.00000000e+00	0.00000000e+00	0.00000000e+00	0.00000000e+00
-432	0.00000000e+00	0.00000000e+00	0.00000000e+00	0.00000000e+00
-431	0.00000000e+00	0.00000000e+00	0.00000000e+00	0.00000000e+00
-430	0.00000000e+00	0.00000000e+00	0.00000000e+00	0.00000000e+00
-429	0.00000000e+00	0.00000000e+00	0.00000000e+00	0.00000000e+00
-428	0.00000000e+00	0.00000000e+00	0.00000000e+00	0.00000000e+00
-427	0.00000000e+00	0.00000000e+00	0.00000000e+00	0.00000000e+00
-426	0.00000000e+00	0.00000000e+00	0.00000000e+00	0.00000000e+00
-425	0.00000000e+00	0.00000000e+00	0.00000000e+00	0.00000000e+00
-424	0.00000000e+00	0.00000000e+00	0.00000000e+00	0.00000000e+00
-423	0.00000000e+00	0.00000000e+00	0.00000000e+00	0.00000000e+00
-422	0.00000000e+00	0.00000000e+00	0.00000000e+00	0.00000000e+00
-421	0.00000000e+00	0.00000000e+00	0.00000000e+00	0.00000000e+00
-420	0.00000000e+00	0.00000000e+00	0.00000000e+00	0.00000000e+00
-419	0.00000000e+00	0.00000000e+00	0.00000000e+00	0.00000000e+00
-418	0.00000000e+00	0.00000000e+00	0.00000000e+00	0.00000000e+00
-417	0.00000000e+00	0.00000000e+00	0.00000000e+00	0.00000000e+00
-416	0.00000000e+00	0.00000000e+00	0.00000000e+00	0.00000000e+00
-415	0.00000000e+00	0.00000000e+00	0.00000000e+00	0.00000000e+00
-414	0.00000000e+00	0.00000000e+00	0.00000000e+00	0.00000000e+00
-413	0.00000000e+00	0.00000000e+00	0.00000000e+00	0.00000000e+00
-412	0.00000000e+00	0.00000000e+00	0.00000000e+00	0.00000000e+00
-411	0.00000000e+00	0.00000000e+00	0.00000000e+00	0.00000000e+00
-410	0.00000000e+00	0.00000000e+00	0.00000000e+00	0.00000000e+00
-409	0.00000000e+00	0.00000000e+00	0.00000000e+00	0.00000000e+00
-408	0.00000000e+00	0.00000000e+00	0.00000000e+00	0.00000000e+00
-407	0.00000000e+00	0.00000000e+00	0.00000000e+00	0.00000000e+00
-406	0.00000000e+00	0.00000000e+00	0.00000000e+00	0.00000000e+00
-405	0.00000000e+00	0.00000000e+00	0.00000000e+00	0.00000000e+00
-404	0.00000000e+00	0.00000000e+00	0.00000000e+00	0.00000000e+00
-403	0.00000000e+00	0.00000000e+00	0.00000000e+00	0.00000000e+00
-402	0.00000000e+00	0.00000000e+00	0.00000000e+00	0.00000000e+00
-401	0.00000000e+00	0.00000000e+00	0.00000000e+00	0.00000000e+00
-400	0.00000000e+00	0.00000000e+00	0.00000000e+00	0.00000000e+00
-399	0.00000000e+00	0.00000000e+00	0.00000000e+00	0.00000000e+00
-398	0.00000000e+00	0.00000000e+00	0.00000000e+00	0.00000000e+00
-397	0.00000000e+00	0.00000000e+00	0.00000000e+00	0.00000000e+00
-396	0.00000000e+00	0.00000000e+00	0.00000000e+00	0.00000000e+00
-395	0.00000000e+00	0.00000000e+00	0.00000000e+00	0.00000000e+00
-394	0.00000000e+00	0.00000000e+00	0.00000000e+00	0.00000000e+00
-393	0.00000000e+00	0.00000000e+00	0.00000000e+00	0.00000000e+00
-392	0.00000000e+00	0.00000000e+00	0.00000000e+00	0.00000000e+00
-391	0.00000000e+00	0.00000000e+00	0.00000000e+00	0.00000000e+00
-390	0.00000000e+00	0.00000000e+00	0.00000000e+00	0.00000000e+00
-389	0.00000000e+00	0.00000000e+00	0.00000000e+00	0.00000000e+00
-388	0.00000000e+00	0.00000000e+00	0.00000000e+00	0.00000000e+00
-387	0.00000000e+00	0.00000000e+00	0.00000000e+00	0.00000000e+00
-386	0.00000000e+00	0.00000000e+00	0.00000000e+00	0.00000000e+00
-385	0.00000000e+00	0.00000000e+00	0.00000000e+00	0.00000000e+00
-384	0.00000000e+00	0.00000000e+00	0.00000000e+00	0.00000000e+00
-383	0.00000000e+00	0.00000000e+00	0.00000000e+00	0.00000000e+00
-382	0.00000000e+00	0.00000000e+00	0.00000000e+00	0.00000000e+00
-381	0.00000000e+00	0.00000000e+00	0.00000000e+00	0.00000000e+00
-380	0.00000000e+00	0.00000000e+00	0.00000000e+00	0.00000000e+00
-379	0.00000000e+00	0.00000000e+00	0.00000000e+00	0.00000000e+00
-378	0.00000000e+00	0.00000000e+00	0.00000000e+00	0.00000000e+00
-377	0.00000000e+00	0.00000000e+00	0.00000000e+00	0.00000000e+00
-376	0.00000000e+00	0.00000000e+00	0.00000000e+00	0.00000000e+00
-375	0.00000000e+00	0.00000000e+00	0.00000000e+00	0.00000000e+00
-374	0.00000000e+00	0.00000000e+00	0.00000000e+00	0.00000000e+00
-373	0.00000000e+00	0.00000000e+00	0.00000000e+00	0.00000000e+00
-372	0.00000000e+00	0.00000000e+00	0.00000000e+00	0.00000000e+00
-371	0.00000000e+00	0.00000000e+00	0.00000000e+00	0.00000000e+00
-370	0.00000000e+00	0.00000000e+00	0.00000000e+00	0.00000000e+00
-369	0.00000000e+00	0.00000000e+00	0.00000000e+00	0.00000000e+00
-368	0.00000000e+00	0.00000000e+00	0.00000000e+00	0.00000000e+00
-367	0.00000000e+00	0.00000000e+00	0.00000000e+00	0.00000000e+00
-366	0.00000000e+00	0.00000000e+00	0.00000000e+00	0.00000000e+00
-365	0.00000000e+00	0.00000000e+00	0.00000000e+00	0.00000000e+00
-364	0.00000000e+00	0.00000000e+00	0.00000000e+00	0.00000000e+00
-363	0.00000000e+00	0.00000000e+00	0.00000000e+00	0.00000000e+00
-362	0.00000000e+00	0.00000000e+00	0.00000000e+00	0.00000000e+00
-361	0.00000000e+00	0.00000000e+00	0.00000000e+00	0.00000000e+00
-360	0.00000000e+00	0.00000000e+00	0.00000000e+00	0.00000000e+00
-359	0.00000000e+00	0.00000000e+00	0.00000000e+00	0.00000000e+00
-358	0.00000000e+00	0.00000000e+00	0.00000000e+00	0.00000000e+00
-357	0.00000000e+00	0.00000000e+00	0.00000000e+00	0.00000000e+00
-356	0.00000000e+00	0.00000000e+00	0.00000000e+00	0.00000000e+00
-355	0.00000000e+00	0.00000000e+00	0.00000000e+00	0.00000000e+00
-354	0.00000000e+00	0.00000000e+00	0.00000000e+00	0.00000000e+00
-353	0.00000000e+00	0.00000000e+00	0.00000000e+00	0.00000000e+00
-352	0.00000000e+00	0.00000000e+00	0.00000000e+00	0.00000000e+00
-351	0.00000000e+00	0.00000000e+00	0.00000000e+00	0.00000000e+00
-350	0.00000000e+00	0.00000000e+00	0.00000000e+00	0.00000000e+00
-349	0.00000000e+00	0.00000000e+00	0.00000000e+00	0.00000000e+00
-348	0.00000000e+00	0.00000000e+00	0.00000000e+00	0.00000000e+00
-347	0.00000000e+00	0.00000000e+00	0.00000000e+00	0.00000000e+00
-346	0.00000000e+00	0.00000000e+00	0.00000000e+00	0.00000000e+00
-345	0.00000000e+00	0.00000000e+00	0.00000000e+00	0.00000000e+00
-344	0.00000000e+00	0.00000000e+00	0.00000000e+00	0.00000000e+00
-343	0.00000000e+00	0.00000000e+00	0.00000000e+00	0.00000000e+00
-342	0.00000000e+00	0.00000000e+00	0.00000000e+00	0.00000000e+00
-341	0.00000000e+00	0.00000000e+00	0.00000000e+00	0.00000000e+00
-340	0.00000000e+00	0.00000000e+00	0.00000000e+00	0.00000000e+00
-339	2.60000000e+01	0.00000000e+00	0.00000000e+00	0.00000000e+00
-338	4.80000000e+01	0.00000000e+00	0.00000000e+00	0.00000000e+00
-337	6.40000000e+01	0.00000000e+00	0.00000000e+00	0.00000000e+00
-336	8.20000000e+01	0.00000000e+00	0.00000000e+00	0.00000000e+00
-335	9.50000000e+01	0.00000000e+00	0.00000000e+00	0.00000000e+00
-334	1.09000000e+02	0.00000000e+00	0.00000000e+00	0.00000000e+00
-333	1.27000000e+02	0.00000000e+00	0.00000000e+00	0.00000000e+00
-332	1.52000000e+02	0.00000000e+00	0.00000000e+00	0.00000000e+00
-331	1.73000000e+02	0.00000000e+00	0.00000000e+00	0.00000000e+00
-330	2.02000000e+02	0.00000000e+00	0.00000000e+00	0.00000000e+00
-329	2.21000000e+02	0.00000000e+00	0.00000000e+00	0.00000000e+00
-328	2.40000000e+02	0.00000000e+00	0.00000000e+00	0.00000000e+00
-327	2.60000000e+02	0.00000000e+00	0.00000000e+00	0.00000000e+00
-326	2.84000000e+02	0.00000000e+00	0.00000000e+00	0.00000000e+00
-325	3.16000000e+02	0.00000000e+00	0.00000000e+00	0.00000000e+00
-324	3.28000000e+02	0.00000000e+00	0.00000000e+00	0.00000000e+00
-323	3.42000000e+02	0.00000000e+00	0.00000000e+00	0.00000000e+00
-322	3.60000000e+02	0.00000000e+00	0.00000000e+00	0.00000000e+00
-321	3.80000000e+02	0.00000000e+00	0.00000000e+00	0.00000000e+00
-320	4.06000000e+02	0.00000000e+00	0.00000000e+00	0.00000000e+00
-319	4.20000000e+02	0.00000000e+00	0.00000000e+00	0.00000000e+00
-318	4.43000000e+02	0.00000000e+00	0.00000000e+00	0.00000000e+00
-317	4.62000000e+02	0.00000000e+00	0.00000000e+00	0.00000000e+00
-316	4.81000000e+02	0.00000000e+00	0.00000000e+00	0.00000000e+00
-315	4.94000000e+02	0.00000000e+00	0.00000000e+00	0.00000000e+00
-314	5.08000000e+02	0.00000000e+00	0.00000000e+00	0.00000000e+00
-313	5.19000000e+02	0.00000000e+00	0.00000000e+00	0.00000000e+00
-312	5.37000000e+02	0.00000000e+00	0.00000000e+00	0.00000000e+00
-311	5.52000000e+02	0.00000000e+00	0.00000000e+00	0.00000000e+00
-310	5.66000000e+02	0.00000000e+00	0.00000000e+00	0.00000000e+00
-309	5.86000000e+02	0.00000000e+00	0.00000000e+00	0.00000000e+00
-308	6.04000000e+02	0.00000000e+00	0.00000000e+00	0.00000000e+00
-307	6.20000000e+02	0.00000000e+00	0.00000000e+00	0.00000000e+00
-306	6.39000000e+02	0.00000000e+00	0.00000000e+00	0.00000000e+00
-305	6.55000000e+02	0.00000000e+00	0.00000000e+00	0.00000000e+00
-304	6.87000000e+02	0.00000000e+00	0.00000000e+00	0.00000000e+00
-303	7.07000000e+02	0.00000000e+00	0.00000000e+00	0.00000000e+00
-302	7.33000000e+02	0.00000000e+00	0.00000000e+00	0.00000000e+00
-301	7.53000000e+02	0.00000000e+00	0.00000000e+00	0.00000000e+00
-300	7.71000000e+02	0.00000000e+00	0.00000000e+00	0.00000000e+00
-299	7.93000000e+02	0.00000000e+00	0.00000000e+00	0.00000000e+00
-298	8.11000000e+02	0.00000000e+00	0.00000000e+00	0.00000000e+00
-297	8.37000000e+02	0.00000000e+00	0.00000000e+00	0.00000000e+00
-296	8.57000000e+02	0.00000000e+00	0.00000000e+00	0.00000000e+00
-295	8.78000000e+02	0.00000000e+00	0.00000000e+00	0.00000000e+00
-294	8.97000000e+02	0.00000000e+00	0.00000000e+00	0.00000000e+00
-293	9.13000000e+02	0.00000000e+00	0.00000000e+00	0.00000000e+00
-292	9.32000000e+02	0.00000000e+00	0.00000000e+00	0.00000000e+00
-291	9.50000000e+02	0.00000000e+00	0.00000000e+00	0.00000000e+00
-290	9.66000000e+02	0.00000000e+00	0.00000000e+00	0.00000000e+00
-289	9.87000000e+02	0.00000000e+00	0.00000000e+00	0.00000000e+00
-288	1.01100000e+03	0.00000000e+00	0.00000000e+00	0.00000000e+00
-287	1.02500000e+03	0.00000000e+00	0.00000000e+00	0.00000000e+00
-286	1.04400000e+03	0.00000000e+00	0.00000000e+00	0.00000000e+00
-285	1.06400000e+03	0.00000000e+00	0.00000000e+00	0.00000000e+00
-284	1.08800000e+03	0.00000000e+00	0.00000000e+00	0.00000000e+00
-283	1.11600000e+03	0.00000000e+00	0.00000000e+00	0.00000000e+00
-282	1.13000000e+03	0.00000000e+00	0.00000000e+00	0.00000000e+00
-281	1.15400000e+03	0.00000000e+00	0.00000000e+00	0.00000000e+00
-280	1.16700000e+03	0.00000000e+00	0.00000000e+00	0.00000000e+00
-279	1.18300000e+03	0.00000000e+00	0.00000000e+00	0.00000000e+00
-278	1.21100000e+03	0.00000000e+00	0.00000000e+00	0.00000000e+00
-277	1.22900000e+03	0.00000000e+00	0.00000000e+00	0.00000000e+00
-276	1.24700000e+03	0.00000000e+00	0.00000000e+00	0.00000000e+00
-275	1.26000000e+03	0.00000000e+00	0.00000000e+00	0.00000000e+00
-274	1.28000000e+03	0.00000000e+00	0.00000000e+00	0.00000000e+00
-273	1.29800000e+03	0.00000000e+00	0.00000000e+00	0.00000000e+00
-272	1.31200000e+03	0.00000000e+00	0.00000000e+00	0.00000000e+00
-271	1.32300000e+03	0.00000000e+00	0.00000000e+00	0.00000000e+00
-270	1.34400000e+03	0.00000000e+00	0.00000000e+00	0.00000000e+00
-269	1.36400000e+03	0.00000000e+00	0.00000000e+00	0.00000000e+00
-268	1.38200000e+03	0.00000000e+00	0.00000000e+00	0.00000000e+00
-267	1.39700000e+03	0.00000000e+00	0.00000000e+00	0.00000000e+00
-266	1.40300000e+03	0.00000000e+00	0.00000000e+00	0.00000000e+00
-265	1.41800000e+03	0.00000000e+00	0.00000000e+00	0.00000000e+00
-264	1.43700000e+03	0.00000000e+00	0.00000000e+00	0.00000000e+00
-263	1.45200000e+03	0.00000000e+00	0.00000000e+00	0.00000000e+00
-262	1.46300000e+03	0.00000000e+00	0.00000000e+00	0.00000000e+00
-261	1.48100000e+03	0.00000000e+00	0.00000000e+00	0.00000000e+00
-260	1.49600000e+03	0.00000000e+00	0.00000000e+00	0.00000000e+00
-259	1.51900000e+03	0.00000000e+00	0.00000000e+00	0.00000000e+00
-258	1.53600000e+03	0.00000000e+00	0.00000000e+00	0.00000000e+00
-257	1.54400000e+03	0.00000000e+00	0.00000000e+00	0.00000000e+00
-256	1.55600000e+03	0.00000000e+00	0.00000000e+00	0.00000000e+00
-255	1.57200000e+03	0.00000000e+00	0.00000000e+00	0.00000000e+00
-254	1.58400000e+03	0.00000000e+00	0.00000000e+00	0.00000000e+00
-253	1.60000000e+03	0.00000000e+00	0.00000000e+00	0.00000000e+00
-252	1.61000000e+03	0.00000000e+00	0.00000000e+00	0.00000000e+00
-251	1.61900000e+03	0.00000000e+00	0.00000000e+00	0.00000000e+00
-250	1.62600000e+03	0.00000000e+00	0.00000000e+00	0.00000000e+00
-249	1.64600000e+03	0.00000000e+00	0.00000000e+00	0.00000000e+00
-248	1.66300000e+03	0.00000000e+00	0.00000000e+00	0.00000000e+00
-247	1.68100000e+03	0.00000000e+00	0.00000000e+00	0.00000000e+00
-246	1.69200000e+03	0.00000000e+00	0.00000000e+00	0.00000000e+00
-245	1.70600000e+03	0.00000000e+00	0.00000000e+00	0.00000000e+00
-244	1.71400000e+03	0.00000000e+00	0.00000000e+00	0.00000000e+00
-243	1.72800000e+03	0.00000000e+00	0.00000000e+00	0.00000000e+00
-242	1.74000000e+03	0.00000000e+00	0.00000000e+00	0.00000000e+00
-241	1.75200000e+03	0.00000000e+00	0.00000000e+00	0.00000000e+00
-240	1.76200000e+03	0.00000000e+00	0.00000000e+00	0.00000000e+00
-239	1.76200000e+03	0.00000000e+00	0.00000000e+00	0.00000000e+00
-238	1.77100000e+03	0.00000000e+00	0.00000000e+00	0.00000000e+00
-237	1.77100000e+03	0.00000000e+00	0.00000000e+00	0.00000000e+00
-236	1.77100000e+03	0.00000000e+00	0.00000000e+00	0.00000000e+00
-235	1.77100000e+03	0.00000000e+00	0.00000000e+00	0.00000000e+00
-234	1.78200000e+03	0.00000000e+00	0.00000000e+00	0.00000000e+00
-233	1.79100000e+03	0.00000000e+00	0.00000000e+00	0.00000000e+00
-232	1.80200000e+03	0.00000000e+00	0.00000000e+00	0.00000000e+00
-231	1.81200000e+03	0.00000000e+00	0.00000000e+00	0.00000000e+00
-230	1.83700000e+03	0.00000000e+00	0.00000000e+00	0.00000000e+00
-229	1.86900000e+03	0.00000000e+00	0.00000000e+00	0.00000000e+00
-228	1.89200000e+03	0.00000000e+00	0.00000000e+00	0.00000000e+00
-227	1.91000000e+03	0.00000000e+00	0.00000000e+00	0.00000000e+00
-226	1.92600000e+03	0.00000000e+00	0.00000000e+00	0.00000000e+00
-225	1.94000000e+03	0.00000000e+00	0.00000000e+00	0.00000000e+00
-224	1.95100000e+03	0.00000000e+00	0.00000000e+00	0.00000000e+00
-223	1.95800000e+03	0.00000000e+00	0.00000000e+00	0.00000000e+00
-222	1.97700000e+03	0.00000000e+00	0.00000000e+00	0.00000000e+00
-221	1.99200000e+03	0.00000000e+00	0.00000000e+00	0.00000000e+00
-220	2.01600000e+03	0.00000000e+00	0.00000000e+00	0.00000000e+00
-219	2.02900000e+03	0.00000000e+00	0.00000000e+00	0.00000000e+00
-218	2.02900000e+03	0.00000000e+00	0.00000000e+00	0.00000000e+00
-217	2.02900000e+03	0.00000000e+00	0.00000000e+00	0.00000000e+00
-216	2.02900000e+03	0.00000000e+00	0.00000000e+00	0.00000000e+00
-215	2.04100000e+03	0.00000000e+00	0.00000000e+00	0.00000000e+00
-214	2.05700000e+03	0.00000000e+00	0.00000000e+00	0.00000000e+00
-213	2.06700000e+03	0.00000000e+00	0.00000000e+00	0.00000000e+00
-212	2.09000000e+03	0.00000000e+00	0.00000000e+00	0.00000000e+00
-211	2.10900000e+03	0.00000000e+00	0.00000000e+00	0.00000000e+00
-210	2.11800000e+03	0.00000000e+00	0.00000000e+00	0.00000000e+00
-209	2.12600000e+03	0.00000000e+00	0.00000000e+00	0.00000000e+00
-208	2.13600000e+03	0.00000000e+00	0.00000000e+00	0.00000000e+00
-207	2.14600000e+03	0.00000000e+00	0.00000000e+00	0.00000000e+00
-206	2.16400000e+03	0.00000000e+00	0.00000000e+00	0.00000000e+00
-205	2.18900000e+03	0.00000000e+00	0.00000000e+00	0.00000000e+00
-204	2.20000000e+03	0.00000000e+00	0.00000000e+00	0.00000000e+00
-203	2.21100000e+03	0.00000000e+00	0.00000000e+00	0.00000000e+00
-202	2.22800000e+03	0.00000000e+00	0.00000000e+00	0.00000000e+00
-201	2.24700000e+03	0.00000000e+00	0.00000000e+00	0.00000000e+00
-200	2.25400000e+03	0.00000000e+00	0.00000000e+00	0.00000000e+00
-199	2.26700000e+03	0.00000000e+00	0.00000000e+00	0.00000000e+00
-198	2.28000000e+03	0.00000000e+00	0.00000000e+00	0.00000000e+00
-197	2.28700000e+03	0.00000000e+00	0.00000000e+00	0.00000000e+00
-196	2.29400000e+03	0.00000000e+00	0.00000000e+00	0.00000000e+00
-195	2.30800000e+03	0.00000000e+00	0.00000000e+00	0.00000000e+00
-194	2.31900000e+03	0.00000000e+00	0.00000000e+00	0.00000000e+00
-193	2.33200000e+03	0.00000000e+00	0.00000000e+00	0.00000000e+00
-192	2.34200000e+03	0.00000000e+00	0.00000000e+00	0.00000000e+00
-191	2.35600000e+03	0.00000000e+00	0.00000000e+00	0.00000000e+00
-190	2.37800000e+03	0.00000000e+00	0.00000000e+00	0.00000000e+00
-189	2.38800000e+03	0.00000000e+00	0.00000000e+00	0.00000000e+00
-188	2.39200000e+03	0.00000000e+00	0.00000000e+00	0.00000000e+00
-187	2.39200000e+03	0.00000000e+00	0.00000000e+00	0.00000000e+00
-186	2.39200000e+03	0.00000000e+00	0.00000000e+00	0.00000000e+00
-185	2.39200000e+03	0.00000000e+00	0.00000000e+00	0.00000000e+00
-184	2.39200000e+03	0.00000000e+00	0.00000000e+00	0.00000000e+00
-183	2.39200000e+03	0.00000000e+00	0.00000000e+00	0.00000000e+00
-182	2.39200000e+03	0.00000000e+00	0.00000000e+00	0.00000000e+00
-181	2.39200000e+03	0.00000000e+00	0.00000000e+00	0.00000000e+00
-180	2.39200000e+03	0.00000000e+00	0.00000000e+00	0.00000000e+00
-179	2.39200000e+03	0.00000000e+00	0.00000000e+00	0.00000000e+00
-178	2.39200000e+03	0.00000000e+00	0.00000000e+00	0.00000000e+00
-177	2.39200000e+03	0.00000000e+00	0.00000000e+00	0.00000000e+00
-176	2.39200000e+03	0.00000000e+00	0.00000000e+00	0.00000000e+00
-175	2.39200000e+03	0.00000000e+00	0.00000000e+00	0.00000000e+00
-174	2.39200000e+03	0.00000000e+00	0.00000000e+00	0.00000000e+00
-173	2.39200000e+03	0.00000000e+00	0.00000000e+00	0.00000000e+00
-172	2.39200000e+03	0.00000000e+00	0.00000000e+00	0.00000000e+00
-171	2.39200000e+03	0.00000000e+00	0.00000000e+00	0.00000000e+00
-170	2.39200000e+03	0.00000000e+00	0.00000000e+00	0.00000000e+00
-169	2.39200000e+03	0.00000000e+00	0.00000000e+00	0.00000000e+00
-168	2.39200000e+03	0.00000000e+00	0.00000000e+00	0.00000000e+00
-167	2.39200000e+03	0.00000000e+00	0.00000000e+00	0.00000000e+00
-166	2.39200000e+03	0.00000000e+00	0.00000000e+00	0.00000000e+00
-165	2.39200000e+03	0.00000000e+00	0.00000000e+00	0.00000000e+00
-164	2.39200000e+03	0.00000000e+00	0.00000000e+00	0.00000000e+00
-163	2.39200000e+03	0.00000000e+00	0.00000000e+00	0.00000000e+00
-162	2.39200000e+03	0.00000000e+00	0.00000000e+00	0.00000000e+00
-161	2.39200000e+03	0.00000000e+00	0.00000000e+00	0.00000000e+00
-160	2.39200000e+03	0.00000000e+00	0.00000000e+00	0.00000000e+00
-159	2.39200000e+03	0.00000000e+00	0.00000000e+00	0.00000000e+00
-158	2.39200000e+03	0.00000000e+00	0.00000000e+00	0.00000000e+00
-157	2.39200000e+03	0.00000000e+00	0.00000000e+00	0.00000000e+00
-156	2.39200000e+03	0.00000000e+00	0.00000000e+00	0.00000000e+00
-155	2.39200000e+03	0.00000000e+00	0.00000000e+00	0.00000000e+00
-154	2.39200000e+03	0.00000000e+00	0.00000000e+00	0.00000000e+00
-153	2.39200000e+03	0.00000000e+00	0.00000000e+00	0.00000000e+00
-152	2.39200000e+03	0.00000000e+00	0.00000000e+00	0.00000000e+00
-151	2.39200000e+03	0.00000000e+00	0.00000000e+00	0.00000000e+00
-150	2.39200000e+03	0.00000000e+00	0.00000000e+00	0.00000000e+00
-149	2.39200000e+03	0.00000000e+00	0.00000000e+00	0.00000000e+00
-148	2.39200000e+03	0.00000000e+00	0.00000000e+00	0.00000000e+00
-147	2.39200000e+03	0.00000000e+00	0.00000000e+00	0.00000000e+00
-146	2.39200000e+03	0.00000000e+00	0.00000000e+00	0.00000000e+00
-145	2.39200000e+03	0.00000000e+00	0.00000000e+00	0.00000000e+00
-144	2.39200000e+03	0.00000000e+00	0.00000000e+00	0.00000000e+00
-143	2.39200000e+03	0.00000000e+00	0.00000000e+00	0.00000000e+00
-142	2.39200000e+03	0.00000000e+00	0.00000000e+00	0.00000000e+00
-141	2.39200000e+03	0.00000000e+00	0.00000000e+00	0.00000000e+00
-140	2.39200000e+03	0.00000000e+00	0.00000000e+00	0.00000000e+00
-139	2.39200000e+03	0.00000000e+00	0.00000000e+00	0.00000000e+00
-138	2.39200000e+03	0.00000000e+00	0.00000000e+00	0.00000000e+00
-137	2.39200000e+03	0.00000000e+00	0.00000000e+00	0.00000000e+00
-136	2.39200000e+03	0.00000000e+00	0.00000000e+00	0.00000000e+00
-135	2.39200000e+03	0.00000000e+00	0.00000000e+00	0.00000000e+00
-134	2.39200000e+03	0.00000000e+00	0.00000000e+00	0.00000000e+00
-133	2.39200000e+03	0.00000000e+00	0.00000000e+00	0.00000000e+00
-132	2.39200000e+03	0.00000000e+00	0.00000000e+00	0.00000000e+00
-131	2.39200000e+03	0.00000000e+00	0.00000000e+00	0.00000000e+00
-130	2.39200000e+03	0.00000000e+00	0.00000000e+00	0.00000000e+00
-129	2.39200000e+03	0.00000000e+00	0.00000000e+00	0.00000000e+00
-128	2.39200000e+03	0.00000000e+00	0.00000000e+00	0.00000000e+00
-127	2.39200000e+03	0.00000000e+00	0.00000000e+00	0.00000000e+00
-126	2.39200000e+03	0.00000000e+00	0.00000000e+00	0.00000000e+00
-125	2.39200000e+03	0.00000000e+00	0.00000000e+00	0.00000000e+00
-124	2.39200000e+03	0.00000000e+00	0.00000000e+00	0.00000000e+00
-123	2.39200000e+03	0.00000000e+00	0.00000000e+00	0.00000000e+00
-122	2.39200000e+03	0.00000000e+00	0.00000000e+00	0.00000000e+00
-121	2.39200000e+03	0.00000000e+00	0.00000000e+00	0.00000000e+00
-120	2.39200000e+03	0.00000000e+00	0.00000000e+00	0.00000000e+00
-119	2.39200000e+03	0.00000000e+00	0.00000000e+00	0.00000000e+00
-118	2.39200000e+03	0.00000000e+00	0.00000000e+00	0.00000000e+00
-117	2.39200000e+03	0.00000000e+00	0.00000000e+00	0.00000000e+00
-116	2.39200000e+03	0.00000000e+00	0.00000000e+00	0.00000000e+00
-115	2.39200000e+03	0.00000000e+00	0.00000000e+00	0.00000000e+00
-114	2.39200000e+03	0.00000000e+00	0.00000000e+00	0.00000000e+00
-113	2.39200000e+03	0.00000000e+00	0.00000000e+00	0.00000000e+00
-112	2.39200000e+03	0.00000000e+00	0.00000000e+00	0.00000000e+00
-111	2.39200000e+03	0.00000000e+00	0.00000000e+00	0.00000000e+00
-110	2.39200000e+03	0.00000000e+00	0.00000000e+00	0.00000000e+00
-109	2.39200000e+03	0.00000000e+00	0.00000000e+00	0.00000000e+00
-108	2.39200000e+03	0.00000000e+00	0.00000000e+00	0.00000000e+00
-107	2.39200000e+03	0.00000000e+00	0.00000000e+00	0.00000000e+00
-106	2.39200000e+03	0.00000000e+00	0.00000000e+00	0.00000000e+00
-105	2.39200000e+03	0.00000000e+00	0.00000000e+00	0.00000000e+00
-104	2.39200000e+03	0.00000000e+00	0.00000000e+00	0.00000000e+00
-103	2.39200000e+03	0.00000000e+00	0.00000000e+00	0.00000000e+00
-102	2.39200000e+03	0.00000000e+00	0.00000000e+00	0.00000000e+00
-101	2.39200000e+03	0.00000000e+00	0.00000000e+00	0.00000000e+00
-100	2.39200000e+03	0.00000000e+00	0.00000000e+00	0.00000000e+00
-99	2.39200000e+03	0.00000000e+00	0.00000000e+00	0.00000000e+00
-98	2.39200000e+03	0.00000000e+00	0.00000000e+00	0.00000000e+00
-97	2.39200000e+03	0.00000000e+00	0.00000000e+00	0.00000000e+00
-96	2.39200000e+03	0.00000000e+00	0.00000000e+00	0.00000000e+00
-95	2.39200000e+03	0.00000000e+00	0.00000000e+00	0.00000000e+00
-94	2.39200000e+03	0.00000000e+00	0.00000000e+00	0.00000000e+00
-93	2.39200000e+03	0.00000000e+00	0.00000000e+00	0.00000000e+00
-92	2.39200000e+03	0.00000000e+00	0.00000000e+00	0.00000000e+00
-91	2.39200000e+03	0.00000000e+00	0.00000000e+00	0.00000000e+00
-90	2.39200000e+03	0.00000000e+00	0.00000000e+00	0.00000000e+00
-89	2.39200000e+03	0.00000000e+00	0.00000000e+00	0.00000000e+00
-88	2.39200000e+03	0.00000000e+00	0.00000000e+00	0.00000000e+00
-87	2.39200000e+03	0.00000000e+00	0.00000000e+00	0.00000000e+00
-86	2.39200000e+03	0.00000000e+00	0.00000000e+00	0.00000000e+00
-85	2.39200000e+03	0.00000000e+00	0.00000000e+00	0.00000000e+00
-84	2.39200000e+03	0.00000000e+00	0.00000000e+00	0.00000000e+00
-83	2.39200000e+03	0.00000000e+00	0.00000000e+00	0.00000000e+00
-82	2.39200000e+03	0.00000000e+00	0.00000000e+00	0.00000000e+00
-81	2.39200000e+03	0.00000000e+00	0.00000000e+00	0.00000000e+00
-80	2.39200000e+03	0.00000000e+00	0.00000000e+00	0.00000000e+00
-79	2.39200000e+03	0.00000000e+00	0.00000000e+00	0.00000000e+00
-78	2.39200000e+03	0.00000000e+00	0.00000000e+00	0.00000000e+00
-77	2.39200000e+03	0.00000000e+00	0.00000000e+00	0.00000000e+00
-76	2.39200000e+03	0.00000000e+00	0.00000000e+00	0.00000000e+00
-75	2.39200000e+03	0.00000000e+00	0.00000000e+00	0.00000000e+00
-74	2.39200000e+03	0.00000000e+00	0.00000000e+00	0.00000000e+00
-73	2.39200000e+03	0.00000000e+00	0.00000000e+00	0.00000000e+00
-72	2.39200000e+03	0.00000000e+00	0.00000000e+00	0.00000000e+00
-71	2.39200000e+03	0.00000000e+00	0.00000000e+00	0.00000000e+00
-70	2.39200000e+03	0.00000000e+00	0.00000000e+00	0.00000000e+00
-69	2.39200000e+03	0.00000000e+00	0.00000000e+00	0.00000000e+00
-68	2.39200000e+03	0.00000000e+00	0.00000000e+00	0.00000000e+00
-67	2.39200000e+03	0.00000000e+00	0.00000000e+00	0.00000000e+00
-66	2.39200000e+03	0.00000000e+00	0.00000000e+00	0.00000000e+00
-65	2.39200000e+03	0.00000000e+00	0.00000000e+00	0.00000000e+00
-64	2.39200000e+03	0.00000000e+00	0.00000000e+00	0.00000000e+00
-63	2.39200000e+03	0.00000000e+00	0.00000000e+00	0.00000000e+00
-62	2.39200000e+03	0.00000000e+00	0.00000000e+00	0.00000000e+00
-61	2.39200000e+03	0.00000000e+00	0.00000000e+00	0.00000000e+00
-60	2.39200000e+03	0.00000000e+00	0.00000000e+00	0.00000000e+00
-59	2.39200000e+03	0.00000000e+00	0.00000000e+00	0.00000000e+00
-58	2.39200000e+03	0.00000000e+00	0.00000000e+00	0.00000000e+00
-57	2.39200000e+03	0.00000000e+00	0.00000000e+00	0.00000000e+00
-56	2.39200000e+03	0.00000000e+00	0.00000000e+00	0.00000000e+00
-55	2.39200000e+03	0.00000000e+00	0.00000000e+00	0.00000000e+00
-54	2.39200000e+03	0.00000000e+00	0.00000000e+00	0.00000000e+00
-53	2.39200000e+03	0.00000000e+00	0.00000000e+00	0.00000000e+00
-52	2.39200000e+03	0.00000000e+00	0.00000000e+00	0.00000000e+00
-51	2.39200000e+03	0.00000000e+00	0.00000000e+00	0.00000000e+00
-50	2.39200000e+03	0.00000000e+00	0.00000000e+00	0.00000000e+00
-49	2.39200000e+03	0.00000000e+00	0.00000000e+00	0.00000000e+00
-48	2.39200000e+03	0.00000000e+00	0.00000000e+00	0.00000000e+00
-47	2.39200000e+03	0.00000000e+00	0.00000000e+00	0.00000000e+00
-46	2.39200000e+03	0.00000000e+00	0.00000000e+00	0.00000000e+00
-45	2.39200000e+03	0.00000000e+00	0.00000000e+00	0.00000000e+00
-44	2.39200000e+03	0.00000000e+00	0.00000000e+00	0.00000000e+00
-43	2.39200000e+03	0.00000000e+00	0.00000000e+00	0.00000000e+00
-42	2.39200000e+03	0.00000000e+00	0.00000000e+00	0.00000000e+00
-41	2.39200000e+03	0.00000000e+00	0.00000000e+00	0.00000000e+00
-40	2.39200000e+03	0.00000000e+00	0.00000000e+00	0.00000000e+00
-39	2.39200000e+03	0.00000000e+00	0.00000000e+00	0.00000000e+00
-38	2.39200000e+03	0.00000000e+00	0.00000000e+00	0.00000000e+00
-37	2.39200000e+03	0.00000000e+00	0.00000000e+00	0.00000000e+00
-36	2.39200000e+03	0.00000000e+00	0.00000000e+00	0.00000000e+00
-35	2.40700000e+03	2.00000000e+00	2.00000000e+00	6.00000000e+00
-34	2.42800000e+03	2.00000000e+00	2.00000000e+00	6.00000000e+00
-33	2.44700000e+03	3.00000000e+00	3.00000000e+00	7.00000000e+00
-32	2.45400000e+03	3.00000000e+00	3.00000000e+00	7.00000000e+00
-31	2.46700000e+03	3.00000000e+00	3.00000000e+00	7.00000000e+00
-30	2.49300000e+03	4.00000000e+00	4.00000000e+00	1.10000000e+01
-29	2.50100000e+03	4.00000000e+00	4.00000000e+00	1.10000000e+01
-28	2.51200000e+03	4.00000000e+00	4.00000000e+00	1.10000000e+01
-27	2.51500000e+03	4.00000000e+00	4.00000000e+00	1.10000000e+01
-26	2.52500000e+03	4.00000000e+00	4.00000000e+00	1.10000000e+01
-25	2.53400000e+03	4.00000000e+00	4.00000000e+00	1.10000000e+01
-24	2.54300000e+03	4.00000000e+00	4.00000000e+00	1.10000000e+01
-23	2.54700000e+03	4.00000000e+00	4.00000000e+00	1.10000000e+01
-22	2.56100000e+03	4.00000000e+00	4.00000000e+00	1.10000000e+01
-21	2.57400000e+03	4.00000000e+00	4.00000000e+00	1.10000000e+01
-20	2.58500000e+03	4.00000000e+00	4.00000000e+00	1.10000000e+01
-19	2.59300000e+03	4.00000000e+00	4.00000000e+00	1.10000000e+01
-18	2.60600000e+03	4.00000000e+00	4.00000000e+00	1.10000000e+01
-17	2.61300000e+03	4.00000000e+00	4.00000000e+00	1.10000000e+01
-16	2.62500000e+03	4.00000000e+00	4.00000000e+00	1.10000000e+01
-15	2.63600000e+03	4.00000000e+00	4.00000000e+00	1.10000000e+01
-14	2.64400000e+03	4.00000000e+00	4.00000000e+00	1.10000000e+01
-13	2.65600000e+03	4.00000000e+00	4.00000000e+00	1.10000000e+01
-12	2.67100000e+03	4.00000000e+00	4.00000000e+00	1.10000000e+01
-11	2.68500000e+03	4.00000000e+00	4.00000000e+00	1.10000000e+01
-10	2.69600000e+03	4.00000000e+00	4.00000000e+00	1.10000000e+01
-9	2.70600000e+03	4.00000000e+00	4.00000000e+00	1.10000000e+01
-8	2.71200000e+03	4.00000000e+00	4.00000000e+00	1.10000000e+01
-7	2.72300000e+03	4.00000000e+00	4.00000000e+00	1.10000000e+01
-6	2.73000000e+03	4.00000000e+00	4.00000000e+00	1.10000000e+01
-5	2.74700000e+03	4.00000000e+00	4.00000000e+00	1.10000000e+01
-4	2.76300000e+03	4.00000000e+00	4.00000000e+00	1.10000000e+01
-3	2.78200000e+03	4.00000000e+00	4.00000000e+00	1.10000000e+01
-2	2.79200000e+03	4.00000000e+00	4.00000000e+00	1.10000000e+01
-1	2.80700000e+03	4.00000000e+00	4.00000000e+00	1.10000000e+01
0	2.82400000e+03	4.00000000e+00	4.00000000e+00	1.10000000e+01
1	2.86000000e+03	4.00000000e+00	4.00000000e+00	1.10000000e+01
2	2.89100000e+03	4.00000000e+00	4.00000000e+00	1.10000000e+01
3	2.93300000e+03	4.00000000e+00	4.00000000e+00	1.10000000e+01
4	2.95800000e+03	4.00000000e+00	4.00000000e+00	1.10000000e+01
5	2.97700000e+03	4.00000000e+00	4.00000000e+00	1.10000000e+01
6	3.02900000e+03	6.00000000e+00	6.00000000e+00	1.30000000e+01
7	3.05100000e+03	6.00000000e+00	6.00000000e+00	1.30000000e+01
8	3.06700000e+03	6.00000000e+00	6.00000000e+00	1.30000000e+01
9	3.08700000e+03	6.00000000e+00	6.00000000e+00	1.30000000e+01
10	3.11000000e+03	6.00000000e+00	6.00000000e+00	1.30000000e+01
11	3.13200000e+03	6.00000000e+00	6.00000000e+00	1.30000000e+01
12	3.14400000e+03	6.00000000e+00	6.00000000e+00	1.30000000e+01
13	3.15800000e+03	6.00000000e+00	6.00000000e+00	1.30000000e+01
14	3.17000000e+03	6.00000000e+00	6.00000000e+00	1.30000000e+01
15	3.18100000e+03	6.00000000e+00	6.00000000e+00	1.30000000e+01
16	3.19000000e+03	6.00000000e+00	6.00000000e+00	1.30000000e+01
17	3.20100000e+03	6.00000000e+00	6.00000000e+00	1.30000000e+01
18	3.20900000e+03	6.00000000e+00	6.00000000e+00	1.30000000e+01
19	3.22000000e+03	6.00000000e+00	6.00000000e+00	1.30000000e+01
20	3.23600000e+03	6.00000000e+00	6.00000000e+00	1.30000000e+01
21	3.24600000e+03	6.00000000e+00	6.00000000e+00	1.30000000e+01
22	3.25100000e+03	6.00000000e+00	6.00000000e+00	1.30000000e+01
23	3.25200000e+03	6.00000000e+00	6.00000000e+00	1.30000000e+01
24	3.26300000e+03	6.00000000e+00	6.00000000e+00	1.30000000e+01
25	3.27300000e+03	6.00000000e+00	6.00000000e+00	1.30000000e+01
26	3.28800000e+03	6.00000000e+00	6.00000000e+00	1.30000000e+01
27	3.30500000e+03	6.00000000e+00	6.00000000e+00	1.30000000e+01
28	3.35300000e+03	6.00000000e+00	6.00000000e+00	1.30000000e+01
29	3.38300000e+03	6.00000000e+00	6.00000000e+00	1.30000000e+01
30	3.41500000e+03	6.00000000e+00	6.00000000e+00	1.30000000e+01
31	3.44800000e+03	6.00000000e+00	6.00000000e+00	1.30000000e+01
32	3.48300000e+03	6.00000000e+00	6.00000000e+00	1.30000000e+01
33	3.51400000e+03	6.00000000e+00	6.00000000e+00	1.30000000e+01
34	3.54000000e+03	6.00000000e+00	6.00000000e+00	1.30000000e+01
35	3.57300000e+03	6.00000000e+00	6.00000000e+00	1.30000000e+01
36	3.59800000e+03	6.00000000e+00	6.00000000e+00	1.30000000e+01
37	3.59800000e+03	6.00000000e+00	6.00000000e+00	1.30000000e+01
38	3.60800000e+03	6.00000000e+00	6.00000000e+00	1.30000000e+01
39	3.60800000e+03	6.00000000e+00	6.00000000e+00	1.30000000e+01
40	3.63100000e+03	6.00000000e+00	6.00000000e+00	1.30000000e+01
41	3.66400000e+03	6.00000000e+00	6.00000000e+00	1.30000000e+01
42	3.69000000e+03	6.00000000e+00	6.00000000e+00	1.30000000e+01
43	3.72900000e+03	6.00000000e+00	6.00000000e+00	1.30000000e+01
44	3.75000000e+03	6.00000000e+00	6.00000000e+00	1.30000000e+01
45	3.77100000e+03	6.00000000e+00	6.00000000e+00	1.30000000e+01
46	3.77100000e+03	6.00000000e+00	6.00000000e+00	1.30000000e+01
47	3.79400000e+03	6.00000000e+00	6.00000000e+00	1.30000000e+01
48	3.79400000e+03	6.00000000e+00	6.00000000e+00	1.30000000e+01
49	3.79400000e+03	6.00000000e+00	6.00000000e+00	1.30000000e+01
50	3.79400000e+03	6.00000000e+00	6.00000000e+00	1.30000000e+01
51	3.79400000e+03	6.00000000e+00	6.00000000e+00	1.30000000e+01
52	3.81800000e+03	6.00000000e+00	6.00000000e+00	1.30000000e+01
53	3.84800000e+03	6.00000000e+00	6.00000000e+00	1.30000000e+01
54	3.87500000e+03	6.00000000e+00	6.00000000e+00	1.30000000e+01
55	3.90700000e+03	6.00000000e+00	6.00000000e+00	1.30000000e+01
56	3.93600000e+03	6.00000000e+00	6.00000000e+00	1.30000000e+01
57	3.96800000e+03	6.00000000e+00	6.00000000e+00	1.30000000e+01
58	4.00300000e+03	6.00000000e+00	6.00000000e+00	1.30000000e+01
59	4.03100000e+03	6.00000000e+00	6.00000000e+00	1.30000000e+01
60	4.05800000e+03	6.00000000e+00	6.00000000e+00	1.30000000e+01
61	4.09200000e+03	6.00000000e+00	6.00000000e+00	1.30000000e+01
62	4.11700000e+03	6.00000000e+00	6.00000000e+00	1.30000000e+01
63	4.14700000e+03	6.00000000e+00	6.00000000e+00	1.30000000e+01
64	4.22300000e+03	7.00000000e+00	7.00000000e+00	1.40000000e+01
65	4.26900000e+03	7.00000000e+00	7.00000000e+00	1.40000000e+01
66	4.29800000e+03	7.00000000e+00	7.00000000e+00	1.40000000e+01
67	4.33600000e+03	7.00000000e+00	7.00000000e+00	1.40000000e+01
68	4.39100000e+03	7.00000000e+00	7.00000000e+00	1.40000000e+01
69	4.42900000e+03	7.00000000e+00	7.00000000e+00	1.40000000e+01
70	4.47300000e+03	7.00000000e+00	7.00000000e+00	1.40000000e+01
71	4.51000000e+03	7.00000000e+00	7.00000000e+00	1.40000000e+01
72	4.56000000e+03	7.00000000e+00	7.00000000e+00	1.40000000e+01
73	4.61100000e+03	7.00000000e+00	7.00000000e+00	1.40000000e+01
74	4.64800000e+03	7.00000000e+00	7.00000000e+00	1.40000000e+01
75	4.68200000e+03	7.00000000e+00	7.00000000e+00	1.40000000e+01
76	4.72400000e+03	9.00000000e+00	8.00000000e+00	1.50000000e+01
77	4.75900000e+03	9.00000000e+00	8.00000000e+00	1.50000000e+01
78	4.80000000e+03	9.00000000e+00	8.00000000e+00	1.50000000e+01
79	4.84800000e+03	9.00000000e+00	8.00000000e+00	1.50000000e+01
80	4.88200000e+03	9.00000000e+00	8.00000000e+00	1.50000000e+01
81	4.92200000e+03	9.00000000e+00	8.00000000e+00	1.50000000e+01
82	4.96200000e+03	9.00000000e+00	8.00000000e+00	1.50000000e+01
83	4.99800000e+03	9.00000000e+00	8.00000000e+00	1.50000000e+01
84	5.03500000e+03	9.00000000e+00	8.00000000e+00	1.50000000e+01
85	5.08200000e+03	9.00000000e+00	3.80000000e+01	1.50000000e+01
86	5.12300000e+03	9.00000000e+00	8.00000000e+00	1.50000000e+01
87	5.16500000e+03	9.00000000e+00	8.00000000e+00	1.50000000e+01
88	5.21200000e+03	9.00000000e+00	8.00000000e+00	1.50000000e+01
89	5.24900000e+03	9.00000000e+00	8.00000000e+00	1.50000000e+01
90	5.29300000e+03	9.00000000e+00	8.00000000e+00	1.50000000e+01
91	5.32800000e+03	9.00000000e+00	8.00000000e+00	1.50000000e+01
92	5.35900000e+03	9.00000000e+00	8.00000000e+00	1.50000000e+01
93	5.40800000e+03	9.00000000e+00	8.00000000e+00	1.50000000e+01
94	5.44200000e+03	9.00000000e+00	8.00000000e+00	1.50000000e+01
95	5.47500000e+03	9.00000000e+00	8.00000000e+00	1.50000000e+01
96	5.51100000e+03	9.00000000e+00	8.00000000e+00	1.50000000e+01
97	5.54600000e+03	9.00000000e+00	8.00000000e+00	1.50000000e+01
98	5.58800000e+03	9.00000000e+00	8.00000000e+00	1.50000000e+01
99	5.62300000e+03	9.00000000e+00	8.00000000e+00	1.50000000e+01
100	5.65200000e+03	9.00000000e+00	8.00000000e+00	1.50000000e+01
