Day_(movie_time)	Views	Users	Rigor	Edits
-500	0.00000000e+00	0.00000000e+00	0.00000000e+00	0.00000000e+00
-499	1.10000000e+01	0.00000000e+00	0.00000000e+00	0.00000000e+00
-498	2.30000000e+01	0.00000000e+00	0.00000000e+00	0.00000000e+00
-497	3.20000000e+01	0.00000000e+00	0.00000000e+00	0.00000000e+00
-496	4.70000000e+01	0.00000000e+00	0.00000000e+00	0.00000000e+00
-495	5.80000000e+01	0.00000000e+00	0.00000000e+00	0.00000000e+00
-494	7.60000000e+01	0.00000000e+00	0.00000000e+00	0.00000000e+00
-493	9.70000000e+01	0.00000000e+00	0.00000000e+00	0.00000000e+00
-492	1.10000000e+02	0.00000000e+00	0.00000000e+00	0.00000000e+00
-491	1.19000000e+02	0.00000000e+00	0.00000000e+00	0.00000000e+00
-490	1.24000000e+02	0.00000000e+00	0.00000000e+00	0.00000000e+00
-489	1.36000000e+02	0.00000000e+00	0.00000000e+00	0.00000000e+00
-488	1.42000000e+02	0.00000000e+00	0.00000000e+00	0.00000000e+00
-487	1.55000000e+02	0.00000000e+00	0.00000000e+00	0.00000000e+00
-486	1.62000000e+02	0.00000000e+00	0.00000000e+00	0.00000000e+00
-485	1.72000000e+02	0.00000000e+00	0.00000000e+00	0.00000000e+00
-484	1.82000000e+02	0.00000000e+00	0.00000000e+00	0.00000000e+00
-483	1.90000000e+02	0.00000000e+00	0.00000000e+00	0.00000000e+00
-482	1.95000000e+02	0.00000000e+00	0.00000000e+00	0.00000000e+00
-481	2.03000000e+02	0.00000000e+00	0.00000000e+00	0.00000000e+00
-480	2.07000000e+02	0.00000000e+00	0.00000000e+00	0.00000000e+00
-479	2.09000000e+02	0.00000000e+00	0.00000000e+00	0.00000000e+00
-478	2.13000000e+02	0.00000000e+00	0.00000000e+00	0.00000000e+00
-477	2.22000000e+02	0.00000000e+00	0.00000000e+00	0.00000000e+00
-476	2.27000000e+02	0.00000000e+00	0.00000000e+00	0.00000000e+00
-475	2.40000000e+02	0.00000000e+00	0.00000000e+00	0.00000000e+00
-474	2.51000000e+02	0.00000000e+00	0.00000000e+00	0.00000000e+00
-473	2.66000000e+02	0.00000000e+00	0.00000000e+00	0.00000000e+00
-472	2.75000000e+02	0.00000000e+00	0.00000000e+00	0.00000000e+00
-471	2.79000000e+02	0.00000000e+00	0.00000000e+00	0.00000000e+00
-470	2.86000000e+02	0.00000000e+00	0.00000000e+00	0.00000000e+00
-469	2.89000000e+02	0.00000000e+00	0.00000000e+00	0.00000000e+00
-468	2.94000000e+02	0.00000000e+00	0.00000000e+00	0.00000000e+00
-467	2.98000000e+02	0.00000000e+00	0.00000000e+00	0.00000000e+00
-466	3.06000000e+02	0.00000000e+00	0.00000000e+00	0.00000000e+00
-465	3.10000000e+02	0.00000000e+00	0.00000000e+00	0.00000000e+00
-464	3.14000000e+02	0.00000000e+00	0.00000000e+00	0.00000000e+00
-463	3.22000000e+02	0.00000000e+00	0.00000000e+00	0.00000000e+00
-462	3.29000000e+02	0.00000000e+00	0.00000000e+00	0.00000000e+00
-461	3.33000000e+02	0.00000000e+00	0.00000000e+00	0.00000000e+00
-460	3.37000000e+02	0.00000000e+00	0.00000000e+00	0.00000000e+00
-459	3.52000000e+02	0.00000000e+00	0.00000000e+00	0.00000000e+00
-458	3.67000000e+02	0.00000000e+00	0.00000000e+00	0.00000000e+00
-457	3.74000000e+02	0.00000000e+00	0.00000000e+00	0.00000000e+00
-456	3.78000000e+02	0.00000000e+00	0.00000000e+00	0.00000000e+00
-455	3.82000000e+02	0.00000000e+00	0.00000000e+00	0.00000000e+00
-454	3.85000000e+02	0.00000000e+00	0.00000000e+00	0.00000000e+00
-453	3.93000000e+02	0.00000000e+00	0.00000000e+00	0.00000000e+00
-452	3.99000000e+02	0.00000000e+00	0.00000000e+00	0.00000000e+00
-451	4.08000000e+02	0.00000000e+00	0.00000000e+00	0.00000000e+00
-450	4.12000000e+02	0.00000000e+00	0.00000000e+00	0.00000000e+00
-449	4.17000000e+02	0.00000000e+00	0.00000000e+00	0.00000000e+00
-448	4.21000000e+02	0.00000000e+00	0.00000000e+00	0.00000000e+00
-447	4.23000000e+02	0.00000000e+00	0.00000000e+00	0.00000000e+00
-446	4.30000000e+02	0.00000000e+00	0.00000000e+00	0.00000000e+00
-445	4.39000000e+02	0.00000000e+00	0.00000000e+00	0.00000000e+00
-444	4.45000000e+02	0.00000000e+00	0.00000000e+00	0.00000000e+00
-443	4.50000000e+02	0.00000000e+00	0.00000000e+00	0.00000000e+00
-442	4.52000000e+02	0.00000000e+00	0.00000000e+00	0.00000000e+00
-441	5.13000000e+02	0.00000000e+00	0.00000000e+00	0.00000000e+00
-440	5.42000000e+02	0.00000000e+00	0.00000000e+00	0.00000000e+00
-439	5.88000000e+02	0.00000000e+00	0.00000000e+00	0.00000000e+00
-438	6.16000000e+02	0.00000000e+00	0.00000000e+00	0.00000000e+00
-437	6.49000000e+02	0.00000000e+00	0.00000000e+00	0.00000000e+00
-436	6.89000000e+02	0.00000000e+00	0.00000000e+00	0.00000000e+00
-435	7.31000000e+02	1.00000000e+00	1.00000000e+00	2.00000000e+00
-434	8.58000000e+02	1.00000000e+00	1.00000000e+00	2.00000000e+00
-433	9.91000000e+02	1.00000000e+00	1.00000000e+00	2.00000000e+00
-432	1.13800000e+03	1.00000000e+00	1.00000000e+00	2.00000000e+00
-431	1.30900000e+03	1.00000000e+00	1.00000000e+00	2.00000000e+00
-430	1.44600000e+03	1.00000000e+00	1.00000000e+00	2.00000000e+00
-429	1.59000000e+03	1.00000000e+00	1.00000000e+00	2.00000000e+00
-428	1.67700000e+03	1.00000000e+00	1.00000000e+00	2.00000000e+00
-427	1.99000000e+03	1.00000000e+00	1.00000000e+00	2.00000000e+00
-426	2.13800000e+03	1.00000000e+00	1.00000000e+00	2.00000000e+00
-425	2.27300000e+03	1.00000000e+00	1.00000000e+00	2.00000000e+00
-424	2.38900000e+03	1.00000000e+00	1.00000000e+00	2.00000000e+00
-423	2.54400000e+03	1.00000000e+00	1.00000000e+00	2.00000000e+00
-422	2.78600000e+03	1.00000000e+00	1.00000000e+00	2.00000000e+00
-421	3.00700000e+03	1.00000000e+00	1.00000000e+00	2.00000000e+00
-420	3.20200000e+03	1.00000000e+00	1.00000000e+00	2.00000000e+00
-419	3.46900000e+03	1.00000000e+00	1.00000000e+00	2.00000000e+00
-418	3.79600000e+03	1.00000000e+00	1.00000000e+00	2.00000000e+00
-417	4.02400000e+03	1.00000000e+00	1.00000000e+00	2.00000000e+00
-416	4.28800000e+03	1.00000000e+00	1.00000000e+00	2.00000000e+00
-415	4.52200000e+03	1.00000000e+00	1.00000000e+00	2.00000000e+00
-414	4.81000000e+03	1.00000000e+00	1.00000000e+00	2.00000000e+00
-413	5.11100000e+03	1.00000000e+00	1.00000000e+00	2.00000000e+00
-412	5.44700000e+03	1.00000000e+00	1.00000000e+00	2.00000000e+00
-411	5.77000000e+03	1.00000000e+00	1.00000000e+00	2.00000000e+00
-410	6.16500000e+03	1.00000000e+00	1.00000000e+00	2.00000000e+00
-409	6.51200000e+03	1.00000000e+00	1.00000000e+00	2.00000000e+00
-408	6.80400000e+03	1.00000000e+00	1.00000000e+00	2.00000000e+00
-407	7.10300000e+03	2.00000000e+00	2.00000000e+00	3.00000000e+00
-406	7.39700000e+03	2.00000000e+00	2.00000000e+00	3.00000000e+00
-405	7.66500000e+03	2.00000000e+00	2.00000000e+00	3.00000000e+00
-404	7.94100000e+03	2.00000000e+00	2.00000000e+00	3.00000000e+00
-403	8.19900000e+03	2.00000000e+00	2.00000000e+00	3.00000000e+00
-402	8.48300000e+03	2.00000000e+00	2.00000000e+00	3.00000000e+00
-401	8.76600000e+03	2.00000000e+00	2.00000000e+00	3.00000000e+00
-400	9.08300000e+03	3.00000000e+00	3.00000000e+00	6.00000000e+00
-399	9.43200000e+03	3.00000000e+00	3.00000000e+00	6.00000000e+00
-398	9.68800000e+03	3.00000000e+00	3.00000000e+00	6.00000000e+00
-397	1.00160000e+04	3.00000000e+00	3.00000000e+00	6.00000000e+00
-396	1.03790000e+04	3.00000000e+00	3.00000000e+00	6.00000000e+00
-395	1.18080000e+04	5.00000000e+00	5.00000000e+00	1.10000000e+01
-394	1.32350000e+04	5.00000000e+00	6.00000000e+00	1.20000000e+01
-393	1.49100000e+04	5.00000000e+00	6.00000000e+00	1.20000000e+01
-392	1.66000000e+04	7.00000000e+00	9.00000000e+00	1.50000000e+01
-391	1.82890000e+04	7.00000000e+00	9.00000000e+00	1.50000000e+01
-390	2.07710000e+04	7.00000000e+00	9.00000000e+00	1.50000000e+01
-389	2.30330000e+04	8.00000000e+00	1.00000000e+01	1.60000000e+01
-388	2.52870000e+04	8.00000000e+00	1.00000000e+01	1.60000000e+01
-387	2.74220000e+04	1.00000000e+01	1.40000000e+01	2.00000000e+01
-386	2.92970000e+04	1.00000000e+01	1.40000000e+01	2.00000000e+01
-385	3.12890000e+04	1.30000000e+01	1.60000000e+01	2.30000000e+01
-384	3.29740000e+04	1.30000000e+01	1.60000000e+01	2.30000000e+01
-383	3.46090000e+04	1.30000000e+01	1.70000000e+01	2.40000000e+01
-382	3.61990000e+04	1.30000000e+01	1.70000000e+01	2.40000000e+01
-381	3.84170000e+04	1.30000000e+01	1.70000000e+01	2.40000000e+01
-380	4.03880000e+04	1.30000000e+01	1.70000000e+01	2.40000000e+01
-379	4.20960000e+04	1.30000000e+01	1.70000000e+01	2.40000000e+01
-378	4.37660000e+04	1.30000000e+01	1.70000000e+01	2.40000000e+01
-377	4.53430000e+04	1.50000000e+01	1.90000000e+01	2.80000000e+01
-376	4.68760000e+04	1.50000000e+01	2.00000000e+01	2.90000000e+01
-375	4.92050000e+04	1.50000000e+01	2.00000000e+01	2.90000000e+01
-374	5.11450000e+04	1.50000000e+01	2.00000000e+01	2.90000000e+01
-373	5.29980000e+04	1.60000000e+01	2.10000000e+01	3.00000000e+01
-372	5.45210000e+04	1.80000000e+01	2.20000000e+01	3.20000000e+01
-371	5.61260000e+04	2.00000000e+01	2.30000000e+01	3.30000000e+01
-370	5.77350000e+04	2.00000000e+01	2.30000000e+01	3.30000000e+01
-369	5.94910000e+04	2.00000000e+01	2.30000000e+01	3.30000000e+01
-368	6.17100000e+04	2.00000000e+01	2.50000000e+01	3.50000000e+01
-367	6.39680000e+04	2.00000000e+01	2.50000000e+01	3.50000000e+01
-366	6.60750000e+04	2.00000000e+01	2.50000000e+01	3.50000000e+01
-365	6.84480000e+04	2.00000000e+01	2.50000000e+01	3.50000000e+01
-364	7.05770000e+04	2.00000000e+01	2.50000000e+01	3.50000000e+01
-363	7.25060000e+04	2.00000000e+01	2.50000000e+01	3.50000000e+01
-362	7.43790000e+04	2.00000000e+01	2.50000000e+01	3.50000000e+01
-361	7.61990000e+04	2.00000000e+01	2.50000000e+01	3.50000000e+01
-360	7.83910000e+04	2.00000000e+01	2.50000000e+01	3.50000000e+01
-359	8.02600000e+04	2.00000000e+01	2.50000000e+01	3.50000000e+01
-358	8.20310000e+04	2.10000000e+01	2.60000000e+01	3.70000000e+01
-357	8.40490000e+04	2.10000000e+01	2.60000000e+01	3.70000000e+01
-356	8.56360000e+04	2.10000000e+01	2.60000000e+01	3.70000000e+01
-355	8.73620000e+04	2.10000000e+01	2.60000000e+01	3.70000000e+01
-354	8.91600000e+04	2.10000000e+01	2.60000000e+01	3.70000000e+01
-353	9.11180000e+04	2.10000000e+01	2.70000000e+01	3.80000000e+01
-352	9.29000000e+04	2.20000000e+01	2.80000000e+01	3.90000000e+01
-351	9.48210000e+04	2.30000000e+01	2.80000000e+01	4.00000000e+01
-350	9.67080000e+04	2.30000000e+01	2.80000000e+01	4.00000000e+01
-349	9.83410000e+04	2.30000000e+01	2.80000000e+01	4.00000000e+01
-348	1.00118000e+05	2.60000000e+01	2.90000000e+01	4.10000000e+01
-347	1.01969000e+05	2.60000000e+01	2.90000000e+01	4.10000000e+01
-346	1.04226000e+05	2.60000000e+01	2.90000000e+01	4.10000000e+01
-345	1.06176000e+05	2.60000000e+01	2.90000000e+01	4.10000000e+01
-344	1.08114000e+05	2.60000000e+01	2.90000000e+01	4.10000000e+01
-343	1.09975000e+05	2.60000000e+01	2.90000000e+01	4.10000000e+01
-342	1.11832000e+05	2.60000000e+01	2.90000000e+01	4.10000000e+01
-341	1.13577000e+05	2.60000000e+01	2.90000000e+01	4.10000000e+01
-340	1.15270000e+05	2.60000000e+01	3.00000000e+01	4.20000000e+01
-339	1.17154000e+05	2.70000000e+01	3.30000000e+01	4.60000000e+01
-338	1.18866000e+05	2.70000000e+01	3.30000000e+01	4.60000000e+01
-337	1.20657000e+05	2.70000000e+01	3.30000000e+01	4.60000000e+01
-336	1.22306000e+05	2.70000000e+01	3.30000000e+01	4.60000000e+01
-335	1.23795000e+05	2.70000000e+01	3.30000000e+01	4.60000000e+01
-334	1.25515000e+05	3.00000000e+01	3.50000000e+01	4.80000000e+01
-333	1.27275000e+05	3.00000000e+01	3.50000000e+01	4.80000000e+01
-332	1.28839000e+05	3.00000000e+01	3.50000000e+01	4.80000000e+01
-331	1.30750000e+05	3.00000000e+01	3.50000000e+01	4.80000000e+01
-330	1.32257000e+05	3.20000000e+01	3.60000000e+01	4.90000000e+01
-329	1.33774000e+05	3.20000000e+01	3.60000000e+01	4.90000000e+01
-328	1.36136000e+05	3.20000000e+01	3.60000000e+01	4.90000000e+01
-327	1.39753000e+05	3.20000000e+01	3.60000000e+01	4.90000000e+01
-326	1.43169000e+05	3.20000000e+01	3.60000000e+01	4.90000000e+01
-325	1.46058000e+05	3.20000000e+01	3.60000000e+01	4.90000000e+01
-324	1.47967000e+05	3.40000000e+01	3.70000000e+01	5.00000000e+01
-323	1.49806000e+05	3.40000000e+01	3.70000000e+01	5.00000000e+01
-322	1.51610000e+05	3.50000000e+01	3.90000000e+01	5.20000000e+01
-321	1.53289000e+05	3.50000000e+01	3.90000000e+01	5.20000000e+01
-320	1.55267000e+05	3.50000000e+01	3.90000000e+01	5.20000000e+01
-319	1.57075000e+05	3.50000000e+01	3.90000000e+01	5.20000000e+01
-318	1.59013000e+05	3.50000000e+01	3.90000000e+01	5.20000000e+01
-317	1.60430000e+05	3.50000000e+01	3.90000000e+01	5.20000000e+01
-316	1.61683000e+05	3.50000000e+01	3.90000000e+01	5.20000000e+01
-315	1.62759000e+05	3.50000000e+01	3.90000000e+01	5.20000000e+01
-314	1.63909000e+05	3.50000000e+01	3.90000000e+01	5.20000000e+01
-313	1.65765000e+05	3.50000000e+01	3.90000000e+01	5.20000000e+01
-312	1.68131000e+05	3.50000000e+01	3.90000000e+01	5.20000000e+01
-311	1.69301000e+05	3.50000000e+01	3.90000000e+01	5.20000000e+01
-310	1.70488000e+05	3.40000000e+01	4.00000000e+01	5.30000000e+01
-309	1.71519000e+05	3.40000000e+01	4.00000000e+01	5.30000000e+01
-308	1.72565000e+05	3.40000000e+01	4.00000000e+01	5.30000000e+01
-307	1.73816000e+05	3.40000000e+01	4.00000000e+01	5.30000000e+01
-306	1.75490000e+05	3.40000000e+01	4.00000000e+01	5.30000000e+01
-305	1.77068000e+05	3.40000000e+01	4.00000000e+01	5.30000000e+01
-304	1.78195000e+05	3.40000000e+01	4.00000000e+01	5.30000000e+01
-303	1.79347000e+05	3.50000000e+01	4.10000000e+01	5.40000000e+01
-302	1.79347000e+05	3.50000000e+01	4.10000000e+01	5.40000000e+01
-301	1.80467000e+05	3.50000000e+01	4.10000000e+01	5.40000000e+01
-300	1.80467000e+05	3.50000000e+01	4.10000000e+01	5.40000000e+01
-299	1.80467000e+05	3.50000000e+01	4.10000000e+01	5.40000000e+01
-298	1.80467000e+05	3.50000000e+01	4.10000000e+01	5.40000000e+01
-297	1.81831000e+05	3.50000000e+01	4.10000000e+01	5.40000000e+01
-296	1.83099000e+05	3.50000000e+01	4.10000000e+01	5.40000000e+01
-295	1.84342000e+05	3.60000000e+01	4.20000000e+01	5.50000000e+01
-294	1.85360000e+05	3.60000000e+01	4.20000000e+01	5.50000000e+01
-293	1.86634000e+05	3.60000000e+01	4.20000000e+01	5.50000000e+01
-292	1.88256000e+05	3.60000000e+01	4.20000000e+01	5.50000000e+01
-291	1.89969000e+05	3.60000000e+01	4.20000000e+01	5.50000000e+01
-290	1.91140000e+05	3.60000000e+01	4.20000000e+01	5.50000000e+01
-289	1.92200000e+05	3.60000000e+01	4.20000000e+01	5.50000000e+01
-288	1.93275000e+05	3.60000000e+01	4.20000000e+01	5.50000000e+01
-287	1.94407000e+05	3.60000000e+01	4.20000000e+01	5.50000000e+01
-286	1.95529000e+05	3.50000000e+01	4.30000000e+01	5.70000000e+01
-285	1.96900000e+05	3.50000000e+01	4.30000000e+01	5.70000000e+01
-284	1.98419000e+05	3.50000000e+01	4.30000000e+01	5.70000000e+01
-283	1.99778000e+05	3.50000000e+01	4.30000000e+01	5.70000000e+01
-282	2.00931000e+05	3.50000000e+01	4.30000000e+01	5.70000000e+01
-281	2.00931000e+05	3.50000000e+01	4.30000000e+01	5.70000000e+01
-280	2.00931000e+05	3.50000000e+01	4.30000000e+01	5.70000000e+01
-279	2.00931000e+05	3.50000000e+01	4.30000000e+01	5.70000000e+01
-278	2.02508000e+05	3.50000000e+01	4.30000000e+01	5.70000000e+01
-277	2.03837000e+05	3.50000000e+01	4.30000000e+01	5.70000000e+01
-276	2.04867000e+05	3.80000000e+01	4.40000000e+01	6.00000000e+01
-275	2.05953000e+05	3.80000000e+01	4.50000000e+01	6.10000000e+01
-274	2.07140000e+05	3.80000000e+01	4.50000000e+01	6.10000000e+01
-273	2.08280000e+05	3.80000000e+01	4.50000000e+01	6.10000000e+01
-272	2.09614000e+05	3.80000000e+01	4.50000000e+01	6.10000000e+01
-271	2.11293000e+05	3.80000000e+01	4.50000000e+01	6.10000000e+01
-270	2.13187000e+05	3.80000000e+01	4.50000000e+01	6.10000000e+01
-269	2.14373000e+05	3.80000000e+01	4.50000000e+01	6.10000000e+01
-268	2.15504000e+05	3.80000000e+01	4.50000000e+01	6.10000000e+01
-267	2.16635000e+05	3.80000000e+01	4.50000000e+01	6.10000000e+01
-266	2.17763000e+05	3.80000000e+01	4.50000000e+01	6.10000000e+01
-265	2.19120000e+05	3.80000000e+01	4.50000000e+01	6.10000000e+01
-264	2.20535000e+05	3.80000000e+01	4.50000000e+01	6.10000000e+01
-263	2.21792000e+05	3.90000000e+01	4.60000000e+01	6.20000000e+01
-262	2.22825000e+05	3.90000000e+01	4.60000000e+01	6.20000000e+01
-261	2.23879000e+05	3.90000000e+01	4.60000000e+01	6.20000000e+01
-260	2.24930000e+05	3.90000000e+01	4.60000000e+01	6.20000000e+01
-259	2.26072000e+05	3.90000000e+01	4.60000000e+01	6.20000000e+01
-258	2.27199000e+05	3.90000000e+01	4.60000000e+01	6.20000000e+01
-257	2.28511000e+05	4.00000000e+01	4.70000000e+01	6.30000000e+01
-256	2.30235000e+05	4.00000000e+01	4.70000000e+01	6.30000000e+01
-255	2.31373000e+05	4.00000000e+01	4.70000000e+01	6.30000000e+01
-254	2.32438000e+05	4.00000000e+01	4.70000000e+01	6.30000000e+01
-253	2.33570000e+05	4.00000000e+01	4.70000000e+01	6.30000000e+01
-252	2.34554000e+05	4.30000000e+01	4.80000000e+01	6.50000000e+01
-251	2.35513000e+05	4.40000000e+01	4.90000000e+01	6.60000000e+01
-250	2.36817000e+05	4.40000000e+01	4.90000000e+01	6.60000000e+01
-249	2.36817000e+05	4.40000000e+01	4.90000000e+01	6.60000000e+01
-248	2.37883000e+05	4.40000000e+01	4.90000000e+01	6.60000000e+01
-247	2.38667000e+05	4.40000000e+01	4.90000000e+01	6.60000000e+01
-246	2.39466000e+05	4.40000000e+01	4.90000000e+01	6.60000000e+01
-245	2.40289000e+05	4.40000000e+01	4.90000000e+01	6.60000000e+01
-244	2.41205000e+05	4.40000000e+01	4.90000000e+01	6.60000000e+01
-243	2.42508000e+05	4.40000000e+01	4.90000000e+01	6.60000000e+01
-242	2.42508000e+05	4.40000000e+01	4.90000000e+01	6.60000000e+01
-241	2.43534000e+05	4.40000000e+01	5.00000000e+01	6.70000000e+01
-240	2.44414000e+05	4.40000000e+01	5.10000000e+01	6.80000000e+01
-239	2.45302000e+05	4.40000000e+01	5.10000000e+01	6.80000000e+01
-238	2.46285000e+05	4.80000000e+01	5.20000000e+01	7.00000000e+01
-237	2.47248000e+05	4.80000000e+01	5.20000000e+01	7.00000000e+01
-236	2.48576000e+05	4.70000000e+01	5.30000000e+01	7.10000000e+01
-235	2.50031000e+05	4.70000000e+01	5.30000000e+01	7.10000000e+01
-234	2.51053000e+05	5.00000000e+01	5.40000000e+01	7.30000000e+01
-233	2.51920000e+05	5.10000000e+01	5.50000000e+01	7.50000000e+01
-232	2.52667000e+05	5.10000000e+01	5.50000000e+01	7.50000000e+01
-231	2.53480000e+05	5.10000000e+01	5.50000000e+01	7.50000000e+01
-230	2.54414000e+05	5.10000000e+01	5.50000000e+01	7.50000000e+01
-229	2.55693000e+05	5.10000000e+01	5.50000000e+01	7.50000000e+01
-228	2.56820000e+05	5.10000000e+01	5.50000000e+01	7.50000000e+01
-227	2.57824000e+05	5.10000000e+01	5.50000000e+01	7.50000000e+01
-226	2.58677000e+05	5.10000000e+01	5.50000000e+01	7.50000000e+01
-225	2.59852000e+05	5.10000000e+01	5.50000000e+01	7.50000000e+01
-224	2.60840000e+05	5.10000000e+01	5.50000000e+01	7.50000000e+01
-223	2.61714000e+05	5.10000000e+01	5.50000000e+01	7.50000000e+01
-222	2.63064000e+05	5.10000000e+01	5.50000000e+01	7.50000000e+01
-221	2.64268000e+05	5.10000000e+01	5.50000000e+01	7.50000000e+01
-220	2.65358000e+05	5.10000000e+01	5.60000000e+01	7.70000000e+01
-219	2.66289000e+05	5.10000000e+01	5.60000000e+01	7.70000000e+01
-218	2.67290000e+05	5.10000000e+01	5.60000000e+01	7.70000000e+01
-217	2.68306000e+05	5.10000000e+01	5.60000000e+01	7.70000000e+01
-216	2.69384000e+05	5.10000000e+01	5.60000000e+01	7.70000000e+01
-215	2.70678000e+05	5.10000000e+01	5.60000000e+01	7.70000000e+01
-214	2.72107000e+05	5.10000000e+01	5.60000000e+01	7.70000000e+01
-213	2.73730000e+05	5.10000000e+01	5.60000000e+01	7.70000000e+01
-212	2.75183000e+05	5.10000000e+01	5.60000000e+01	7.70000000e+01
-211	2.76915000e+05	5.10000000e+01	5.60000000e+01	7.70000000e+01
-210	2.78164000e+05	5.10000000e+01	5.60000000e+01	7.70000000e+01
-209	2.79103000e+05	5.10000000e+01	5.60000000e+01	7.70000000e+01
-208	2.80568000e+05	5.10000000e+01	5.60000000e+01	7.70000000e+01
-207	2.81978000e+05	5.10000000e+01	5.60000000e+01	7.70000000e+01
-206	2.83600000e+05	5.10000000e+01	5.60000000e+01	7.70000000e+01
-205	2.85253000e+05	5.10000000e+01	5.60000000e+01	7.70000000e+01
-204	2.87099000e+05	5.10000000e+01	5.60000000e+01	7.70000000e+01
-203	2.88968000e+05	5.10000000e+01	5.60000000e+01	7.70000000e+01
-202	2.91425000e+05	5.10000000e+01	5.60000000e+01	7.70000000e+01
-201	2.93785000e+05	5.10000000e+01	5.60000000e+01	7.70000000e+01
-200	2.95955000e+05	5.10000000e+01	5.60000000e+01	7.70000000e+01
-199	2.97588000e+05	5.10000000e+01	5.60000000e+01	7.70000000e+01
-198	2.99066000e+05	5.10000000e+01	5.60000000e+01	7.70000000e+01
-197	3.00640000e+05	5.10000000e+01	5.60000000e+01	7.70000000e+01
-196	3.02425000e+05	5.10000000e+01	5.60000000e+01	7.70000000e+01
-195	3.04123000e+05	5.10000000e+01	5.60000000e+01	7.70000000e+01
-194	3.06329000e+05	5.30000000e+01	5.80000000e+01	8.50000000e+01
-193	3.08546000e+05	5.30000000e+01	5.80000000e+01	8.50000000e+01
-192	3.10413000e+05	5.30000000e+01	5.90000000e+01	8.60000000e+01
-191	3.11868000e+05	5.30000000e+01	5.90000000e+01	8.60000000e+01
-190	3.13227000e+05	5.30000000e+01	5.90000000e+01	8.60000000e+01
-189	3.14601000e+05	5.90000000e+01	6.60000000e+01	9.30000000e+01
-188	3.16147000e+05	5.90000000e+01	6.60000000e+01	9.30000000e+01
-187	3.18248000e+05	5.90000000e+01	6.60000000e+01	9.30000000e+01
-186	3.20564000e+05	6.30000000e+01	6.70000000e+01	9.50000000e+01
-185	3.23326000e+05	6.30000000e+01	6.70000000e+01	9.50000000e+01
-184	3.25172000e+05	6.30000000e+01	6.70000000e+01	9.50000000e+01
-183	3.26596000e+05	6.30000000e+01	6.70000000e+01	9.50000000e+01
-182	3.28042000e+05	6.30000000e+01	6.70000000e+01	9.50000000e+01
-181	3.29619000e+05	6.30000000e+01	6.70000000e+01	9.50000000e+01
-180	3.29619000e+05	6.30000000e+01	6.70000000e+01	9.50000000e+01
-179	3.29619000e+05	6.30000000e+01	6.70000000e+01	9.50000000e+01
-178	3.31423000e+05	6.30000000e+01	6.70000000e+01	9.50000000e+01
-177	3.32883000e+05	6.30000000e+01	6.70000000e+01	9.50000000e+01
-176	3.34238000e+05	6.40000000e+01	6.80000000e+01	9.60000000e+01
-175	3.35741000e+05	6.40000000e+01	6.80000000e+01	9.60000000e+01
-174	3.37547000e+05	6.10000000e+01	6.80000000e+01	9.70000000e+01
-173	3.39732000e+05	6.10000000e+01	6.80000000e+01	9.70000000e+01
-172	3.41958000e+05	6.10000000e+01	6.80000000e+01	9.70000000e+01
-171	3.43747000e+05	6.10000000e+01	6.80000000e+01	9.70000000e+01
-170	3.45107000e+05	6.10000000e+01	6.80000000e+01	9.70000000e+01
-169	3.46448000e+05	6.10000000e+01	6.80000000e+01	9.70000000e+01
-168	3.47895000e+05	6.20000000e+01	6.90000000e+01	9.80000000e+01
-167	3.49317000e+05	6.20000000e+01	6.90000000e+01	9.80000000e+01
-166	3.51146000e+05	6.20000000e+01	6.90000000e+01	9.80000000e+01
-165	3.52926000e+05	6.20000000e+01	6.90000000e+01	9.80000000e+01
-164	3.52926000e+05	6.20000000e+01	6.90000000e+01	9.80000000e+01
-163	3.54181000e+05	6.20000000e+01	6.90000000e+01	9.80000000e+01
-162	3.55332000e+05	6.20000000e+01	6.90000000e+01	9.80000000e+01
-161	3.56715000e+05	6.20000000e+01	6.90000000e+01	9.80000000e+01
-160	3.59035000e+05	6.20000000e+01	7.00000000e+01	9.90000000e+01
-159	3.61699000e+05	6.20000000e+01	7.00000000e+01	9.90000000e+01
-158	3.65067000e+05	6.30000000e+01	7.30000000e+01	1.03000000e+02
-157	3.68393000e+05	6.30000000e+01	7.30000000e+01	1.03000000e+02
-156	3.70778000e+05	6.80000000e+01	7.60000000e+01	1.08000000e+02
-155	3.72706000e+05	6.60000000e+01	7.70000000e+01	1.10000000e+02
-154	3.74887000e+05	6.60000000e+01	7.70000000e+01	1.10000000e+02
-153	3.76871000e+05	6.60000000e+01	7.70000000e+01	1.10000000e+02
-152	3.79413000e+05	6.80000000e+01	7.80000000e+01	1.11000000e+02
-151	3.82418000e+05	7.30000000e+01	8.00000000e+01	1.13000000e+02
-150	3.84500000e+05	7.30000000e+01	8.00000000e+01	1.13000000e+02
-149	3.84500000e+05	7.30000000e+01	8.00000000e+01	1.13000000e+02
-148	3.86197000e+05	7.30000000e+01	8.00000000e+01	1.13000000e+02
-147	3.87521000e+05	7.30000000e+01	8.00000000e+01	1.13000000e+02
-146	3.89867000e+05	6.90000000e+01	8.10000000e+01	1.14000000e+02
-145	3.93084000e+05	6.90000000e+01	8.10000000e+01	1.14000000e+02
-144	3.95683000e+05	6.90000000e+01	8.10000000e+01	1.14000000e+02
-143	3.97497000e+05	6.90000000e+01	8.10000000e+01	1.14000000e+02
-142	3.99084000e+05	7.20000000e+01	8.30000000e+01	1.17000000e+02
-141	4.00629000e+05	7.20000000e+01	8.30000000e+01	1.17000000e+02
-140	4.02188000e+05	7.20000000e+01	8.30000000e+01	1.17000000e+02
-139	4.03793000e+05	7.20000000e+01	8.30000000e+01	1.17000000e+02
-138	4.05927000e+05	7.20000000e+01	8.30000000e+01	1.17000000e+02
-137	4.07862000e+05	7.20000000e+01	8.30000000e+01	1.17000000e+02
-136	4.09236000e+05	7.20000000e+01	8.30000000e+01	1.17000000e+02
-135	4.10482000e+05	7.50000000e+01	8.40000000e+01	1.19000000e+02
-134	4.11801000e+05	7.50000000e+01	8.40000000e+01	1.19000000e+02
-133	4.13593000e+05	7.50000000e+01	8.40000000e+01	1.19000000e+02
-132	4.15273000e+05	7.50000000e+01	8.40000000e+01	1.19000000e+02
-131	4.17746000e+05	7.40000000e+01	8.50000000e+01	1.20000000e+02
-130	4.19708000e+05	7.40000000e+01	8.50000000e+01	1.20000000e+02
-129	4.21255000e+05	7.40000000e+01	8.50000000e+01	1.20000000e+02
-128	4.23089000e+05	7.40000000e+01	8.50000000e+01	1.20000000e+02
-127	4.24589000e+05	7.80000000e+01	8.60000000e+01	1.21000000e+02
-126	4.27276000e+05	8.40000000e+01	9.20000000e+01	1.28000000e+02
-125	4.31736000e+05	8.40000000e+01	9.80000000e+01	1.36000000e+02
-124	4.35384000e+05	8.90000000e+01	1.00000000e+02	1.38000000e+02
-123	4.38657000e+05	8.90000000e+01	1.00000000e+02	1.38000000e+02
-122	4.40650000e+05	8.90000000e+01	1.00000000e+02	1.38000000e+02
-121	4.42371000e+05	8.90000000e+01	1.00000000e+02	1.38000000e+02
-120	4.44344000e+05	8.90000000e+01	1.00000000e+02	1.38000000e+02
-119	4.45943000e+05	8.90000000e+01	1.00000000e+02	1.38000000e+02
-118	4.47716000e+05	8.60000000e+01	1.01000000e+02	1.39000000e+02
-117	4.50239000e+05	9.00000000e+01	1.02000000e+02	1.40000000e+02
-116	4.52741000e+05	9.00000000e+01	1.02000000e+02	1.40000000e+02
-115	4.54732000e+05	9.00000000e+01	1.02000000e+02	1.40000000e+02
-114	4.56611000e+05	9.00000000e+01	1.02000000e+02	1.40000000e+02
-113	4.58452000e+05	9.00000000e+01	1.02000000e+02	1.40000000e+02
-112	4.60405000e+05	9.00000000e+01	1.02000000e+02	1.40000000e+02
-111	4.62572000e+05	9.00000000e+01	1.02000000e+02	1.40000000e+02
-110	4.65046000e+05	9.00000000e+01	1.02000000e+02	1.40000000e+02
-109	4.67349000e+05	9.00000000e+01	1.02000000e+02	1.40000000e+02
-108	4.69558000e+05	9.00000000e+01	1.02000000e+02	1.40000000e+02
-107	4.71516000e+05	9.00000000e+01	1.03000000e+02	1.41000000e+02
-106	4.73466000e+05	9.00000000e+01	1.04000000e+02	1.42000000e+02
-105	4.75216000e+05	9.20000000e+01	1.06000000e+02	1.44000000e+02
-104	4.76998000e+05	9.20000000e+01	1.06000000e+02	1.44000000e+02
-103	4.79270000e+05	9.20000000e+01	1.06000000e+02	1.44000000e+02
-102	4.81762000e+05	9.20000000e+01	1.06000000e+02	1.44000000e+02
-101	4.83651000e+05	9.20000000e+01	1.06000000e+02	1.44000000e+02
-100	4.85375000e+05	9.20000000e+01	1.06000000e+02	1.44000000e+02
-99	4.86828000e+05	9.20000000e+01	1.06000000e+02	1.44000000e+02
-98	4.88429000e+05	9.20000000e+01	1.06000000e+02	1.44000000e+02
-97	4.90108000e+05	9.20000000e+01	1.06000000e+02	1.44000000e+02
-96	4.92527000e+05	9.40000000e+01	1.08000000e+02	1.47000000e+02
-95	4.94753000e+05	9.60000000e+01	1.10000000e+02	1.49000000e+02
-94	4.96209000e+05	9.60000000e+01	1.10000000e+02	1.49000000e+02
-93	4.97641000e+05	1.03000000e+02	1.13000000e+02	1.52000000e+02
-92	4.98957000e+05	1.03000000e+02	1.13000000e+02	1.52000000e+02
-91	5.00345000e+05	1.04000000e+02	1.14000000e+02	1.71000000e+02
-90	5.02091000e+05	1.15000000e+02	1.15000000e+02	1.75000000e+02
-89	5.04289000e+05	1.15000000e+02	1.15000000e+02	1.75000000e+02
-88	5.06554000e+05	1.03000000e+02	1.16000000e+02	1.76000000e+02
-87	5.08281000e+05	1.06000000e+02	1.19000000e+02	1.79000000e+02
-86	5.09786000e+05	1.17000000e+02	1.20000000e+02	1.80000000e+02
-85	5.11216000e+05	1.17000000e+02	1.20000000e+02	1.80000000e+02
-84	5.12657000e+05	1.17000000e+02	1.20000000e+02	1.80000000e+02
-83	5.14450000e+05	1.05000000e+02	1.22000000e+02	1.82000000e+02
-82	5.16748000e+05	1.09000000e+02	1.23000000e+02	1.83000000e+02
-81	5.19130000e+05	1.20000000e+02	1.25000000e+02	1.85000000e+02
-80	5.20846000e+05	1.11000000e+02	1.26000000e+02	1.86000000e+02
-79	5.22430000e+05	1.11000000e+02	1.26000000e+02	1.86000000e+02
-78	5.23783000e+05	1.11000000e+02	1.26000000e+02	1.86000000e+02
-77	5.25176000e+05	1.10000000e+02	1.27000000e+02	1.87000000e+02
-76	5.26811000e+05	1.14000000e+02	1.28000000e+02	1.88000000e+02
-75	5.28864000e+05	1.14000000e+02	1.28000000e+02	1.88000000e+02
-74	5.30689000e+05	1.30000000e+02	1.32000000e+02	1.92000000e+02
-73	5.32377000e+05	1.28000000e+02	1.35000000e+02	1.95000000e+02
-72	5.33664000e+05	1.28000000e+02	1.35000000e+02	1.95000000e+02
-71	5.35157000e+05	1.28000000e+02	1.35000000e+02	1.95000000e+02
-70	5.36459000e+05	1.30000000e+02	1.36000000e+02	2.01000000e+02
-69	5.37705000e+05	1.30000000e+02	1.36000000e+02	2.01000000e+02
-68	5.39853000e+05	1.30000000e+02	1.36000000e+02	2.01000000e+02
-67	5.41699000e+05	1.24000000e+02	1.39000000e+02	2.04000000e+02
-66	5.43013000e+05	1.26000000e+02	1.40000000e+02	2.05000000e+02
-65	5.44153000e+05	1.29000000e+02	1.41000000e+02	2.06000000e+02
-64	5.45038000e+05	1.31000000e+02	1.42000000e+02	2.08000000e+02
-63	5.46155000e+05	1.29000000e+02	1.43000000e+02	2.09000000e+02
-62	5.47537000e+05	1.29000000e+02	1.43000000e+02	2.09000000e+02
-61	5.49250000e+05	1.29000000e+02	1.43000000e+02	2.09000000e+02
-60	5.50800000e+05	1.33000000e+02	1.44000000e+02	2.10000000e+02
-59	5.52064000e+05	1.33000000e+02	1.44000000e+02	2.10000000e+02
-58	5.53310000e+05	1.33000000e+02	1.44000000e+02	2.10000000e+02
-57	5.54501000e+05	1.33000000e+02	1.44000000e+02	2.10000000e+02
-56	5.55767000e+05	1.33000000e+02	1.44000000e+02	2.10000000e+02
-55	5.56900000e+05	1.33000000e+02	1.44000000e+02	2.10000000e+02
-54	5.58574000e+05	1.33000000e+02	1.44000000e+02	2.10000000e+02
-53	5.60121000e+05	1.33000000e+02	1.44000000e+02	2.10000000e+02
-52	5.61667000e+05	1.33000000e+02	1.44000000e+02	2.10000000e+02
-51	5.63089000e+05	1.33000000e+02	1.44000000e+02	2.10000000e+02
-50	5.64376000e+05	1.33000000e+02	1.44000000e+02	2.10000000e+02
-49	5.65823000e+05	1.31000000e+02	1.45000000e+02	2.11000000e+02
-48	5.67329000e+05	1.31000000e+02	1.45000000e+02	2.11000000e+02
-47	5.69215000e+05	1.31000000e+02	1.45000000e+02	2.11000000e+02
-46	5.70958000e+05	1.31000000e+02	1.45000000e+02	2.11000000e+02
-45	5.72504000e+05	1.32000000e+02	1.46000000e+02	2.12000000e+02
-44	5.73894000e+05	1.34000000e+02	1.48000000e+02	2.14000000e+02
-43	5.75195000e+05	1.39000000e+02	1.49000000e+02	2.17000000e+02
-42	5.76489000e+05	1.39000000e+02	1.49000000e+02	2.17000000e+02
-41	5.77418000e+05	1.39000000e+02	1.49000000e+02	2.17000000e+02
-40	5.77839000e+05	1.39000000e+02	1.49000000e+02	2.17000000e+02
-39	5.78173000e+05	1.42000000e+02	1.50000000e+02	2.18000000e+02
-38	5.78492000e+05	1.41000000e+02	1.51000000e+02	2.19000000e+02
-37	5.79180000e+05	1.41000000e+02	1.51000000e+02	2.19000000e+02
-36	5.80167000e+05	1.41000000e+02	1.51000000e+02	2.19000000e+02
-35	5.81785000e+05	1.41000000e+02	1.51000000e+02	2.19000000e+02
-34	5.83345000e+05	1.41000000e+02	1.51000000e+02	2.19000000e+02
-33	5.85612000e+05	1.44000000e+02	1.52000000e+02	2.20000000e+02
-32	5.88078000e+05	1.42000000e+02	1.54000000e+02	2.23000000e+02
-31	5.90239000e+05	1.44000000e+02	1.55000000e+02	2.25000000e+02
-30	5.92032000e+05	1.44000000e+02	1.55000000e+02	2.25000000e+02
-29	5.93961000e+05	1.44000000e+02	1.55000000e+02	2.25000000e+02
-28	5.95349000e+05	1.44000000e+02	1.55000000e+02	2.25000000e+02
-27	5.97035000e+05	1.46000000e+02	1.56000000e+02	2.26000000e+02
-26	5.97035000e+05	1.44000000e+02	1.57000000e+02	2.28000000e+02
-25	5.97733000e+05	1.44000000e+02	1.57000000e+02	2.28000000e+02
-24	5.97733000e+05	1.44000000e+02	1.57000000e+02	2.28000000e+02
-23	5.99777000e+05	1.44000000e+02	1.57000000e+02	2.28000000e+02
-22	6.01685000e+05	1.53000000e+02	1.59000000e+02	2.30000000e+02
-21	6.04683000e+05	1.52000000e+02	1.61000000e+02	2.32000000e+02
-20	6.09691000e+05	1.52000000e+02	1.62000000e+02	2.33000000e+02
-19	6.14463000e+05	1.52000000e+02	1.64000000e+02	2.37000000e+02
-18	6.18766000e+05	1.60000000e+02	1.65000000e+02	2.38000000e+02
-17	6.18766000e+05	1.60000000e+02	1.65000000e+02	2.38000000e+02
-16	6.23531000e+05	1.55000000e+02	1.66000000e+02	2.39000000e+02
-15	6.23531000e+05	1.55000000e+02	1.66000000e+02	2.39000000e+02
-14	6.23531000e+05	1.65000000e+02	1.70000000e+02	2.45000000e+02
-13	6.23531000e+05	1.62000000e+02	1.73000000e+02	2.48000000e+02
-12	6.23531000e+05	1.71000000e+02	1.77000000e+02	2.52000000e+02
-11	6.27453000e+05	1.69000000e+02	1.84000000e+02	2.75000000e+02
-10	6.31206000e+05	1.70000000e+02	1.85000000e+02	2.76000000e+02
-9	6.35715000e+05	1.76000000e+02	1.87000000e+02	2.79000000e+02
-8	6.40554000e+05	1.76000000e+02	1.87000000e+02	2.79000000e+02
-7	6.45049000e+05	1.84000000e+02	1.91000000e+02	2.86000000e+02
-6	6.50142000e+05	1.84000000e+02	1.91000000e+02	2.86000000e+02
-5	6.55436000e+05	1.88000000e+02	1.92000000e+02	2.88000000e+02
-4	6.59965000e+05	1.93000000e+02	1.96000000e+02	2.93000000e+02
-3	6.64591000e+05	1.93000000e+02	1.96000000e+02	2.93000000e+02
-2	6.70328000e+05	1.86000000e+02	1.99000000e+02	2.96000000e+02
-1	6.76646000e+05	1.94000000e+02	2.01000000e+02	2.98000000e+02
0	6.87409000e+05	1.94000000e+02	2.07000000e+02	3.09000000e+02
1	7.01917000e+05	1.97000000e+02	2.16000000e+02	3.26000000e+02
2	7.16040000e+05	2.10000000e+02	2.24000000e+02	3.37000000e+02
3	7.28766000e+05	2.10000000e+02	2.36000000e+02	3.50000000e+02
4	7.41021000e+05	2.29000000e+02	2.40000000e+02	3.54000000e+02
5	7.49177000e+05	2.38000000e+02	2.44000000e+02	3.58000000e+02
6	7.56728000e+05	2.23000000e+02	2.48000000e+02	3.62000000e+02
7	7.63448000e+05	2.28000000e+02	2.50000000e+02	3.65000000e+02
8	7.70572000e+05	2.31000000e+02	2.55000000e+02	3.73000000e+02
9	7.77161000e+05	2.35000000e+02	2.57000000e+02	3.75000000e+02
10	7.82977000e+05	2.36000000e+02	2.59000000e+02	3.77000000e+02
11	7.88664000e+05	2.47000000e+02	2.62000000e+02	3.82000000e+02
12	7.94005000e+05	2.41000000e+02	2.67000000e+02	3.90000000e+02
13	7.98723000e+05	2.37000000e+02	2.70000000e+02	3.93000000e+02
14	8.03320000e+05	2.41000000e+02	2.71000000e+02	3.94000000e+02
15	8.07900000e+05	2.41000000e+02	2.71000000e+02	3.94000000e+02
16	8.12066000e+05	2.44000000e+02	2.74000000e+02	4.06000000e+02
17	8.16157000e+05	2.45000000e+02	2.78000000e+02	4.11000000e+02
18	8.20426000e+05	2.46000000e+02	2.79000000e+02	4.12000000e+02
19	8.24076000e+05	2.60000000e+02	2.80000000e+02	4.13000000e+02
20	8.27516000e+05	2.56000000e+02	2.83000000e+02	4.31000000e+02
21	8.31070000e+05	2.66000000e+02	2.88000000e+02	4.37000000e+02
22	8.34426000e+05	2.63000000e+02	2.89000000e+02	4.38000000e+02
23	8.37720000e+05	2.76000000e+02	2.92000000e+02	4.41000000e+02
24	8.41198000e+05	2.72000000e+02	2.93000000e+02	4.42000000e+02
25	8.44281000e+05	2.72000000e+02	2.93000000e+02	4.42000000e+02
26	8.47494000e+05	2.68000000e+02	2.95000000e+02	4.44000000e+02
27	8.50402000e+05	2.71000000e+02	2.99000000e+02	4.48000000e+02
28	8.53123000e+05	2.82000000e+02	3.01000000e+02	4.50000000e+02
29	8.55778000e+05	2.69000000e+02	3.03000000e+02	4.52000000e+02
30	8.58559000e+05	2.70000000e+02	3.04000000e+02	4.53000000e+02
31	8.61493000e+05	2.76000000e+02	3.07000000e+02	4.56000000e+02
32	8.64219000e+05	2.78000000e+02	3.09000000e+02	4.58000000e+02
33	8.66699000e+05	2.78000000e+02	3.09000000e+02	4.58000000e+02
34	8.69051000e+05	2.78000000e+02	3.10000000e+02	4.59000000e+02
35	8.71356000e+05	2.78000000e+02	3.10000000e+02	4.59000000e+02
36	8.73613000e+05	2.78000000e+02	3.10000000e+02	4.59000000e+02
37	8.76135000e+05	2.78000000e+02	3.10000000e+02	4.59000000e+02
38	8.78791000e+05	2.78000000e+02	3.10000000e+02	4.59000000e+02
39	8.81101000e+05	2.78000000e+02	3.10000000e+02	4.59000000e+02
40	8.83096000e+05	2.78000000e+02	3.10000000e+02	4.59000000e+02
41	8.85186000e+05	2.78000000e+02	3.10000000e+02	4.59000000e+02
42	8.87567000e+05	2.79000000e+02	3.12000000e+02	4.61000000e+02
43	8.89857000e+05	2.79000000e+02	3.13000000e+02	4.63000000e+02
44	8.92861000e+05	2.75000000e+02	3.14000000e+02	4.64000000e+02
45	8.95760000e+05	2.84000000e+02	3.15000000e+02	4.65000000e+02
46	8.98298000e+05	2.84000000e+02	3.15000000e+02	4.65000000e+02
47	9.00319000e+05	2.74000000e+02	3.20000000e+02	4.70000000e+02
48	9.02343000e+05	2.75000000e+02	3.22000000e+02	4.72000000e+02
49	9.04504000e+05	2.75000000e+02	3.22000000e+02	4.72000000e+02
50	9.06668000e+05	2.84000000e+02	3.23000000e+02	4.73000000e+02
51	9.09563000e+05	2.84000000e+02	3.23000000e+02	4.73000000e+02
52	9.12537000e+05	2.84000000e+02	3.23000000e+02	4.73000000e+02
53	9.14446000e+05	2.97000000e+02	3.26000000e+02	4.76000000e+02
54	9.16120000e+05	2.97000000e+02	3.26000000e+02	4.76000000e+02
55	9.17773000e+05	2.95000000e+02	3.28000000e+02	4.83000000e+02
56	9.19449000e+05	2.85000000e+02	3.30000000e+02	4.92000000e+02
57	9.21335000e+05	2.97000000e+02	3.31000000e+02	4.93000000e+02
58	9.23684000e+05	2.97000000e+02	3.31000000e+02	4.93000000e+02
59	9.25965000e+05	2.97000000e+02	3.31000000e+02	4.93000000e+02
60	9.27893000e+05	2.97000000e+02	3.31000000e+02	4.93000000e+02
61	9.29581000e+05	2.87000000e+02	3.33000000e+02	4.97000000e+02
62	9.31228000e+05	2.92000000e+02	3.34000000e+02	4.98000000e+02
63	9.32891000e+05	2.94000000e+02	3.36000000e+02	5.00000000e+02
64	9.34671000e+05	2.94000000e+02	3.36000000e+02	5.00000000e+02
65	9.37160000e+05	2.97000000e+02	3.38000000e+02	5.02000000e+02
66	9.39419000e+05	2.97000000e+02	3.39000000e+02	5.03000000e+02
67	9.41091000e+05	2.97000000e+02	3.39000000e+02	5.03000000e+02
68	9.42691000e+05	3.04000000e+02	3.40000000e+02	5.04000000e+02
69	9.44485000e+05	3.04000000e+02	3.40000000e+02	5.04000000e+02
70	9.46260000e+05	3.04000000e+02	3.42000000e+02	5.08000000e+02
71	9.48127000e+05	3.08000000e+02	3.43000000e+02	5.09000000e+02
72	9.50696000e+05	3.08000000e+02	3.43000000e+02	5.09000000e+02
73	9.52943000e+05	3.14000000e+02	3.44000000e+02	5.12000000e+02
74	9.54682000e+05	3.14000000e+02	3.44000000e+02	5.12000000e+02
75	9.56251000e+05	3.14000000e+02	3.44000000e+02	5.12000000e+02
76	9.57850000e+05	3.14000000e+02	3.44000000e+02	5.12000000e+02
77	9.59561000e+05	3.14000000e+02	3.44000000e+02	5.12000000e+02
78	9.61381000e+05	3.16000000e+02	3.45000000e+02	5.13000000e+02
79	9.63878000e+05	3.17000000e+02	3.47000000e+02	5.15000000e+02
80	9.66348000e+05	3.17000000e+02	3.48000000e+02	5.16000000e+02
81	9.68449000e+05	2.99000000e+02	3.51000000e+02	5.20000000e+02
82	9.70522000e+05	3.12000000e+02	3.52000000e+02	5.21000000e+02
83	9.72298000e+05	3.12000000e+02	3.52000000e+02	5.21000000e+02
84	9.74055000e+05	3.12000000e+02	3.52000000e+02	5.21000000e+02
85	9.75952000e+05	3.12000000e+02	3.52000000e+02	5.21000000e+02
86	9.78376000e+05	3.04000000e+02	3.53000000e+02	5.22000000e+02
87	9.80841000e+05	3.18000000e+02	3.57000000e+02	5.27000000e+02
88	9.82902000e+05	3.13000000e+02	3.61000000e+02	5.82000000e+02
89	9.84521000e+05	3.13000000e+02	3.61000000e+02	5.82000000e+02
90	9.86004000e+05	3.13000000e+02	3.61000000e+02	5.82000000e+02
91	9.87687000e+05	3.24000000e+02	3.63000000e+02	5.85000000e+02
92	9.89694000e+05	3.24000000e+02	3.63000000e+02	5.85000000e+02
93	9.92101000e+05	3.24000000e+02	3.63000000e+02	5.85000000e+02
94	9.94661000e+05	3.23000000e+02	3.69000000e+02	6.08000000e+02
95	9.96579000e+05	3.13000000e+02	3.70000000e+02	6.09000000e+02
96	9.98517000e+05	3.28000000e+02	3.72000000e+02	6.13000000e+02
97	1.00036400e+06	3.28000000e+02	3.72000000e+02	6.13000000e+02
98	1.00211800e+06	3.12000000e+02	3.74000000e+02	6.15000000e+02
99	1.00432100e+06	3.41000000e+02	3.76000000e+02	6.17000000e+02
100	1.00747900e+06	3.37000000e+02	3.77000000e+02	6.18000000e+02
