Day_(movie_time)	Views	Users	Rigor	Edits
-500	0.00000000e+00	1.00000000e+00	1.00000000e+00	1.00000000e+00
-499	4.17000000e+02	1.00000000e+00	1.00000000e+00	1.00000000e+00
-498	7.94000000e+02	1.00000000e+00	1.00000000e+00	1.00000000e+00
-497	1.21300000e+03	1.00000000e+00	1.00000000e+00	1.00000000e+00
-496	1.69000000e+03	1.00000000e+00	1.00000000e+00	1.00000000e+00
-495	2.11800000e+03	1.00000000e+00	1.00000000e+00	1.00000000e+00
-494	2.55800000e+03	1.00000000e+00	1.00000000e+00	1.00000000e+00
-493	3.11200000e+03	2.00000000e+00	2.00000000e+00	2.00000000e+00
-492	3.55200000e+03	2.00000000e+00	2.00000000e+00	2.00000000e+00
-491	4.00000000e+03	2.00000000e+00	2.00000000e+00	2.00000000e+00
-490	4.42300000e+03	2.00000000e+00	2.00000000e+00	2.00000000e+00
-489	4.82900000e+03	2.00000000e+00	2.00000000e+00	2.00000000e+00
-488	5.23900000e+03	2.00000000e+00	2.00000000e+00	2.00000000e+00
-487	5.99900000e+03	2.00000000e+00	2.00000000e+00	2.00000000e+00
-486	7.52400000e+03	2.00000000e+00	2.00000000e+00	2.00000000e+00
-485	8.98900000e+03	2.00000000e+00	2.00000000e+00	2.00000000e+00
-484	1.04110000e+04	2.00000000e+00	2.00000000e+00	2.00000000e+00
-483	1.18510000e+04	2.00000000e+00	2.00000000e+00	2.00000000e+00
-482	1.32930000e+04	2.00000000e+00	2.00000000e+00	2.00000000e+00
-481	1.47310000e+04	2.00000000e+00	2.00000000e+00	2.00000000e+00
-480	1.64200000e+04	2.00000000e+00	2.00000000e+00	2.00000000e+00
-479	1.83600000e+04	2.00000000e+00	2.00000000e+00	2.00000000e+00
-478	1.98770000e+04	2.00000000e+00	2.00000000e+00	2.00000000e+00
-477	2.14570000e+04	2.00000000e+00	2.00000000e+00	2.00000000e+00
-476	2.35430000e+04	2.00000000e+00	2.00000000e+00	2.00000000e+00
-475	2.52370000e+04	2.00000000e+00	2.00000000e+00	2.00000000e+00
-474	2.69920000e+04	2.00000000e+00	2.00000000e+00	2.00000000e+00
-473	2.88000000e+04	2.00000000e+00	2.00000000e+00	2.00000000e+00
-472	3.06080000e+04	2.00000000e+00	2.00000000e+00	2.00000000e+00
-471	3.24530000e+04	2.00000000e+00	2.00000000e+00	2.00000000e+00
-470	3.40760000e+04	2.00000000e+00	2.00000000e+00	2.00000000e+00
-469	3.59080000e+04	2.00000000e+00	2.00000000e+00	2.00000000e+00
-468	3.78130000e+04	2.00000000e+00	2.00000000e+00	2.00000000e+00
-467	3.96310000e+04	2.00000000e+00	2.00000000e+00	2.00000000e+00
-466	4.18180000e+04	2.00000000e+00	2.00000000e+00	2.00000000e+00
-465	4.40740000e+04	2.00000000e+00	2.00000000e+00	2.00000000e+00
-464	4.60800000e+04	2.00000000e+00	2.00000000e+00	2.00000000e+00
-463	4.78210000e+04	2.00000000e+00	2.00000000e+00	2.00000000e+00
-462	4.97950000e+04	2.00000000e+00	2.00000000e+00	2.00000000e+00
-461	5.21970000e+04	2.00000000e+00	2.00000000e+00	2.00000000e+00
-460	5.44860000e+04	2.00000000e+00	2.00000000e+00	2.00000000e+00
-459	5.72870000e+04	2.00000000e+00	2.00000000e+00	2.00000000e+00
-458	5.96550000e+04	2.00000000e+00	2.00000000e+00	2.00000000e+00
-457	6.19550000e+04	2.00000000e+00	2.00000000e+00	2.00000000e+00
-456	6.43870000e+04	2.00000000e+00	2.00000000e+00	2.00000000e+00
-455	6.65950000e+04	2.00000000e+00	2.00000000e+00	2.00000000e+00
-454	6.88110000e+04	2.00000000e+00	2.00000000e+00	2.00000000e+00
-453	7.09210000e+04	2.00000000e+00	2.00000000e+00	2.00000000e+00
-452	7.35370000e+04	2.00000000e+00	2.00000000e+00	2.00000000e+00
-451	7.78010000e+04	2.00000000e+00	2.00000000e+00	2.00000000e+00
-450	8.02480000e+04	2.00000000e+00	2.00000000e+00	2.00000000e+00
-449	8.25770000e+04	2.00000000e+00	2.00000000e+00	2.00000000e+00
-448	8.47790000e+04	2.00000000e+00	2.00000000e+00	2.00000000e+00
-447	8.66460000e+04	2.00000000e+00	2.00000000e+00	2.00000000e+00
-446	8.85080000e+04	2.00000000e+00	2.00000000e+00	2.00000000e+00
-445	9.06710000e+04	2.00000000e+00	2.00000000e+00	2.00000000e+00
-444	9.25110000e+04	2.00000000e+00	2.00000000e+00	2.00000000e+00
-443	9.42680000e+04	2.00000000e+00	2.00000000e+00	2.00000000e+00
-442	9.59810000e+04	2.00000000e+00	2.00000000e+00	2.00000000e+00
-441	9.75630000e+04	2.00000000e+00	2.00000000e+00	2.00000000e+00
-440	9.92120000e+04	2.00000000e+00	2.00000000e+00	2.00000000e+00
-439	1.00802000e+05	2.00000000e+00	2.00000000e+00	2.00000000e+00
-438	1.02683000e+05	2.00000000e+00	2.00000000e+00	2.00000000e+00
-437	1.04521000e+05	2.00000000e+00	2.00000000e+00	2.00000000e+00
-436	1.05794000e+05	2.00000000e+00	2.00000000e+00	2.00000000e+00
-435	1.06992000e+05	2.00000000e+00	2.00000000e+00	2.00000000e+00
-434	1.08345000e+05	2.00000000e+00	2.00000000e+00	2.00000000e+00
-433	1.09978000e+05	2.00000000e+00	2.00000000e+00	2.00000000e+00
-432	1.11479000e+05	2.00000000e+00	2.00000000e+00	2.00000000e+00
-431	1.13467000e+05	2.00000000e+00	2.00000000e+00	2.00000000e+00
-430	1.15493000e+05	2.00000000e+00	2.00000000e+00	2.00000000e+00
-429	1.17585000e+05	4.00000000e+00	4.00000000e+00	7.00000000e+00
-428	1.19752000e+05	5.00000000e+00	5.00000000e+00	9.00000000e+00
-427	1.21967000e+05	5.00000000e+00	5.00000000e+00	9.00000000e+00
-426	1.24201000e+05	5.00000000e+00	5.00000000e+00	9.00000000e+00
-425	1.26216000e+05	5.00000000e+00	5.00000000e+00	9.00000000e+00
-424	1.27994000e+05	5.00000000e+00	5.00000000e+00	9.00000000e+00
-423	1.30211000e+05	5.00000000e+00	5.00000000e+00	9.00000000e+00
-422	1.32396000e+05	5.00000000e+00	5.00000000e+00	9.00000000e+00
-421	1.34182000e+05	5.00000000e+00	5.00000000e+00	9.00000000e+00
-420	1.36124000e+05	5.00000000e+00	5.00000000e+00	9.00000000e+00
-419	1.38088000e+05	5.00000000e+00	5.00000000e+00	9.00000000e+00
-418	1.39957000e+05	5.00000000e+00	5.00000000e+00	9.00000000e+00
-417	1.42235000e+05	5.00000000e+00	5.00000000e+00	9.00000000e+00
-416	1.44898000e+05	5.00000000e+00	5.00000000e+00	9.00000000e+00
-415	1.47387000e+05	5.00000000e+00	5.00000000e+00	9.00000000e+00
-414	1.50287000e+05	5.00000000e+00	5.00000000e+00	9.00000000e+00
-413	1.53566000e+05	5.00000000e+00	5.00000000e+00	9.00000000e+00
-412	1.56877000e+05	5.00000000e+00	5.00000000e+00	9.00000000e+00
-411	1.60001000e+05	5.00000000e+00	5.00000000e+00	9.00000000e+00
-410	1.63240000e+05	5.00000000e+00	5.00000000e+00	9.00000000e+00
-409	1.66396000e+05	5.00000000e+00	5.00000000e+00	9.00000000e+00
-408	1.69228000e+05	5.00000000e+00	5.00000000e+00	9.00000000e+00
-407	1.72023000e+05	5.00000000e+00	5.00000000e+00	9.00000000e+00
-406	1.74883000e+05	5.00000000e+00	5.00000000e+00	9.00000000e+00
-405	1.77596000e+05	5.00000000e+00	5.00000000e+00	9.00000000e+00
-404	1.79974000e+05	5.00000000e+00	5.00000000e+00	9.00000000e+00
-403	1.82860000e+05	5.00000000e+00	5.00000000e+00	9.00000000e+00
-402	1.86559000e+05	5.00000000e+00	5.00000000e+00	9.00000000e+00
-401	1.90047000e+05	5.00000000e+00	5.00000000e+00	9.00000000e+00
-400	1.93353000e+05	5.00000000e+00	5.00000000e+00	9.00000000e+00
-399	1.96255000e+05	5.00000000e+00	5.00000000e+00	9.00000000e+00
-398	1.99650000e+05	5.00000000e+00	5.00000000e+00	9.00000000e+00
-397	2.03378000e+05	5.00000000e+00	5.00000000e+00	9.00000000e+00
-396	2.06641000e+05	5.00000000e+00	5.00000000e+00	9.00000000e+00
-395	2.10050000e+05	5.00000000e+00	5.00000000e+00	9.00000000e+00
-394	2.13085000e+05	5.00000000e+00	5.00000000e+00	9.00000000e+00
-393	2.16336000e+05	5.00000000e+00	5.00000000e+00	9.00000000e+00
-392	2.19313000e+05	5.00000000e+00	5.00000000e+00	9.00000000e+00
-391	2.22403000e+05	5.00000000e+00	5.00000000e+00	9.00000000e+00
-390	2.25504000e+05	5.00000000e+00	5.00000000e+00	9.00000000e+00
-389	2.28432000e+05	5.00000000e+00	5.00000000e+00	9.00000000e+00
-388	2.31710000e+05	5.00000000e+00	5.00000000e+00	9.00000000e+00
-387	2.34079000e+05	5.00000000e+00	5.00000000e+00	9.00000000e+00
-386	2.36435000e+05	5.00000000e+00	5.00000000e+00	9.00000000e+00
-385	2.39109000e+05	5.00000000e+00	5.00000000e+00	9.00000000e+00
-384	2.41556000e+05	5.00000000e+00	5.00000000e+00	9.00000000e+00
-383	2.44319000e+05	5.00000000e+00	5.00000000e+00	9.00000000e+00
-382	2.47506000e+05	5.00000000e+00	5.00000000e+00	9.00000000e+00
-381	2.50922000e+05	5.00000000e+00	5.00000000e+00	9.00000000e+00
-380	2.53473000e+05	5.00000000e+00	5.00000000e+00	9.00000000e+00
-379	2.55745000e+05	5.00000000e+00	5.00000000e+00	9.00000000e+00
-378	2.58898000e+05	5.00000000e+00	5.00000000e+00	9.00000000e+00
-377	2.62146000e+05	5.00000000e+00	5.00000000e+00	9.00000000e+00
-376	2.65513000e+05	5.00000000e+00	5.00000000e+00	9.00000000e+00
-375	2.68929000e+05	5.00000000e+00	5.00000000e+00	9.00000000e+00
-374	2.71976000e+05	5.00000000e+00	5.00000000e+00	9.00000000e+00
-373	2.74606000e+05	5.00000000e+00	5.00000000e+00	9.00000000e+00
-372	2.77226000e+05	5.00000000e+00	5.00000000e+00	9.00000000e+00
-371	2.79697000e+05	5.00000000e+00	5.00000000e+00	9.00000000e+00
-370	2.82013000e+05	5.00000000e+00	5.00000000e+00	9.00000000e+00
-369	2.84593000e+05	5.00000000e+00	5.00000000e+00	9.00000000e+00
-368	2.87240000e+05	5.00000000e+00	5.00000000e+00	9.00000000e+00
-367	2.89890000e+05	5.00000000e+00	5.00000000e+00	9.00000000e+00
-366	2.92632000e+05	5.00000000e+00	5.00000000e+00	9.00000000e+00
-365	2.95542000e+05	5.00000000e+00	5.00000000e+00	9.00000000e+00
-364	2.98080000e+05	5.00000000e+00	5.00000000e+00	9.00000000e+00
-363	3.00912000e+05	5.00000000e+00	5.00000000e+00	9.00000000e+00
-362	3.03311000e+05	5.00000000e+00	5.00000000e+00	9.00000000e+00
-361	3.06289000e+05	5.00000000e+00	5.00000000e+00	9.00000000e+00
-360	3.08738000e+05	5.00000000e+00	5.00000000e+00	9.00000000e+00
-359	3.11050000e+05	5.00000000e+00	5.00000000e+00	9.00000000e+00
-358	3.13035000e+05	5.00000000e+00	5.00000000e+00	9.00000000e+00
-357	3.14914000e+05	5.00000000e+00	5.00000000e+00	9.00000000e+00
-356	3.17069000e+05	5.00000000e+00	5.00000000e+00	9.00000000e+00
-355	3.19952000e+05	5.00000000e+00	5.00000000e+00	9.00000000e+00
-354	3.22597000e+05	5.00000000e+00	5.00000000e+00	9.00000000e+00
-353	3.25217000e+05	5.00000000e+00	5.00000000e+00	9.00000000e+00
-352	3.28475000e+05	5.00000000e+00	5.00000000e+00	9.00000000e+00
-351	3.28475000e+05	5.00000000e+00	5.00000000e+00	9.00000000e+00
-350	3.32262000e+05	5.00000000e+00	5.00000000e+00	9.00000000e+00
-349	3.32262000e+05	5.00000000e+00	5.00000000e+00	9.00000000e+00
-348	3.32262000e+05	5.00000000e+00	5.00000000e+00	9.00000000e+00
-347	3.32262000e+05	5.00000000e+00	5.00000000e+00	9.00000000e+00
-346	3.37441000e+05	5.00000000e+00	5.00000000e+00	9.00000000e+00
-345	3.41174000e+05	5.00000000e+00	5.00000000e+00	9.00000000e+00
-344	3.45104000e+05	5.00000000e+00	5.00000000e+00	9.00000000e+00
-343	3.48575000e+05	9.00000000e+00	8.00000000e+00	1.20000000e+01
-342	3.52003000e+05	9.00000000e+00	8.00000000e+00	1.20000000e+01
-341	3.55178000e+05	9.00000000e+00	8.00000000e+00	1.20000000e+01
-340	3.58751000e+05	9.00000000e+00	8.00000000e+00	1.20000000e+01
-339	3.61905000e+05	9.00000000e+00	8.00000000e+00	1.20000000e+01
-338	3.64710000e+05	9.00000000e+00	1.00000000e+01	1.40000000e+01
-337	3.67494000e+05	9.00000000e+00	1.00000000e+01	1.40000000e+01
-336	3.70964000e+05	9.00000000e+00	1.00000000e+01	1.40000000e+01
-335	3.73824000e+05	9.00000000e+00	1.00000000e+01	1.40000000e+01
-334	3.77084000e+05	9.00000000e+00	1.00000000e+01	1.40000000e+01
-333	3.80446000e+05	9.00000000e+00	1.00000000e+01	1.40000000e+01
-332	3.83661000e+05	9.00000000e+00	1.00000000e+01	1.40000000e+01
-331	3.86651000e+05	9.00000000e+00	1.00000000e+01	1.40000000e+01
-330	3.86651000e+05	9.00000000e+00	1.00000000e+01	1.40000000e+01
-329	3.86651000e+05	9.00000000e+00	1.00000000e+01	1.40000000e+01
-328	3.86651000e+05	9.00000000e+00	1.00000000e+01	1.40000000e+01
-327	3.89384000e+05	9.00000000e+00	1.00000000e+01	1.40000000e+01
-326	3.92658000e+05	9.00000000e+00	1.00000000e+01	1.40000000e+01
-325	3.96330000e+05	1.00000000e+01	1.00000000e+01	1.60000000e+01
-324	4.00652000e+05	1.00000000e+01	1.00000000e+01	1.60000000e+01
-323	4.04850000e+05	1.70000000e+01	1.60000000e+01	2.90000000e+01
-322	4.09385000e+05	1.80000000e+01	1.80000000e+01	3.10000000e+01
-321	4.13888000e+05	1.80000000e+01	1.80000000e+01	3.10000000e+01
-320	4.18683000e+05	1.80000000e+01	2.00000000e+01	3.30000000e+01
-319	4.25092000e+05	1.80000000e+01	2.00000000e+01	3.30000000e+01
-318	4.30268000e+05	2.40000000e+01	2.20000000e+01	3.80000000e+01
-317	4.36200000e+05	2.40000000e+01	2.20000000e+01	3.80000000e+01
-316	4.40823000e+05	2.40000000e+01	2.20000000e+01	3.80000000e+01
-315	4.45272000e+05	2.20000000e+01	2.50000000e+01	4.60000000e+01
-314	4.49810000e+05	2.30000000e+01	2.60000000e+01	4.70000000e+01
-313	4.54466000e+05	2.60000000e+01	2.70000000e+01	4.80000000e+01
-312	4.59470000e+05	2.50000000e+01	2.80000000e+01	4.90000000e+01
-311	4.64195000e+05	2.50000000e+01	2.80000000e+01	4.90000000e+01
-310	4.68964000e+05	2.50000000e+01	2.80000000e+01	4.90000000e+01
-309	4.73842000e+05	2.80000000e+01	2.90000000e+01	5.00000000e+01
-308	4.79106000e+05	2.80000000e+01	2.90000000e+01	5.00000000e+01
-307	4.86276000e+05	2.90000000e+01	3.30000000e+01	5.40000000e+01
-306	4.92467000e+05	3.60000000e+01	3.60000000e+01	6.30000000e+01
-305	4.98511000e+05	3.60000000e+01	3.60000000e+01	6.30000000e+01
-304	5.04191000e+05	4.00000000e+01	3.80000000e+01	6.50000000e+01
-303	5.10045000e+05	3.90000000e+01	4.10000000e+01	6.80000000e+01
-302	5.15057000e+05	4.20000000e+01	4.60000000e+01	7.40000000e+01
-301	5.19812000e+05	4.60000000e+01	5.10000000e+01	8.00000000e+01
-300	5.24089000e+05	4.60000000e+01	5.10000000e+01	8.00000000e+01
-299	5.28547000e+05	4.60000000e+01	5.10000000e+01	8.00000000e+01
-298	5.28547000e+05	5.10000000e+01	5.40000000e+01	8.30000000e+01
-297	5.32971000e+05	5.20000000e+01	5.50000000e+01	8.70000000e+01
-296	5.36381000e+05	5.60000000e+01	5.60000000e+01	9.00000000e+01
-295	5.39743000e+05	5.10000000e+01	5.80000000e+01	9.20000000e+01
-294	5.43052000e+05	5.40000000e+01	6.20000000e+01	9.70000000e+01
-293	5.46719000e+05	6.00000000e+01	6.30000000e+01	9.90000000e+01
-292	5.50337000e+05	6.00000000e+01	6.30000000e+01	9.90000000e+01
-291	5.50337000e+05	6.00000000e+01	6.30000000e+01	9.90000000e+01
-290	5.54704000e+05	6.10000000e+01	6.40000000e+01	1.01000000e+02
-289	5.58185000e+05	6.10000000e+01	6.40000000e+01	1.01000000e+02
-288	5.61540000e+05	5.90000000e+01	6.50000000e+01	1.04000000e+02
-287	5.64674000e+05	6.20000000e+01	6.90000000e+01	1.08000000e+02
-286	5.68460000e+05	6.70000000e+01	7.10000000e+01	1.10000000e+02
-285	5.72197000e+05	7.00000000e+01	7.70000000e+01	1.17000000e+02
-284	5.76504000e+05	6.70000000e+01	7.80000000e+01	1.18000000e+02
-283	5.80478000e+05	6.70000000e+01	7.80000000e+01	1.18000000e+02
-282	5.83673000e+05	7.00000000e+01	7.90000000e+01	1.19000000e+02
-281	5.86772000e+05	6.90000000e+01	8.00000000e+01	1.20000000e+02
-280	5.90095000e+05	6.90000000e+01	8.00000000e+01	1.20000000e+02
-279	5.93525000e+05	7.30000000e+01	8.20000000e+01	1.23000000e+02
-278	5.96978000e+05	7.90000000e+01	8.30000000e+01	1.25000000e+02
-277	6.00741000e+05	7.90000000e+01	8.30000000e+01	1.25000000e+02
-276	6.04776000e+05	7.90000000e+01	8.30000000e+01	1.25000000e+02
-275	6.08038000e+05	7.60000000e+01	8.70000000e+01	1.33000000e+02
-274	6.11140000e+05	8.20000000e+01	8.90000000e+01	1.36000000e+02
-273	6.13955000e+05	8.20000000e+01	8.90000000e+01	1.36000000e+02
-272	6.16709000e+05	8.20000000e+01	8.90000000e+01	1.36000000e+02
-271	6.20454000e+05	8.10000000e+01	9.10000000e+01	1.38000000e+02
-270	6.24706000e+05	8.30000000e+01	9.20000000e+01	1.39000000e+02
-269	6.27707000e+05	8.10000000e+01	9.30000000e+01	1.40000000e+02
-268	6.30426000e+05	8.10000000e+01	9.30000000e+01	1.40000000e+02
-267	6.33482000e+05	8.10000000e+01	9.30000000e+01	1.40000000e+02
-266	6.37434000e+05	8.10000000e+01	9.30000000e+01	1.40000000e+02
-265	6.40579000e+05	8.10000000e+01	9.30000000e+01	1.40000000e+02
-264	6.43495000e+05	8.10000000e+01	9.30000000e+01	1.40000000e+02
-263	6.46846000e+05	8.30000000e+01	9.60000000e+01	1.44000000e+02
-262	6.50619000e+05	8.30000000e+01	9.60000000e+01	1.44000000e+02
-261	6.53927000e+05	8.30000000e+01	9.70000000e+01	1.45000000e+02
-260	6.57496000e+05	9.20000000e+01	9.80000000e+01	1.50000000e+02
-259	6.60660000e+05	8.80000000e+01	9.90000000e+01	1.52000000e+02
-258	6.63246000e+05	8.80000000e+01	9.90000000e+01	1.52000000e+02
-257	6.66442000e+05	9.30000000e+01	1.00000000e+02	1.53000000e+02
-256	6.70290000e+05	9.30000000e+01	1.01000000e+02	1.54000000e+02
-255	6.74152000e+05	9.30000000e+01	1.01000000e+02	1.54000000e+02
-254	6.78026000e+05	9.10000000e+01	1.05000000e+02	1.61000000e+02
-253	6.82567000e+05	9.30000000e+01	1.07000000e+02	1.64000000e+02
-252	6.87576000e+05	9.30000000e+01	1.07000000e+02	1.64000000e+02
-251	6.92278000e+05	9.20000000e+01	1.10000000e+02	1.69000000e+02
-250	7.08239000e+05	9.90000000e+01	1.14000000e+02	1.73000000e+02
-249	7.13906000e+05	1.02000000e+02	1.15000000e+02	1.74000000e+02
-248	7.18153000e+05	1.02000000e+02	1.15000000e+02	1.74000000e+02
-247	7.21954000e+05	1.02000000e+02	1.15000000e+02	1.74000000e+02
-246	7.25868000e+05	1.02000000e+02	1.15000000e+02	1.74000000e+02
-245	7.30511000e+05	1.03000000e+02	1.17000000e+02	1.76000000e+02
-244	7.34732000e+05	1.03000000e+02	1.17000000e+02	1.76000000e+02
-243	7.38956000e+05	1.02000000e+02	1.19000000e+02	1.78000000e+02
-242	7.43151000e+05	1.02000000e+02	1.19000000e+02	1.78000000e+02
-241	7.47657000e+05	1.01000000e+02	1.22000000e+02	1.82000000e+02
-240	7.52197000e+05	1.06000000e+02	1.23000000e+02	1.84000000e+02
-239	7.56538000e+05	1.06000000e+02	1.23000000e+02	1.84000000e+02
-238	7.60626000e+05	1.06000000e+02	1.23000000e+02	1.84000000e+02
-237	7.64984000e+05	1.03000000e+02	1.24000000e+02	1.85000000e+02
-236	7.70151000e+05	1.03000000e+02	1.24000000e+02	1.85000000e+02
-235	7.75281000e+05	1.04000000e+02	1.26000000e+02	1.87000000e+02
-234	7.80828000e+05	1.08000000e+02	1.27000000e+02	1.88000000e+02
-233	7.85692000e+05	1.08000000e+02	1.27000000e+02	1.88000000e+02
-232	7.89842000e+05	1.09000000e+02	1.29000000e+02	1.90000000e+02
-231	7.94031000e+05	1.09000000e+02	1.29000000e+02	1.90000000e+02
-230	7.98351000e+05	1.14000000e+02	1.31000000e+02	1.92000000e+02
-229	7.98351000e+05	1.09000000e+02	1.32000000e+02	1.94000000e+02
-228	7.98351000e+05	1.09000000e+02	1.32000000e+02	1.94000000e+02
-227	8.03206000e+05	1.09000000e+02	1.32000000e+02	1.94000000e+02
-226	8.07311000e+05	1.10000000e+02	1.35000000e+02	1.98000000e+02
-225	8.11636000e+05	1.11000000e+02	1.38000000e+02	2.02000000e+02
-224	8.15586000e+05	1.14000000e+02	1.40000000e+02	2.05000000e+02
-223	8.19578000e+05	1.14000000e+02	1.40000000e+02	2.05000000e+02
-222	8.23843000e+05	1.14000000e+02	1.40000000e+02	2.05000000e+02
-221	8.28862000e+05	1.18000000e+02	1.41000000e+02	2.07000000e+02
-220	8.33442000e+05	1.18000000e+02	1.41000000e+02	2.07000000e+02
-219	8.37524000e+05	1.18000000e+02	1.41000000e+02	2.07000000e+02
-218	8.41708000e+05	1.30000000e+02	1.44000000e+02	2.10000000e+02
-217	8.45887000e+05	1.27000000e+02	1.46000000e+02	2.13000000e+02
-216	8.50193000e+05	1.27000000e+02	1.48000000e+02	2.16000000e+02
-215	8.54749000e+05	1.27000000e+02	1.48000000e+02	2.16000000e+02
-214	8.59285000e+05	1.27000000e+02	1.48000000e+02	2.16000000e+02
-213	8.59285000e+05	1.27000000e+02	1.48000000e+02	2.16000000e+02
-212	8.63076000e+05	1.27000000e+02	1.48000000e+02	2.16000000e+02
-211	8.67458000e+05	1.27000000e+02	1.50000000e+02	2.18000000e+02
-210	8.71740000e+05	1.27000000e+02	1.50000000e+02	2.18000000e+02
-209	8.75772000e+05	1.23000000e+02	1.53000000e+02	2.22000000e+02
-208	8.79949000e+05	1.30000000e+02	1.57000000e+02	2.26000000e+02
-207	8.84245000e+05	1.33000000e+02	1.58000000e+02	2.28000000e+02
-206	8.88564000e+05	1.37000000e+02	1.60000000e+02	2.33000000e+02
-205	8.92711000e+05	1.37000000e+02	1.60000000e+02	2.33000000e+02
-204	8.96483000e+05	1.44000000e+02	1.62000000e+02	2.41000000e+02
-203	9.00414000e+05	1.47000000e+02	1.67000000e+02	2.49000000e+02
-202	9.04196000e+05	1.44000000e+02	1.68000000e+02	2.51000000e+02
-201	9.08603000e+05	1.50000000e+02	1.70000000e+02	2.62000000e+02
-200	9.19152000e+05	1.56000000e+02	1.74000000e+02	2.66000000e+02
-199	9.25007000e+05	1.52000000e+02	1.75000000e+02	2.67000000e+02
-198	9.25007000e+05	1.52000000e+02	1.75000000e+02	2.67000000e+02
-197	9.28659000e+05	1.52000000e+02	1.75000000e+02	2.67000000e+02
-196	9.31849000e+05	1.52000000e+02	1.75000000e+02	2.67000000e+02
-195	9.35435000e+05	1.52000000e+02	1.75000000e+02	2.67000000e+02
-194	9.39845000e+05	1.52000000e+02	1.75000000e+02	2.67000000e+02
-193	9.44697000e+05	1.55000000e+02	1.76000000e+02	2.68000000e+02
-192	9.48801000e+05	1.55000000e+02	1.76000000e+02	2.68000000e+02
-191	9.52381000e+05	1.55000000e+02	1.76000000e+02	2.68000000e+02
-190	9.55711000e+05	1.55000000e+02	1.76000000e+02	2.68000000e+02
-189	9.59462000e+05	1.55000000e+02	1.76000000e+02	2.68000000e+02
-188	9.63292000e+05	1.55000000e+02	1.76000000e+02	2.68000000e+02
-187	9.67529000e+05	1.60000000e+02	1.77000000e+02	2.69000000e+02
-186	9.71673000e+05	1.60000000e+02	1.77000000e+02	2.69000000e+02
-185	9.75786000e+05	1.60000000e+02	1.77000000e+02	2.69000000e+02
-184	9.79445000e+05	1.60000000e+02	1.77000000e+02	2.69000000e+02
-183	9.82744000e+05	1.60000000e+02	1.77000000e+02	2.69000000e+02
-182	9.85849000e+05	1.60000000e+02	1.77000000e+02	2.69000000e+02
-181	9.89258000e+05	1.60000000e+02	1.77000000e+02	2.69000000e+02
-180	9.93165000e+05	1.60000000e+02	1.77000000e+02	2.69000000e+02
-179	9.97155000e+05	1.60000000e+02	1.77000000e+02	2.69000000e+02
-178	1.00147400e+06	1.60000000e+02	1.77000000e+02	2.69000000e+02
-177	1.00505700e+06	1.60000000e+02	1.77000000e+02	2.69000000e+02
-176	1.00848400e+06	1.60000000e+02	1.77000000e+02	2.69000000e+02
-175	1.01210400e+06	1.48000000e+02	1.79000000e+02	2.72000000e+02
-174	1.01575000e+06	1.49000000e+02	1.81000000e+02	2.74000000e+02
-173	1.01975400e+06	1.57000000e+02	1.83000000e+02	2.76000000e+02
-172	1.02418100e+06	1.51000000e+02	1.85000000e+02	2.80000000e+02
-171	1.02794000e+06	1.51000000e+02	1.85000000e+02	2.80000000e+02
-170	1.03130300e+06	1.51000000e+02	1.85000000e+02	2.80000000e+02
-169	1.03451700e+06	1.51000000e+02	1.85000000e+02	2.80000000e+02
-168	1.03790200e+06	1.67000000e+02	1.88000000e+02	2.84000000e+02
-167	1.04121600e+06	1.67000000e+02	1.88000000e+02	2.84000000e+02
-166	1.04501100e+06	1.67000000e+02	1.88000000e+02	2.84000000e+02
-165	1.05640200e+06	1.66000000e+02	1.90000000e+02	2.86000000e+02
-164	1.06163300e+06	1.67000000e+02	1.92000000e+02	2.88000000e+02
-163	1.06577400e+06	1.61000000e+02	1.95000000e+02	2.94000000e+02
-162	1.07010500e+06	1.66000000e+02	1.97000000e+02	2.97000000e+02
-161	1.07789200e+06	1.76000000e+02	2.03000000e+02	3.04000000e+02
-160	1.08301200e+06	1.79000000e+02	2.07000000e+02	3.12000000e+02
-159	1.09010800e+06	1.84000000e+02	2.16000000e+02	3.22000000e+02
-158	1.10341700e+06	1.97000000e+02	2.31000000e+02	3.39000000e+02
-157	1.11639000e+06	1.98000000e+02	2.38000000e+02	3.50000000e+02
-156	1.12795400e+06	2.03000000e+02	2.51000000e+02	3.66000000e+02
-155	1.13720100e+06	2.14000000e+02	2.54000000e+02	3.70000000e+02
-154	1.14593700e+06	2.10000000e+02	2.58000000e+02	3.76000000e+02
-153	1.15482600e+06	2.24000000e+02	2.65000000e+02	3.85000000e+02
-152	1.16108300e+06	2.25000000e+02	2.75000000e+02	3.97000000e+02
-151	1.16730500e+06	2.35000000e+02	2.80000000e+02	4.02000000e+02
-150	1.17241600e+06	2.30000000e+02	2.81000000e+02	4.03000000e+02
-149	1.17733300e+06	2.30000000e+02	2.81000000e+02	4.03000000e+02
-148	1.18138800e+06	2.25000000e+02	2.83000000e+02	4.06000000e+02
-147	1.18596000e+06	2.25000000e+02	2.83000000e+02	4.06000000e+02
-146	1.19163600e+06	2.35000000e+02	2.89000000e+02	4.12000000e+02
-145	1.19724200e+06	2.40000000e+02	2.93000000e+02	4.16000000e+02
-144	1.20217700e+06	2.30000000e+02	2.95000000e+02	4.18000000e+02
-143	1.20674000e+06	2.30000000e+02	2.95000000e+02	4.18000000e+02
-142	1.21094400e+06	2.30000000e+02	2.95000000e+02	4.18000000e+02
-141	1.21550300e+06	2.32000000e+02	2.96000000e+02	4.19000000e+02
-140	1.21987000e+06	2.32000000e+02	2.96000000e+02	4.19000000e+02
-139	1.22462200e+06	2.25000000e+02	2.97000000e+02	4.22000000e+02
-138	1.22971000e+06	2.25000000e+02	2.97000000e+02	4.22000000e+02
-137	1.23476800e+06	2.25000000e+02	2.97000000e+02	4.22000000e+02
-136	1.23984600e+06	2.35000000e+02	2.99000000e+02	4.24000000e+02
-135	1.24462900e+06	2.43000000e+02	3.01000000e+02	4.29000000e+02
-134	1.24886900e+06	2.41000000e+02	3.02000000e+02	4.30000000e+02
-133	1.25318400e+06	2.41000000e+02	3.02000000e+02	4.30000000e+02
-132	1.25822800e+06	2.43000000e+02	3.07000000e+02	4.41000000e+02
-131	1.26397200e+06	2.62000000e+02	3.12000000e+02	4.67000000e+02
-130	1.27022200e+06	2.58000000e+02	3.14000000e+02	4.69000000e+02
-129	1.27575500e+06	2.54000000e+02	3.19000000e+02	4.75000000e+02
-128	1.28081400e+06	2.61000000e+02	3.21000000e+02	4.78000000e+02
-127	1.28524000e+06	2.61000000e+02	3.21000000e+02	4.78000000e+02
-126	1.28982400e+06	2.60000000e+02	3.22000000e+02	4.79000000e+02
-125	1.29479900e+06	2.60000000e+02	3.22000000e+02	4.79000000e+02
-124	1.29973800e+06	2.70000000e+02	3.23000000e+02	4.80000000e+02
-123	1.30457300e+06	2.70000000e+02	3.23000000e+02	4.80000000e+02
-122	1.30945200e+06	2.70000000e+02	3.24000000e+02	4.83000000e+02
-121	1.31372900e+06	2.48000000e+02	3.26000000e+02	4.88000000e+02
-120	1.31798700e+06	2.63000000e+02	3.27000000e+02	4.89000000e+02
-119	1.32209000e+06	2.59000000e+02	3.28000000e+02	4.90000000e+02
-118	1.32654900e+06	2.59000000e+02	3.28000000e+02	4.90000000e+02
-117	1.33265900e+06	2.77000000e+02	3.30000000e+02	4.92000000e+02
-116	1.33833600e+06	2.63000000e+02	3.31000000e+02	4.93000000e+02
-115	1.34364900e+06	2.63000000e+02	3.31000000e+02	4.93000000e+02
-114	1.34783000e+06	2.65000000e+02	3.33000000e+02	4.96000000e+02
-113	1.35093000e+06	2.61000000e+02	3.38000000e+02	5.01000000e+02
-112	1.35487900e+06	2.62000000e+02	3.42000000e+02	5.05000000e+02
-111	1.35886300e+06	2.63000000e+02	3.50000000e+02	5.15000000e+02
-110	1.36322300e+06	2.69000000e+02	3.52000000e+02	5.17000000e+02
-109	1.36792700e+06	2.66000000e+02	3.58000000e+02	5.24000000e+02
-108	1.37200400e+06	2.79000000e+02	3.60000000e+02	5.26000000e+02
-107	1.37595100e+06	2.79000000e+02	3.60000000e+02	5.26000000e+02
-106	1.37972800e+06	2.79000000e+02	3.60000000e+02	5.26000000e+02
-105	1.38354700e+06	2.91000000e+02	3.65000000e+02	5.34000000e+02
-104	1.38771700e+06	2.62000000e+02	3.66000000e+02	5.35000000e+02
-103	1.39305200e+06	2.96000000e+02	3.81000000e+02	5.57000000e+02
-102	1.39866300e+06	2.72000000e+02	3.91000000e+02	5.67000000e+02
-101	1.40399200e+06	2.88000000e+02	3.97000000e+02	5.78000000e+02
-100	1.40902300e+06	2.83000000e+02	4.00000000e+02	5.83000000e+02
-99	1.41411700e+06	2.97000000e+02	4.01000000e+02	5.84000000e+02
-98	1.41853600e+06	2.97000000e+02	4.01000000e+02	5.84000000e+02
-97	1.42333700e+06	2.94000000e+02	4.06000000e+02	5.91000000e+02
-96	1.43671500e+06	2.94000000e+02	4.06000000e+02	5.92000000e+02
-95	1.44492600e+06	2.98000000e+02	4.10000000e+02	5.98000000e+02
-94	1.45079400e+06	2.99000000e+02	4.11000000e+02	6.00000000e+02
-93	1.45561800e+06	3.11000000e+02	4.12000000e+02	6.01000000e+02
-92	1.46023100e+06	3.11000000e+02	4.12000000e+02	6.01000000e+02
-91	1.46475000e+06	2.98000000e+02	4.14000000e+02	6.05000000e+02
-90	1.46771800e+06	3.20000000e+02	4.15000000e+02	6.06000000e+02
-89	1.46886500e+06	2.98000000e+02	4.17000000e+02	6.11000000e+02
-88	1.46972800e+06	2.95000000e+02	4.20000000e+02	6.14000000e+02
-87	1.47067800e+06	3.06000000e+02	4.23000000e+02	6.18000000e+02
-86	1.47270500e+06	3.09000000e+02	4.29000000e+02	6.25000000e+02
-85	1.47573400e+06	3.09000000e+02	4.31000000e+02	6.28000000e+02
-84	1.48027100e+06	3.15000000e+02	4.39000000e+02	6.42000000e+02
-83	1.48511600e+06	3.22000000e+02	4.44000000e+02	6.48000000e+02
-82	1.49177200e+06	3.28000000e+02	4.50000000e+02	6.57000000e+02
-81	1.49835500e+06	3.27000000e+02	4.55000000e+02	6.63000000e+02
-80	1.50442800e+06	3.19000000e+02	4.57000000e+02	6.65000000e+02
-79	1.50962600e+06	3.39000000e+02	4.70000000e+02	6.87000000e+02
-78	1.51486500e+06	3.42000000e+02	4.72000000e+02	6.89000000e+02
-77	1.51947100e+06	3.32000000e+02	4.77000000e+02	6.98000000e+02
-76	1.52385500e+06	3.30000000e+02	4.78000000e+02	6.99000000e+02
-75	1.52385500e+06	3.56000000e+02	4.84000000e+02	7.05000000e+02
-74	1.52588900e+06	3.38000000e+02	4.88000000e+02	7.09000000e+02
-73	1.52588900e+06	3.60000000e+02	4.91000000e+02	7.12000000e+02
-72	1.53069000e+06	3.57000000e+02	4.93000000e+02	7.14000000e+02
-71	1.53519000e+06	3.57000000e+02	4.93000000e+02	7.14000000e+02
-70	1.53951700e+06	3.46000000e+02	4.97000000e+02	7.20000000e+02
-69	1.54402600e+06	3.46000000e+02	4.97000000e+02	7.20000000e+02
-68	1.54867000e+06	3.53000000e+02	4.99000000e+02	7.22000000e+02
-67	1.55269600e+06	3.40000000e+02	5.05000000e+02	7.35000000e+02
-66	1.55269600e+06	3.47000000e+02	5.08000000e+02	7.41000000e+02
-65	1.55726600e+06	3.48000000e+02	5.11000000e+02	7.44000000e+02
-64	1.55726600e+06	3.56000000e+02	5.13000000e+02	7.47000000e+02
-63	1.55726600e+06	3.52000000e+02	5.18000000e+02	7.56000000e+02
-62	1.55726600e+06	3.52000000e+02	5.18000000e+02	7.56000000e+02
-61	1.55726600e+06	3.52000000e+02	5.18000000e+02	7.56000000e+02
-60	1.56185700e+06	3.52000000e+02	5.18000000e+02	7.56000000e+02
-59	1.56609900e+06	3.52000000e+02	5.18000000e+02	7.56000000e+02
-58	1.57020800e+06	3.52000000e+02	5.18000000e+02	7.56000000e+02
-57	1.57456500e+06	3.72000000e+02	5.20000000e+02	7.59000000e+02
-56	1.57862200e+06	3.85000000e+02	5.23000000e+02	7.63000000e+02
-55	1.58330600e+06	3.76000000e+02	5.31000000e+02	7.73000000e+02
-54	1.58867400e+06	3.76000000e+02	5.31000000e+02	7.73000000e+02
-53	1.59532600e+06	3.68000000e+02	5.33000000e+02	7.75000000e+02
-52	1.60090600e+06	3.75000000e+02	5.35000000e+02	7.77000000e+02
-51	1.60587000e+06	3.75000000e+02	5.35000000e+02	7.77000000e+02
-50	1.61200500e+06	3.79000000e+02	5.36000000e+02	7.78000000e+02
-49	1.61871300e+06	3.93000000e+02	5.41000000e+02	7.83000000e+02
-48	1.62644400e+06	3.71000000e+02	5.42000000e+02	7.87000000e+02
-47	1.63362700e+06	3.74000000e+02	5.43000000e+02	7.88000000e+02
-46	1.64306000e+06	3.96000000e+02	5.50000000e+02	7.98000000e+02
-45	1.65308200e+06	3.96000000e+02	5.57000000e+02	8.07000000e+02
-44	1.66227100e+06	3.90000000e+02	5.62000000e+02	8.15000000e+02
-43	1.67152600e+06	3.99000000e+02	5.64000000e+02	8.17000000e+02
-42	1.67970700e+06	4.05000000e+02	5.67000000e+02	8.20000000e+02
-41	1.68990700e+06	3.93000000e+02	5.69000000e+02	8.22000000e+02
-40	1.69783600e+06	3.93000000e+02	5.69000000e+02	8.22000000e+02
-39	1.70636300e+06	3.92000000e+02	5.71000000e+02	8.24000000e+02
-38	1.71537500e+06	3.92000000e+02	5.71000000e+02	8.24000000e+02
-37	1.72321500e+06	3.88000000e+02	5.72000000e+02	8.25000000e+02
-36	1.73090500e+06	3.81000000e+02	5.73000000e+02	8.26000000e+02
-35	1.73853700e+06	3.75000000e+02	5.75000000e+02	8.28000000e+02
-34	1.74587400e+06	3.75000000e+02	5.75000000e+02	8.28000000e+02
-33	1.75275900e+06	3.96000000e+02	5.80000000e+02	8.33000000e+02
-32	1.76011100e+06	3.82000000e+02	5.84000000e+02	8.37000000e+02
-31	1.76882300e+06	4.05000000e+02	5.86000000e+02	8.39000000e+02
-30	1.77648800e+06	4.02000000e+02	5.90000000e+02	8.45000000e+02
-29	1.78341000e+06	4.03000000e+02	5.92000000e+02	8.47000000e+02
-28	1.79069600e+06	3.94000000e+02	5.94000000e+02	8.50000000e+02
-27	1.79816900e+06	4.30000000e+02	5.97000000e+02	8.53000000e+02
-26	1.80588800e+06	4.30000000e+02	5.97000000e+02	8.53000000e+02
-25	1.81516700e+06	4.04000000e+02	6.01000000e+02	8.61000000e+02
-24	1.83147200e+06	4.07000000e+02	6.03000000e+02	8.63000000e+02
-23	1.84357600e+06	4.07000000e+02	6.03000000e+02	8.63000000e+02
-22	1.85310900e+06	4.13000000e+02	6.07000000e+02	8.67000000e+02
-21	1.86248600e+06	4.19000000e+02	6.10000000e+02	8.72000000e+02
-20	1.87243100e+06	4.14000000e+02	6.11000000e+02	8.73000000e+02
-19	1.88247700e+06	4.14000000e+02	6.11000000e+02	8.73000000e+02
-18	1.89289900e+06	4.08000000e+02	6.12000000e+02	8.74000000e+02
-17	1.90473700e+06	4.19000000e+02	6.15000000e+02	8.79000000e+02
-16	1.91647400e+06	4.25000000e+02	6.16000000e+02	8.80000000e+02
-15	1.93093500e+06	4.24000000e+02	6.18000000e+02	8.82000000e+02
-14	1.94504500e+06	4.24000000e+02	6.18000000e+02	8.82000000e+02
-13	1.95822900e+06	4.24000000e+02	6.18000000e+02	8.82000000e+02
-12	1.97024700e+06	4.24000000e+02	6.18000000e+02	8.82000000e+02
-11	1.98258700e+06	4.22000000e+02	6.24000000e+02	8.88000000e+02
-10	1.99698100e+06	4.26000000e+02	6.25000000e+02	8.89000000e+02
-9	2.01047100e+06	4.25000000e+02	6.29000000e+02	8.93000000e+02
-8	2.02561600e+06	4.24000000e+02	6.36000000e+02	9.00000000e+02
-7	2.04254000e+06	4.26000000e+02	6.41000000e+02	9.06000000e+02
-6	2.06349400e+06	4.30000000e+02	6.48000000e+02	9.14000000e+02
-5	2.08238300e+06	4.30000000e+02	6.49000000e+02	9.16000000e+02
-4	2.10364900e+06	4.24000000e+02	6.53000000e+02	9.26000000e+02
-3	2.12719200e+06	4.23000000e+02	6.55000000e+02	9.28000000e+02
-2	2.15184700e+06	4.42000000e+02	6.59000000e+02	9.32000000e+02
-1	2.17808000e+06	4.50000000e+02	6.61000000e+02	9.35000000e+02
0	2.20792200e+06	4.35000000e+02	6.65000000e+02	9.40000000e+02
1	2.27656700e+06	4.70000000e+02	6.84000000e+02	9.60000000e+02
2	2.35734600e+06	4.41000000e+02	7.35000000e+02	1.03900000e+03
3	2.44444800e+06	4.48000000e+02	7.44000000e+02	1.05500000e+03
4	2.52980500e+06	4.51000000e+02	7.57000000e+02	1.07000000e+03
5	2.57798500e+06	4.53000000e+02	7.70000000e+02	1.08800000e+03
6	2.62054400e+06	4.56000000e+02	7.74000000e+02	1.09300000e+03
7	2.65699700e+06	4.56000000e+02	7.80000000e+02	1.11100000e+03
8	2.69441800e+06	4.58000000e+02	7.85000000e+02	1.11800000e+03
9	2.73206900e+06	4.59000000e+02	7.87000000e+02	1.12100000e+03
10	2.77044600e+06	4.66000000e+02	8.00000000e+02	1.13600000e+03
11	2.80019700e+06	4.72000000e+02	8.12000000e+02	1.15700000e+03
12	2.82264300e+06	4.79000000e+02	8.23000000e+02	1.17100000e+03
13	2.84269100e+06	4.82000000e+02	8.29000000e+02	1.17800000e+03
14	2.86207700e+06	4.85000000e+02	8.35000000e+02	1.18500000e+03
15	2.88126800e+06	4.88000000e+02	8.39000000e+02	1.18900000e+03
16	2.90069200e+06	4.89000000e+02	8.41000000e+02	1.19300000e+03
17	2.93029500e+06	4.90000000e+02	8.44000000e+02	1.19700000e+03
18	2.95435900e+06	4.93000000e+02	8.49000000e+02	1.20300000e+03
19	2.96988500e+06	4.94000000e+02	8.50000000e+02	1.20400000e+03
20	2.98406100e+06	5.00000000e+02	8.57000000e+02	1.21100000e+03
21	2.99745100e+06	5.03000000e+02	8.60000000e+02	1.21500000e+03
22	3.01030600e+06	5.06000000e+02	8.66000000e+02	1.22500000e+03
23	3.02438800e+06	5.11000000e+02	8.74000000e+02	1.23300000e+03
24	3.03936400e+06	5.13000000e+02	8.79000000e+02	1.23800000e+03
25	3.05186100e+06	5.16000000e+02	8.84000000e+02	1.24300000e+03
26	3.06386300e+06	5.19000000e+02	8.88000000e+02	1.24800000e+03
27	3.07547900e+06	5.24000000e+02	8.96000000e+02	1.25700000e+03
28	3.09201800e+06	5.26000000e+02	9.00000000e+02	1.26200000e+03
29	3.10827500e+06	5.28000000e+02	9.05000000e+02	1.27100000e+03
30	3.12601700e+06	5.30000000e+02	9.12000000e+02	1.27800000e+03
31	3.14455800e+06	5.32000000e+02	9.16000000e+02	1.28300000e+03
32	3.16249600e+06	5.33000000e+02	9.18000000e+02	1.28500000e+03
33	3.17745500e+06	5.36000000e+02	9.25000000e+02	1.29800000e+03
34	3.18964900e+06	5.38000000e+02	9.28000000e+02	1.30600000e+03
35	3.20133300e+06	5.38000000e+02	9.31000000e+02	1.30900000e+03
36	3.21319100e+06	5.40000000e+02	9.35000000e+02	1.31700000e+03
37	3.22575900e+06	5.43000000e+02	9.44000000e+02	1.32900000e+03
38	3.23910300e+06	5.45000000e+02	9.47000000e+02	1.33300000e+03
39	3.25016600e+06	5.48000000e+02	9.53000000e+02	1.34000000e+03
40	3.25950700e+06	5.49000000e+02	9.54000000e+02	1.34200000e+03
41	3.26820000e+06	5.49000000e+02	9.56000000e+02	1.34400000e+03
42	3.27664200e+06	5.53000000e+02	9.61000000e+02	1.34900000e+03
43	3.28517300e+06	5.56000000e+02	9.64000000e+02	1.35200000e+03
44	3.29580000e+06	5.58000000e+02	9.67000000e+02	1.35900000e+03
45	3.30679100e+06	5.61000000e+02	9.70000000e+02	1.36400000e+03
46	3.31635700e+06	5.61000000e+02	9.70000000e+02	1.36400000e+03
47	3.32567500e+06	5.62000000e+02	9.72000000e+02	1.36700000e+03
48	3.33339900e+06	5.64000000e+02	9.76000000e+02	1.37300000e+03
49	3.34210700e+06	5.64000000e+02	9.76000000e+02	1.37300000e+03
50	3.34982700e+06	5.67000000e+02	9.81000000e+02	1.38100000e+03
51	3.35857000e+06	5.67000000e+02	9.81000000e+02	1.38100000e+03
52	3.36842200e+06	5.68000000e+02	9.83000000e+02	1.38300000e+03
53	3.37742900e+06	5.70000000e+02	9.86000000e+02	1.38700000e+03
54	3.38557200e+06	5.72000000e+02	9.92000000e+02	1.39400000e+03
55	3.39227100e+06	5.74000000e+02	9.97000000e+02	1.40000000e+03
56	3.39918900e+06	5.75000000e+02	9.98000000e+02	1.40100000e+03
57	3.40591000e+06	5.78000000e+02	1.00300000e+03	1.41000000e+03
58	3.41302500e+06	5.78000000e+02	1.00300000e+03	1.41000000e+03
59	3.42073400e+06	5.78000000e+02	1.00300000e+03	1.41000000e+03
60	3.42750800e+06	5.79000000e+02	1.00600000e+03	1.41300000e+03
61	3.43330600e+06	5.80000000e+02	1.00700000e+03	1.41400000e+03
62	3.43898400e+06	5.80000000e+02	1.00800000e+03	1.41500000e+03
63	3.44472500e+06	5.81000000e+02	1.01100000e+03	1.41900000e+03
64	3.45031200e+06	5.83000000e+02	1.01400000e+03	1.42200000e+03
65	3.45643400e+06	5.85000000e+02	1.01700000e+03	1.43200000e+03
66	3.46288600e+06	5.86000000e+02	1.02200000e+03	1.43900000e+03
67	3.46871900e+06	5.86000000e+02	1.02200000e+03	1.43900000e+03
68	3.47364200e+06	5.88000000e+02	1.02600000e+03	1.44400000e+03
69	3.47845100e+06	5.91000000e+02	1.03100000e+03	1.45000000e+03
70	3.48356700e+06	5.91000000e+02	1.03100000e+03	1.45000000e+03
71	3.48822700e+06	5.91000000e+02	1.03100000e+03	1.45000000e+03
72	3.49424900e+06	5.92000000e+02	1.03200000e+03	1.45100000e+03
73	3.50037100e+06	5.94000000e+02	1.03400000e+03	1.45300000e+03
74	3.50633100e+06	5.95000000e+02	1.03500000e+03	1.45400000e+03
75	3.51269900e+06	5.96000000e+02	1.03600000e+03	1.45500000e+03
76	3.51919100e+06	5.98000000e+02	1.04200000e+03	1.46100000e+03
77	3.52548600e+06	6.00000000e+02	1.04600000e+03	1.46500000e+03
78	3.53212300e+06	6.01000000e+02	1.04700000e+03	1.46600000e+03
79	3.53944600e+06	6.02000000e+02	1.04900000e+03	1.46800000e+03
80	3.54710600e+06	6.03000000e+02	1.05100000e+03	1.47100000e+03
81	3.55382600e+06	6.03000000e+02	1.05100000e+03	1.47100000e+03
82	3.55955200e+06	6.04000000e+02	1.05300000e+03	1.47300000e+03
83	3.56467000e+06	6.06000000e+02	1.05500000e+03	1.47500000e+03
84	3.56965200e+06	6.06000000e+02	1.05600000e+03	1.47600000e+03
85	3.57471200e+06	6.06000000e+02	1.05600000e+03	1.47600000e+03
86	3.58050900e+06	6.08000000e+02	1.05900000e+03	1.47900000e+03
87	3.58662400e+06	6.09000000e+02	1.06200000e+03	1.48200000e+03
88	3.59217200e+06	6.09000000e+02	1.06200000e+03	1.48200000e+03
89	3.59706500e+06	6.09000000e+02	1.06200000e+03	1.48200000e+03
90	3.60197200e+06	6.09000000e+02	1.06200000e+03	1.48200000e+03
91	3.60685600e+06	6.11000000e+02	1.06500000e+03	1.48600000e+03
92	3.61164700e+06	6.11000000e+02	1.06500000e+03	1.48600000e+03
93	3.61695800e+06	6.11000000e+02	1.06500000e+03	1.48600000e+03
94	3.62309600e+06	6.12000000e+02	1.07000000e+03	1.49300000e+03
95	3.62851400e+06	6.12000000e+02	1.07200000e+03	1.49500000e+03
96	3.63377600e+06	6.12000000e+02	1.07200000e+03	1.49500000e+03
97	3.63923100e+06	6.13000000e+02	1.07300000e+03	1.49600000e+03
98	3.64474200e+06	6.16000000e+02	1.07600000e+03	1.50000000e+03
99	3.64980400e+06	6.16000000e+02	1.07600000e+03	1.50000000e+03
100	3.65512700e+06	6.16000000e+02	1.07600000e+03	1.50000000e+03
