Day_(movie_time)	Views	Users	Rigor	Edits
-500	0.00000000e+00	2.00000000e+00	2.00000000e+00	1.50000000e+01
-499	7.85000000e+02	2.00000000e+00	2.00000000e+00	1.50000000e+01
-498	1.43000000e+03	3.00000000e+00	3.00000000e+00	1.80000000e+01
-497	2.04400000e+03	3.00000000e+00	3.00000000e+00	1.80000000e+01
-496	2.66300000e+03	3.00000000e+00	3.00000000e+00	1.80000000e+01
-495	3.30000000e+03	3.00000000e+00	3.00000000e+00	1.80000000e+01
-494	4.10400000e+03	3.00000000e+00	3.00000000e+00	1.80000000e+01
-493	5.37500000e+03	4.00000000e+00	4.00000000e+00	2.00000000e+01
-492	6.04900000e+03	6.00000000e+00	6.00000000e+00	2.20000000e+01
-491	6.88000000e+03	7.00000000e+00	7.00000000e+00	2.30000000e+01
-490	7.94500000e+03	7.00000000e+00	7.00000000e+00	2.30000000e+01
-489	8.55400000e+03	7.00000000e+00	7.00000000e+00	2.30000000e+01
-488	9.25300000e+03	7.00000000e+00	7.00000000e+00	2.30000000e+01
-487	1.01540000e+04	7.00000000e+00	7.00000000e+00	2.30000000e+01
-486	1.09810000e+04	8.00000000e+00	8.00000000e+00	2.40000000e+01
-485	1.16750000e+04	8.00000000e+00	8.00000000e+00	2.50000000e+01
-484	1.23990000e+04	8.00000000e+00	8.00000000e+00	2.50000000e+01
-483	1.30970000e+04	9.00000000e+00	9.00000000e+00	2.60000000e+01
-482	1.37100000e+04	9.00000000e+00	9.00000000e+00	2.60000000e+01
-481	1.43380000e+04	9.00000000e+00	9.00000000e+00	2.60000000e+01
-480	1.50760000e+04	9.00000000e+00	9.00000000e+00	2.60000000e+01
-479	1.57400000e+04	9.00000000e+00	9.00000000e+00	2.60000000e+01
-478	1.62830000e+04	9.00000000e+00	9.00000000e+00	2.60000000e+01
-477	1.68210000e+04	9.00000000e+00	9.00000000e+00	2.60000000e+01
-476	1.74560000e+04	9.00000000e+00	9.00000000e+00	2.60000000e+01
-475	1.81410000e+04	1.00000000e+01	1.00000000e+01	2.70000000e+01
-474	1.88330000e+04	1.00000000e+01	1.00000000e+01	2.70000000e+01
-473	1.96150000e+04	1.20000000e+01	1.20000000e+01	2.90000000e+01
-472	2.03600000e+04	1.40000000e+01	1.30000000e+01	3.00000000e+01
-471	2.11880000e+04	1.40000000e+01	1.30000000e+01	3.00000000e+01
-470	2.19320000e+04	1.40000000e+01	1.30000000e+01	3.00000000e+01
-469	2.27500000e+04	1.40000000e+01	1.40000000e+01	3.10000000e+01
-468	2.35300000e+04	1.40000000e+01	1.40000000e+01	3.10000000e+01
-467	2.43110000e+04	1.40000000e+01	1.40000000e+01	3.10000000e+01
-466	2.51450000e+04	1.40000000e+01	1.40000000e+01	3.10000000e+01
-465	2.59280000e+04	1.40000000e+01	1.40000000e+01	3.10000000e+01
-464	2.66820000e+04	1.40000000e+01	1.40000000e+01	3.10000000e+01
-463	2.74660000e+04	1.50000000e+01	1.50000000e+01	3.20000000e+01
-462	2.82060000e+04	1.50000000e+01	1.50000000e+01	3.20000000e+01
-461	2.88560000e+04	1.50000000e+01	1.50000000e+01	3.20000000e+01
-460	2.95870000e+04	1.50000000e+01	1.50000000e+01	3.20000000e+01
-459	3.03520000e+04	1.50000000e+01	1.50000000e+01	3.20000000e+01
-458	3.10280000e+04	1.50000000e+01	1.50000000e+01	3.20000000e+01
-457	3.17760000e+04	1.70000000e+01	1.60000000e+01	3.50000000e+01
-456	3.24670000e+04	1.70000000e+01	1.60000000e+01	3.50000000e+01
-455	3.32970000e+04	1.70000000e+01	1.60000000e+01	3.50000000e+01
-454	3.41100000e+04	1.70000000e+01	1.70000000e+01	3.70000000e+01
-453	3.48780000e+04	1.90000000e+01	1.80000000e+01	4.00000000e+01
-452	3.56810000e+04	1.90000000e+01	1.80000000e+01	4.00000000e+01
-451	3.65240000e+04	1.90000000e+01	1.90000000e+01	4.10000000e+01
-450	3.72190000e+04	1.90000000e+01	1.90000000e+01	4.10000000e+01
-449	3.79300000e+04	2.20000000e+01	2.20000000e+01	4.40000000e+01
-448	3.86840000e+04	2.20000000e+01	2.20000000e+01	4.40000000e+01
-447	3.96210000e+04	2.20000000e+01	2.20000000e+01	4.40000000e+01
-446	4.07160000e+04	2.20000000e+01	2.20000000e+01	4.40000000e+01
-445	4.19720000e+04	2.20000000e+01	2.20000000e+01	4.40000000e+01
-444	4.31900000e+04	2.20000000e+01	2.20000000e+01	4.40000000e+01
-443	4.40130000e+04	2.20000000e+01	2.20000000e+01	4.40000000e+01
-442	4.48540000e+04	2.30000000e+01	2.30000000e+01	4.50000000e+01
-441	4.56240000e+04	2.30000000e+01	2.30000000e+01	4.50000000e+01
-440	4.63280000e+04	2.30000000e+01	2.30000000e+01	4.50000000e+01
-439	4.71760000e+04	2.50000000e+01	2.40000000e+01	4.60000000e+01
-438	4.80480000e+04	2.50000000e+01	2.40000000e+01	4.60000000e+01
-437	4.87900000e+04	2.50000000e+01	2.40000000e+01	4.60000000e+01
-436	4.94320000e+04	2.50000000e+01	2.40000000e+01	4.60000000e+01
-435	5.01370000e+04	2.50000000e+01	2.40000000e+01	4.60000000e+01
-434	5.08180000e+04	2.50000000e+01	2.40000000e+01	4.60000000e+01
-433	5.14440000e+04	2.50000000e+01	2.40000000e+01	4.60000000e+01
-432	5.21260000e+04	2.50000000e+01	2.40000000e+01	4.60000000e+01
-431	5.29560000e+04	2.50000000e+01	2.40000000e+01	4.60000000e+01
-430	5.38130000e+04	2.60000000e+01	2.50000000e+01	4.70000000e+01
-429	5.45110000e+04	2.60000000e+01	2.50000000e+01	4.70000000e+01
-428	5.52730000e+04	2.60000000e+01	2.50000000e+01	4.70000000e+01
-427	5.60520000e+04	2.60000000e+01	2.50000000e+01	4.70000000e+01
-426	5.66840000e+04	2.60000000e+01	2.50000000e+01	4.70000000e+01
-425	5.73210000e+04	2.60000000e+01	2.50000000e+01	4.70000000e+01
-424	5.80680000e+04	2.70000000e+01	2.60000000e+01	4.80000000e+01
-423	5.89520000e+04	2.70000000e+01	2.70000000e+01	4.90000000e+01
-422	5.98880000e+04	2.70000000e+01	2.70000000e+01	4.90000000e+01
-421	6.06610000e+04	2.70000000e+01	2.70000000e+01	4.90000000e+01
-420	6.15600000e+04	2.70000000e+01	2.70000000e+01	4.90000000e+01
-419	6.26280000e+04	2.70000000e+01	2.70000000e+01	4.90000000e+01
-418	6.40910000e+04	2.70000000e+01	2.70000000e+01	4.90000000e+01
-417	6.52800000e+04	2.70000000e+01	2.70000000e+01	4.90000000e+01
-416	6.64670000e+04	2.70000000e+01	2.70000000e+01	4.90000000e+01
-415	6.73080000e+04	2.70000000e+01	2.70000000e+01	4.90000000e+01
-414	6.83240000e+04	2.70000000e+01	2.70000000e+01	4.90000000e+01
-413	7.01790000e+04	2.70000000e+01	2.70000000e+01	4.90000000e+01
-412	7.13920000e+04	2.70000000e+01	2.70000000e+01	4.90000000e+01
-411	7.22710000e+04	2.70000000e+01	2.70000000e+01	4.90000000e+01
-410	7.33480000e+04	2.70000000e+01	2.70000000e+01	4.90000000e+01
-409	7.43960000e+04	2.70000000e+01	2.70000000e+01	4.90000000e+01
-408	7.53970000e+04	2.70000000e+01	2.70000000e+01	4.90000000e+01
-407	7.62950000e+04	2.70000000e+01	2.70000000e+01	4.90000000e+01
-406	7.71370000e+04	2.70000000e+01	2.70000000e+01	4.90000000e+01
-405	7.79540000e+04	2.70000000e+01	2.70000000e+01	4.90000000e+01
-404	7.87530000e+04	2.70000000e+01	2.70000000e+01	4.90000000e+01
-403	7.95710000e+04	2.70000000e+01	2.70000000e+01	4.90000000e+01
-402	8.05870000e+04	2.70000000e+01	2.70000000e+01	4.90000000e+01
-401	8.14720000e+04	2.70000000e+01	2.70000000e+01	4.90000000e+01
-400	8.23120000e+04	2.70000000e+01	2.70000000e+01	4.90000000e+01
-399	8.33120000e+04	2.90000000e+01	2.80000000e+01	5.10000000e+01
-398	8.41580000e+04	2.90000000e+01	2.80000000e+01	5.10000000e+01
-397	8.49230000e+04	2.90000000e+01	2.80000000e+01	5.10000000e+01
-396	8.59660000e+04	2.90000000e+01	2.80000000e+01	5.10000000e+01
-395	8.69090000e+04	2.90000000e+01	2.80000000e+01	5.10000000e+01
-394	8.78830000e+04	2.90000000e+01	2.80000000e+01	5.10000000e+01
-393	8.89040000e+04	3.10000000e+01	2.90000000e+01	5.20000000e+01
-392	8.98570000e+04	3.10000000e+01	2.90000000e+01	5.20000000e+01
-391	9.06810000e+04	3.10000000e+01	2.90000000e+01	5.20000000e+01
-390	9.13800000e+04	3.10000000e+01	2.90000000e+01	5.20000000e+01
-389	9.22200000e+04	3.10000000e+01	2.90000000e+01	5.20000000e+01
-388	9.31290000e+04	3.10000000e+01	2.90000000e+01	5.20000000e+01
-387	9.39560000e+04	3.10000000e+01	2.90000000e+01	5.20000000e+01
-386	9.47470000e+04	3.10000000e+01	2.90000000e+01	5.20000000e+01
-385	9.55790000e+04	3.10000000e+01	2.90000000e+01	5.20000000e+01
-384	9.63960000e+04	3.10000000e+01	2.90000000e+01	5.20000000e+01
-383	9.71880000e+04	3.10000000e+01	2.90000000e+01	5.20000000e+01
-382	9.79520000e+04	3.10000000e+01	2.90000000e+01	5.20000000e+01
-381	9.90210000e+04	3.10000000e+01	2.90000000e+01	5.20000000e+01
-380	9.98180000e+04	3.10000000e+01	2.90000000e+01	5.20000000e+01
-379	1.00540000e+05	3.20000000e+01	3.00000000e+01	5.30000000e+01
-378	1.01277000e+05	3.20000000e+01	3.00000000e+01	5.30000000e+01
-377	1.01978000e+05	3.20000000e+01	3.00000000e+01	5.30000000e+01
-376	1.02707000e+05	3.20000000e+01	3.00000000e+01	5.30000000e+01
-375	1.03619000e+05	3.30000000e+01	3.10000000e+01	5.40000000e+01
-374	1.04733000e+05	3.30000000e+01	3.10000000e+01	5.40000000e+01
-373	1.05513000e+05	3.30000000e+01	3.10000000e+01	5.40000000e+01
-372	1.06264000e+05	3.30000000e+01	3.10000000e+01	5.40000000e+01
-371	1.07065000e+05	3.30000000e+01	3.20000000e+01	5.50000000e+01
-370	1.07864000e+05	3.50000000e+01	3.30000000e+01	5.60000000e+01
-369	1.08567000e+05	3.50000000e+01	3.30000000e+01	5.60000000e+01
-368	1.09385000e+05	3.50000000e+01	3.30000000e+01	5.60000000e+01
-367	1.10396000e+05	3.60000000e+01	3.40000000e+01	5.70000000e+01
-366	1.11274000e+05	3.60000000e+01	3.40000000e+01	5.70000000e+01
-365	1.12159000e+05	3.60000000e+01	3.40000000e+01	5.70000000e+01
-364	1.13055000e+05	3.70000000e+01	3.60000000e+01	6.00000000e+01
-363	1.13913000e+05	3.70000000e+01	3.60000000e+01	6.00000000e+01
-362	1.14688000e+05	3.70000000e+01	3.60000000e+01	6.00000000e+01
-361	1.15588000e+05	3.70000000e+01	3.60000000e+01	6.00000000e+01
-360	1.16611000e+05	3.70000000e+01	3.60000000e+01	6.00000000e+01
-359	1.17423000e+05	3.70000000e+01	3.60000000e+01	6.00000000e+01
-358	1.18141000e+05	3.70000000e+01	3.60000000e+01	6.00000000e+01
-357	1.18970000e+05	3.70000000e+01	3.60000000e+01	6.00000000e+01
-356	1.19739000e+05	3.70000000e+01	3.60000000e+01	6.00000000e+01
-355	1.20429000e+05	3.70000000e+01	3.60000000e+01	6.00000000e+01
-354	1.21229000e+05	3.70000000e+01	3.60000000e+01	6.00000000e+01
-353	1.22123000e+05	3.70000000e+01	3.60000000e+01	6.00000000e+01
-352	1.22860000e+05	3.70000000e+01	3.60000000e+01	6.00000000e+01
-351	1.23717000e+05	3.70000000e+01	3.60000000e+01	6.00000000e+01
-350	1.24541000e+05	3.70000000e+01	3.60000000e+01	6.00000000e+01
-349	1.25365000e+05	3.70000000e+01	3.60000000e+01	6.00000000e+01
-348	1.26085000e+05	3.70000000e+01	3.60000000e+01	6.00000000e+01
-347	1.26940000e+05	3.70000000e+01	3.60000000e+01	6.00000000e+01
-346	1.27720000e+05	3.70000000e+01	3.60000000e+01	6.00000000e+01
-345	1.28576000e+05	3.70000000e+01	3.60000000e+01	6.00000000e+01
-344	1.29453000e+05	3.70000000e+01	3.60000000e+01	6.00000000e+01
-343	1.30247000e+05	3.70000000e+01	3.60000000e+01	6.00000000e+01
-342	1.31057000e+05	3.70000000e+01	3.60000000e+01	6.00000000e+01
-341	1.31817000e+05	3.70000000e+01	3.60000000e+01	6.00000000e+01
-340	1.32632000e+05	3.70000000e+01	3.60000000e+01	6.00000000e+01
-339	1.33426000e+05	3.70000000e+01	3.60000000e+01	6.00000000e+01
-338	1.34174000e+05	3.70000000e+01	3.60000000e+01	6.00000000e+01
-337	1.34946000e+05	3.70000000e+01	3.60000000e+01	6.00000000e+01
-336	1.35677000e+05	3.70000000e+01	3.60000000e+01	6.00000000e+01
-335	1.36492000e+05	3.70000000e+01	3.60000000e+01	6.00000000e+01
-334	1.37257000e+05	3.70000000e+01	3.60000000e+01	6.00000000e+01
-333	1.38031000e+05	3.70000000e+01	3.60000000e+01	6.00000000e+01
-332	1.38768000e+05	3.70000000e+01	3.60000000e+01	6.00000000e+01
-331	1.39545000e+05	3.70000000e+01	3.60000000e+01	6.00000000e+01
-330	1.40274000e+05	3.70000000e+01	3.60000000e+01	6.00000000e+01
-329	1.40993000e+05	3.70000000e+01	3.60000000e+01	6.00000000e+01
-328	1.41672000e+05	3.70000000e+01	3.60000000e+01	6.00000000e+01
-327	1.42390000e+05	3.70000000e+01	3.60000000e+01	6.00000000e+01
-326	1.43170000e+05	3.70000000e+01	3.60000000e+01	6.00000000e+01
-325	1.44004000e+05	3.70000000e+01	3.60000000e+01	6.00000000e+01
-324	1.44691000e+05	3.70000000e+01	3.60000000e+01	6.00000000e+01
-323	1.45519000e+05	3.70000000e+01	3.60000000e+01	6.00000000e+01
-322	1.46292000e+05	3.70000000e+01	3.60000000e+01	6.00000000e+01
-321	1.47102000e+05	3.70000000e+01	3.60000000e+01	6.00000000e+01
-320	1.47861000e+05	3.70000000e+01	3.60000000e+01	6.00000000e+01
-319	1.48684000e+05	3.70000000e+01	3.60000000e+01	6.00000000e+01
-318	1.49671000e+05	3.70000000e+01	3.60000000e+01	6.00000000e+01
-317	1.50453000e+05	3.70000000e+01	3.60000000e+01	6.00000000e+01
-316	1.51134000e+05	3.70000000e+01	3.60000000e+01	6.00000000e+01
-315	1.51740000e+05	3.70000000e+01	3.60000000e+01	6.00000000e+01
-314	1.52338000e+05	3.70000000e+01	3.60000000e+01	6.00000000e+01
-313	1.53065000e+05	3.70000000e+01	3.60000000e+01	6.00000000e+01
-312	1.53912000e+05	3.70000000e+01	3.60000000e+01	6.00000000e+01
-311	1.54577000e+05	3.70000000e+01	3.60000000e+01	6.00000000e+01
-310	1.55254000e+05	3.70000000e+01	3.60000000e+01	6.00000000e+01
-309	1.55915000e+05	3.70000000e+01	3.60000000e+01	6.00000000e+01
-308	1.56488000e+05	3.70000000e+01	3.60000000e+01	6.00000000e+01
-307	1.57140000e+05	3.90000000e+01	3.70000000e+01	6.20000000e+01
-306	1.57824000e+05	3.90000000e+01	3.70000000e+01	6.20000000e+01
-305	1.58545000e+05	3.90000000e+01	3.70000000e+01	6.20000000e+01
-304	1.59191000e+05	3.90000000e+01	3.70000000e+01	6.20000000e+01
-303	1.59869000e+05	3.90000000e+01	3.70000000e+01	6.20000000e+01
-302	1.59869000e+05	3.90000000e+01	3.70000000e+01	6.20000000e+01
-301	1.60473000e+05	3.90000000e+01	3.70000000e+01	6.20000000e+01
-300	1.60473000e+05	3.90000000e+01	3.70000000e+01	6.20000000e+01
-299	1.60473000e+05	3.90000000e+01	3.70000000e+01	6.20000000e+01
-298	1.60473000e+05	3.90000000e+01	3.70000000e+01	6.20000000e+01
-297	1.61301000e+05	3.90000000e+01	3.70000000e+01	6.20000000e+01
-296	1.61941000e+05	3.90000000e+01	3.70000000e+01	6.20000000e+01
-295	1.62553000e+05	3.90000000e+01	3.70000000e+01	6.20000000e+01
-294	1.63181000e+05	3.90000000e+01	3.70000000e+01	6.20000000e+01
-293	1.63882000e+05	3.90000000e+01	3.70000000e+01	6.20000000e+01
-292	1.64561000e+05	3.90000000e+01	3.70000000e+01	6.20000000e+01
-291	1.65301000e+05	4.00000000e+01	3.80000000e+01	6.30000000e+01
-290	1.66078000e+05	4.00000000e+01	3.80000000e+01	6.30000000e+01
-289	1.66641000e+05	4.00000000e+01	3.80000000e+01	6.30000000e+01
-288	1.67247000e+05	3.90000000e+01	3.90000000e+01	6.40000000e+01
-287	1.67838000e+05	3.90000000e+01	3.90000000e+01	6.40000000e+01
-286	1.68456000e+05	3.90000000e+01	3.90000000e+01	6.40000000e+01
-285	1.69187000e+05	3.90000000e+01	3.90000000e+01	6.40000000e+01
-284	1.69864000e+05	3.90000000e+01	3.90000000e+01	6.40000000e+01
-283	1.70676000e+05	3.90000000e+01	3.90000000e+01	6.40000000e+01
-282	1.71335000e+05	3.90000000e+01	3.90000000e+01	6.40000000e+01
-281	1.71335000e+05	3.90000000e+01	3.90000000e+01	6.40000000e+01
-280	1.71335000e+05	3.90000000e+01	3.90000000e+01	6.40000000e+01
-279	1.71335000e+05	3.90000000e+01	3.90000000e+01	6.40000000e+01
-278	1.72000000e+05	3.90000000e+01	3.90000000e+01	6.40000000e+01
-277	1.72676000e+05	3.90000000e+01	3.90000000e+01	6.40000000e+01
-276	1.73362000e+05	3.90000000e+01	3.90000000e+01	6.40000000e+01
-275	1.74055000e+05	3.90000000e+01	3.90000000e+01	6.40000000e+01
-274	1.74731000e+05	3.90000000e+01	3.90000000e+01	6.40000000e+01
-273	1.75470000e+05	3.90000000e+01	3.90000000e+01	6.40000000e+01
-272	1.76143000e+05	3.90000000e+01	3.90000000e+01	6.40000000e+01
-271	1.76816000e+05	3.80000000e+01	4.00000000e+01	6.50000000e+01
-270	1.77551000e+05	4.30000000e+01	4.10000000e+01	6.60000000e+01
-269	1.78347000e+05	4.30000000e+01	4.10000000e+01	6.60000000e+01
-268	1.79029000e+05	4.30000000e+01	4.10000000e+01	6.60000000e+01
-267	1.79807000e+05	4.30000000e+01	4.10000000e+01	6.60000000e+01
-266	1.80530000e+05	4.30000000e+01	4.10000000e+01	6.60000000e+01
-265	1.81205000e+05	4.30000000e+01	4.10000000e+01	6.60000000e+01
-264	1.81806000e+05	4.30000000e+01	4.10000000e+01	6.60000000e+01
-263	1.82482000e+05	4.30000000e+01	4.10000000e+01	6.60000000e+01
-262	1.83163000e+05	4.30000000e+01	4.10000000e+01	6.60000000e+01
-261	1.83945000e+05	4.30000000e+01	4.10000000e+01	6.60000000e+01
-260	1.85910000e+05	4.30000000e+01	4.10000000e+01	6.60000000e+01
-259	1.92338000e+05	4.70000000e+01	4.30000000e+01	6.90000000e+01
-258	1.95605000e+05	4.70000000e+01	4.50000000e+01	7.10000000e+01
-257	1.97943000e+05	4.90000000e+01	4.80000000e+01	7.50000000e+01
-256	2.00152000e+05	5.30000000e+01	4.90000000e+01	7.60000000e+01
-255	2.02320000e+05	5.30000000e+01	4.90000000e+01	7.60000000e+01
-254	2.03846000e+05	5.40000000e+01	5.00000000e+01	7.70000000e+01
-253	2.05402000e+05	5.40000000e+01	5.00000000e+01	7.70000000e+01
-252	2.06681000e+05	5.40000000e+01	5.00000000e+01	7.70000000e+01
-251	2.08082000e+05	5.40000000e+01	5.00000000e+01	7.70000000e+01
-250	2.10343000e+05	5.30000000e+01	5.10000000e+01	7.80000000e+01
-249	2.10343000e+05	5.50000000e+01	5.20000000e+01	7.90000000e+01
-248	2.12230000e+05	5.50000000e+01	5.20000000e+01	7.90000000e+01
-247	2.13777000e+05	5.50000000e+01	5.20000000e+01	7.90000000e+01
-246	2.15943000e+05	5.40000000e+01	5.30000000e+01	8.00000000e+01
-245	2.17540000e+05	5.40000000e+01	5.30000000e+01	8.00000000e+01
-244	2.18830000e+05	6.00000000e+01	5.60000000e+01	8.30000000e+01
-243	2.20211000e+05	6.00000000e+01	5.60000000e+01	8.30000000e+01
-242	2.20211000e+05	5.70000000e+01	5.70000000e+01	8.40000000e+01
-241	2.21649000e+05	5.70000000e+01	5.70000000e+01	8.40000000e+01
-240	2.22791000e+05	5.70000000e+01	5.70000000e+01	8.40000000e+01
-239	2.23966000e+05	5.70000000e+01	5.70000000e+01	8.40000000e+01
-238	2.25082000e+05	5.70000000e+01	5.70000000e+01	8.40000000e+01
-237	2.26381000e+05	5.70000000e+01	5.70000000e+01	8.40000000e+01
-236	2.27740000e+05	5.70000000e+01	5.70000000e+01	8.40000000e+01
-235	2.29155000e+05	5.70000000e+01	5.70000000e+01	8.40000000e+01
-234	2.30475000e+05	5.70000000e+01	5.70000000e+01	8.40000000e+01
-233	2.31443000e+05	5.70000000e+01	5.70000000e+01	8.40000000e+01
-232	2.32285000e+05	5.70000000e+01	5.70000000e+01	8.40000000e+01
-231	2.33260000e+05	5.70000000e+01	5.70000000e+01	8.40000000e+01
-230	2.34264000e+05	5.70000000e+01	5.70000000e+01	8.40000000e+01
-229	2.35307000e+05	5.70000000e+01	5.70000000e+01	8.40000000e+01
-228	2.36439000e+05	5.70000000e+01	5.70000000e+01	8.40000000e+01
-227	2.37508000e+05	5.70000000e+01	5.70000000e+01	8.40000000e+01
-226	2.38393000e+05	5.70000000e+01	5.70000000e+01	8.40000000e+01
-225	2.39353000e+05	5.70000000e+01	5.70000000e+01	8.40000000e+01
-224	2.40235000e+05	5.70000000e+01	5.70000000e+01	8.40000000e+01
-223	2.41368000e+05	5.70000000e+01	5.70000000e+01	8.40000000e+01
-222	2.42478000e+05	6.00000000e+01	5.90000000e+01	8.60000000e+01
-221	2.43585000e+05	6.00000000e+01	5.90000000e+01	8.60000000e+01
-220	2.44657000e+05	6.00000000e+01	5.90000000e+01	8.60000000e+01
-219	2.45667000e+05	6.00000000e+01	5.90000000e+01	8.60000000e+01
-218	2.46676000e+05	6.00000000e+01	5.90000000e+01	8.60000000e+01
-217	2.47738000e+05	6.00000000e+01	5.90000000e+01	8.60000000e+01
-216	2.48889000e+05	6.00000000e+01	5.90000000e+01	8.60000000e+01
-215	2.50193000e+05	6.10000000e+01	6.20000000e+01	8.90000000e+01
-214	2.51578000e+05	6.10000000e+01	6.20000000e+01	8.90000000e+01
-213	2.53305000e+05	6.10000000e+01	6.20000000e+01	8.90000000e+01
-212	2.54826000e+05	6.10000000e+01	6.30000000e+01	9.10000000e+01
-211	2.56424000e+05	6.40000000e+01	6.50000000e+01	9.30000000e+01
-210	2.57689000e+05	6.40000000e+01	6.50000000e+01	9.30000000e+01
-209	2.58647000e+05	6.40000000e+01	6.50000000e+01	9.30000000e+01
-208	2.59920000e+05	6.40000000e+01	6.50000000e+01	9.30000000e+01
-207	2.61557000e+05	6.40000000e+01	6.50000000e+01	9.30000000e+01
-206	2.63322000e+05	6.50000000e+01	6.70000000e+01	9.60000000e+01
-205	2.65201000e+05	6.50000000e+01	6.70000000e+01	9.60000000e+01
-204	2.67199000e+05	6.50000000e+01	6.70000000e+01	9.60000000e+01
-203	2.69195000e+05	6.50000000e+01	6.70000000e+01	9.60000000e+01
-202	2.71194000e+05	6.50000000e+01	6.70000000e+01	9.60000000e+01
-201	2.73388000e+05	6.90000000e+01	7.40000000e+01	1.03000000e+02
-200	2.75221000e+05	6.90000000e+01	7.40000000e+01	1.03000000e+02
-199	2.76984000e+05	6.90000000e+01	7.40000000e+01	1.03000000e+02
-198	2.78575000e+05	7.00000000e+01	7.50000000e+01	1.04000000e+02
-197	2.80169000e+05	7.40000000e+01	7.60000000e+01	1.05000000e+02
-196	2.81831000e+05	7.40000000e+01	7.70000000e+01	1.06000000e+02
-195	2.83464000e+05	7.30000000e+01	7.80000000e+01	1.07000000e+02
-194	2.85115000e+05	7.30000000e+01	7.80000000e+01	1.07000000e+02
-193	2.86634000e+05	7.30000000e+01	7.80000000e+01	1.07000000e+02
-192	2.88291000e+05	7.30000000e+01	7.80000000e+01	1.07000000e+02
-191	2.89788000e+05	7.60000000e+01	8.10000000e+01	1.11000000e+02
-190	2.91188000e+05	7.50000000e+01	8.50000000e+01	1.15000000e+02
-189	2.92560000e+05	7.50000000e+01	8.50000000e+01	1.15000000e+02
-188	2.93938000e+05	7.50000000e+01	8.50000000e+01	1.15000000e+02
-187	2.95531000e+05	7.50000000e+01	8.50000000e+01	1.15000000e+02
-186	2.97160000e+05	7.50000000e+01	8.50000000e+01	1.15000000e+02
-185	2.98948000e+05	7.50000000e+01	8.50000000e+01	1.15000000e+02
-184	3.00417000e+05	7.50000000e+01	8.50000000e+01	1.15000000e+02
-183	3.01584000e+05	7.50000000e+01	8.50000000e+01	1.15000000e+02
-182	3.02870000e+05	7.50000000e+01	8.50000000e+01	1.15000000e+02
-181	3.04278000e+05	7.50000000e+01	8.50000000e+01	1.15000000e+02
-180	3.04278000e+05	7.50000000e+01	8.50000000e+01	1.15000000e+02
-179	3.04278000e+05	7.50000000e+01	8.50000000e+01	1.15000000e+02
-178	3.06484000e+05	7.50000000e+01	8.50000000e+01	1.15000000e+02
-177	3.08100000e+05	7.50000000e+01	8.50000000e+01	1.15000000e+02
-176	3.09591000e+05	8.20000000e+01	8.60000000e+01	1.17000000e+02
-175	3.10993000e+05	7.80000000e+01	8.70000000e+01	1.20000000e+02
-174	3.12255000e+05	7.80000000e+01	8.70000000e+01	1.20000000e+02
-173	3.13658000e+05	7.90000000e+01	8.80000000e+01	1.21000000e+02
-172	3.15223000e+05	8.20000000e+01	9.00000000e+01	1.24000000e+02
-171	3.16458000e+05	8.20000000e+01	9.00000000e+01	1.24000000e+02
-170	3.17726000e+05	8.20000000e+01	9.00000000e+01	1.24000000e+02
-169	3.18968000e+05	8.10000000e+01	9.20000000e+01	1.26000000e+02
-168	3.20290000e+05	8.10000000e+01	9.20000000e+01	1.26000000e+02
-167	3.21505000e+05	8.10000000e+01	9.20000000e+01	1.26000000e+02
-166	3.22850000e+05	8.10000000e+01	9.20000000e+01	1.26000000e+02
-165	3.24303000e+05	8.10000000e+01	9.20000000e+01	1.26000000e+02
-164	3.24303000e+05	8.10000000e+01	9.20000000e+01	1.26000000e+02
-163	3.25564000e+05	8.10000000e+01	9.20000000e+01	1.26000000e+02
-162	3.26850000e+05	8.10000000e+01	9.20000000e+01	1.26000000e+02
-161	3.28021000e+05	8.10000000e+01	9.20000000e+01	1.26000000e+02
-160	3.29330000e+05	8.10000000e+01	9.20000000e+01	1.26000000e+02
-159	3.30634000e+05	8.10000000e+01	9.20000000e+01	1.26000000e+02
-158	3.32091000e+05	8.30000000e+01	9.30000000e+01	1.30000000e+02
-157	3.33624000e+05	8.30000000e+01	9.60000000e+01	1.33000000e+02
-156	3.34872000e+05	8.50000000e+01	9.70000000e+01	1.34000000e+02
-155	3.36091000e+05	8.50000000e+01	9.70000000e+01	1.34000000e+02
-154	3.39317000e+05	8.50000000e+01	9.70000000e+01	1.34000000e+02
-153	3.40639000e+05	8.50000000e+01	9.70000000e+01	1.34000000e+02
-152	3.42107000e+05	8.50000000e+01	9.70000000e+01	1.34000000e+02
-151	3.43679000e+05	8.40000000e+01	9.90000000e+01	1.36000000e+02
-150	3.45240000e+05	8.90000000e+01	1.00000000e+02	1.37000000e+02
-149	3.45240000e+05	8.90000000e+01	1.00000000e+02	1.37000000e+02
-148	3.46478000e+05	8.90000000e+01	1.00000000e+02	1.37000000e+02
-147	3.47587000e+05	8.60000000e+01	1.01000000e+02	1.39000000e+02
-146	3.48870000e+05	8.90000000e+01	1.01000000e+02	1.40000000e+02
-145	3.50387000e+05	8.90000000e+01	1.01000000e+02	1.40000000e+02
-144	3.51871000e+05	8.90000000e+01	1.03000000e+02	1.44000000e+02
-143	3.53178000e+05	8.70000000e+01	1.04000000e+02	1.47000000e+02
-142	3.54518000e+05	8.60000000e+01	1.06000000e+02	1.49000000e+02
-141	3.55779000e+05	8.60000000e+01	1.06000000e+02	1.49000000e+02
-140	3.57307000e+05	8.90000000e+01	1.07000000e+02	1.50000000e+02
-139	3.58834000e+05	8.90000000e+01	1.07000000e+02	1.50000000e+02
-138	3.60382000e+05	8.90000000e+01	1.07000000e+02	1.50000000e+02
-137	3.62043000e+05	8.90000000e+01	1.07000000e+02	1.50000000e+02
-136	3.63684000e+05	8.90000000e+01	1.07000000e+02	1.50000000e+02
-135	3.64952000e+05	8.90000000e+01	1.07000000e+02	1.50000000e+02
-134	3.66129000e+05	8.90000000e+01	1.07000000e+02	1.50000000e+02
-133	3.67396000e+05	8.90000000e+01	1.07000000e+02	1.50000000e+02
-132	3.68639000e+05	8.90000000e+01	1.07000000e+02	1.50000000e+02
-131	3.70222000e+05	9.00000000e+01	1.08000000e+02	1.51000000e+02
-130	3.71803000e+05	9.20000000e+01	1.09000000e+02	1.53000000e+02
-129	3.73214000e+05	9.20000000e+01	1.09000000e+02	1.53000000e+02
-128	3.74531000e+05	9.30000000e+01	1.12000000e+02	1.56000000e+02
-127	3.75866000e+05	9.30000000e+01	1.12000000e+02	1.56000000e+02
-126	3.77357000e+05	9.30000000e+01	1.12000000e+02	1.56000000e+02
-125	3.78724000e+05	9.30000000e+01	1.12000000e+02	1.56000000e+02
-124	3.80286000e+05	9.30000000e+01	1.12000000e+02	1.56000000e+02
-123	3.81846000e+05	9.30000000e+01	1.12000000e+02	1.56000000e+02
-122	3.83186000e+05	9.40000000e+01	1.14000000e+02	1.59000000e+02
-121	3.84595000e+05	9.40000000e+01	1.14000000e+02	1.59000000e+02
-120	3.85803000e+05	9.40000000e+01	1.14000000e+02	1.59000000e+02
-119	3.86937000e+05	9.40000000e+01	1.14000000e+02	1.59000000e+02
-118	3.88152000e+05	9.40000000e+01	1.14000000e+02	1.59000000e+02
-117	3.89612000e+05	9.40000000e+01	1.14000000e+02	1.59000000e+02
-116	3.91039000e+05	9.40000000e+01	1.14000000e+02	1.59000000e+02
-115	3.92680000e+05	9.40000000e+01	1.14000000e+02	1.59000000e+02
-114	3.94439000e+05	9.40000000e+01	1.14000000e+02	1.59000000e+02
-113	3.95989000e+05	9.40000000e+01	1.15000000e+02	1.60000000e+02
-112	3.98747000e+05	9.60000000e+01	1.20000000e+02	1.67000000e+02
-111	4.03585000e+05	9.80000000e+01	1.22000000e+02	1.69000000e+02
-110	4.06848000e+05	1.01000000e+02	1.24000000e+02	1.71000000e+02
-109	4.10900000e+05	1.01000000e+02	1.24000000e+02	1.71000000e+02
-108	4.14058000e+05	1.01000000e+02	1.24000000e+02	1.71000000e+02
-107	4.16622000e+05	1.05000000e+02	1.27000000e+02	1.74000000e+02
-106	4.19217000e+05	1.04000000e+02	1.28000000e+02	1.76000000e+02
-105	4.21156000e+05	1.04000000e+02	1.28000000e+02	1.76000000e+02
-104	4.23181000e+05	1.04000000e+02	1.28000000e+02	1.76000000e+02
-103	4.24994000e+05	1.04000000e+02	1.28000000e+02	1.76000000e+02
-102	4.27054000e+05	1.04000000e+02	1.28000000e+02	1.76000000e+02
-101	4.28787000e+05	1.04000000e+02	1.28000000e+02	1.76000000e+02
-100	4.30520000e+05	1.04000000e+02	1.28000000e+02	1.76000000e+02
-99	4.31852000e+05	1.04000000e+02	1.28000000e+02	1.76000000e+02
-98	4.33337000e+05	1.07000000e+02	1.29000000e+02	1.77000000e+02
-97	4.35392000e+05	1.07000000e+02	1.29000000e+02	1.77000000e+02
-96	4.37203000e+05	1.07000000e+02	1.29000000e+02	1.77000000e+02
-95	4.39004000e+05	1.02000000e+02	1.30000000e+02	1.78000000e+02
-94	4.40553000e+05	1.02000000e+02	1.30000000e+02	1.78000000e+02
-93	4.42046000e+05	1.08000000e+02	1.31000000e+02	1.79000000e+02
-92	4.43425000e+05	1.09000000e+02	1.32000000e+02	1.81000000e+02
-91	4.44724000e+05	1.09000000e+02	1.32000000e+02	1.81000000e+02
-90	4.46204000e+05	1.09000000e+02	1.32000000e+02	1.81000000e+02
-89	4.47826000e+05	1.09000000e+02	1.34000000e+02	1.83000000e+02
-88	4.49561000e+05	1.08000000e+02	1.35000000e+02	1.84000000e+02
-87	4.51078000e+05	1.08000000e+02	1.35000000e+02	1.84000000e+02
-86	4.52509000e+05	1.12000000e+02	1.36000000e+02	1.85000000e+02
-85	4.53783000e+05	1.12000000e+02	1.37000000e+02	1.86000000e+02
-84	4.55143000e+05	1.12000000e+02	1.37000000e+02	1.86000000e+02
-83	4.56724000e+05	1.12000000e+02	1.37000000e+02	1.86000000e+02
-82	4.58432000e+05	1.12000000e+02	1.37000000e+02	1.86000000e+02
-81	4.60328000e+05	1.12000000e+02	1.37000000e+02	1.86000000e+02
-80	4.62017000e+05	1.12000000e+02	1.37000000e+02	1.87000000e+02
-79	4.63595000e+05	1.12000000e+02	1.37000000e+02	1.87000000e+02
-78	4.64991000e+05	1.12000000e+02	1.37000000e+02	1.87000000e+02
-77	4.66400000e+05	1.12000000e+02	1.37000000e+02	1.87000000e+02
-76	4.67995000e+05	1.12000000e+02	1.37000000e+02	1.87000000e+02
-75	4.69646000e+05	1.12000000e+02	1.37000000e+02	1.87000000e+02
-74	4.71343000e+05	1.11000000e+02	1.38000000e+02	1.88000000e+02
-73	4.72991000e+05	1.11000000e+02	1.38000000e+02	1.88000000e+02
-72	4.74338000e+05	1.11000000e+02	1.38000000e+02	1.88000000e+02
-71	4.75758000e+05	1.11000000e+02	1.38000000e+02	1.88000000e+02
-70	4.77021000e+05	1.11000000e+02	1.38000000e+02	1.88000000e+02
-69	4.78271000e+05	1.11000000e+02	1.38000000e+02	1.88000000e+02
-68	4.80279000e+05	1.11000000e+02	1.38000000e+02	1.88000000e+02
-67	4.82267000e+05	1.11000000e+02	1.38000000e+02	1.88000000e+02
-66	4.84086000e+05	1.11000000e+02	1.38000000e+02	1.88000000e+02
-65	4.86216000e+05	1.10000000e+02	1.39000000e+02	1.89000000e+02
-64	4.87646000e+05	1.09000000e+02	1.39000000e+02	1.91000000e+02
-63	4.89681000e+05	1.09000000e+02	1.39000000e+02	1.91000000e+02
-62	4.91757000e+05	1.09000000e+02	1.39000000e+02	1.91000000e+02
-61	4.93732000e+05	1.09000000e+02	1.39000000e+02	1.91000000e+02
-60	4.95893000e+05	1.11000000e+02	1.39000000e+02	1.92000000e+02
-59	4.99023000e+05	1.11000000e+02	1.39000000e+02	1.92000000e+02
-58	5.00861000e+05	1.11000000e+02	1.39000000e+02	1.92000000e+02
-57	5.02520000e+05	1.11000000e+02	1.39000000e+02	1.92000000e+02
-56	5.04076000e+05	1.11000000e+02	1.39000000e+02	1.92000000e+02
-55	5.05629000e+05	1.11000000e+02	1.39000000e+02	1.92000000e+02
-54	5.07649000e+05	1.11000000e+02	1.39000000e+02	1.92000000e+02
-53	5.09602000e+05	1.11000000e+02	1.39000000e+02	1.92000000e+02
-52	5.11616000e+05	1.11000000e+02	1.40000000e+02	1.93000000e+02
-51	5.13646000e+05	1.13000000e+02	1.41000000e+02	1.94000000e+02
-50	5.15525000e+05	1.13000000e+02	1.41000000e+02	1.94000000e+02
-49	5.17526000e+05	1.13000000e+02	1.42000000e+02	1.96000000e+02
-48	5.20330000e+05	1.13000000e+02	1.42000000e+02	1.96000000e+02
-47	5.22889000e+05	1.12000000e+02	1.44000000e+02	1.99000000e+02
-46	5.25549000e+05	1.12000000e+02	1.44000000e+02	1.99000000e+02
-45	5.30239000e+05	1.12000000e+02	1.44000000e+02	1.99000000e+02
-44	5.32877000e+05	1.12000000e+02	1.44000000e+02	1.99000000e+02
-43	5.35795000e+05	1.12000000e+02	1.44000000e+02	1.99000000e+02
-42	5.38058000e+05	1.12000000e+02	1.44000000e+02	1.99000000e+02
-41	5.40487000e+05	1.12000000e+02	1.44000000e+02	1.99000000e+02
-40	5.41111000e+05	1.12000000e+02	1.44000000e+02	1.99000000e+02
-39	5.41578000e+05	1.15000000e+02	1.45000000e+02	2.00000000e+02
-38	5.42182000e+05	1.19000000e+02	1.47000000e+02	2.02000000e+02
-37	5.43208000e+05	1.20000000e+02	1.50000000e+02	2.05000000e+02
-36	5.44906000e+05	1.20000000e+02	1.50000000e+02	2.05000000e+02
-35	5.47247000e+05	1.20000000e+02	1.52000000e+02	2.07000000e+02
-34	5.51201000e+05	1.24000000e+02	1.54000000e+02	2.09000000e+02
-33	5.54290000e+05	1.26000000e+02	1.59000000e+02	2.15000000e+02
-32	5.57082000e+05	1.27000000e+02	1.63000000e+02	2.20000000e+02
-31	5.63217000e+05	1.27000000e+02	1.63000000e+02	2.20000000e+02
-30	5.67038000e+05	1.27000000e+02	1.63000000e+02	2.20000000e+02
-29	5.70210000e+05	1.27000000e+02	1.63000000e+02	2.20000000e+02
-28	5.73496000e+05	1.27000000e+02	1.63000000e+02	2.20000000e+02
-27	5.76850000e+05	1.27000000e+02	1.63000000e+02	2.20000000e+02
-26	5.76850000e+05	1.27000000e+02	1.63000000e+02	2.20000000e+02
-25	5.78231000e+05	1.27000000e+02	1.63000000e+02	2.20000000e+02
-24	5.78231000e+05	1.27000000e+02	1.63000000e+02	2.20000000e+02
-23	5.83306000e+05	1.30000000e+02	1.65000000e+02	2.25000000e+02
-22	5.88687000e+05	1.31000000e+02	1.67000000e+02	2.27000000e+02
-21	5.94156000e+05	1.32000000e+02	1.69000000e+02	2.29000000e+02
-20	6.00495000e+05	1.32000000e+02	1.69000000e+02	2.29000000e+02
-19	6.05749000e+05	1.38000000e+02	1.70000000e+02	2.31000000e+02
-18	6.10528000e+05	1.38000000e+02	1.70000000e+02	2.31000000e+02
-17	6.10528000e+05	1.34000000e+02	1.71000000e+02	2.32000000e+02
-16	6.15140000e+05	1.40000000e+02	1.72000000e+02	2.33000000e+02
-15	6.15140000e+05	1.40000000e+02	1.72000000e+02	2.33000000e+02
-14	6.15140000e+05	1.38000000e+02	1.76000000e+02	2.39000000e+02
-13	6.15140000e+05	1.41000000e+02	1.76000000e+02	2.41000000e+02
-12	6.15140000e+05	1.37000000e+02	1.78000000e+02	2.43000000e+02
-11	6.20331000e+05	1.37000000e+02	1.78000000e+02	2.43000000e+02
-10	6.26832000e+05	1.42000000e+02	1.82000000e+02	2.47000000e+02
-9	6.32890000e+05	1.44000000e+02	1.83000000e+02	2.48000000e+02
-8	6.39330000e+05	1.44000000e+02	1.83000000e+02	2.48000000e+02
-7	6.45830000e+05	1.44000000e+02	1.84000000e+02	2.49000000e+02
-6	6.53886000e+05	1.44000000e+02	1.84000000e+02	2.49000000e+02
-5	6.60961000e+05	1.49000000e+02	1.86000000e+02	2.51000000e+02
-4	6.68033000e+05	1.49000000e+02	1.86000000e+02	2.51000000e+02
-3	6.76423000e+05	1.44000000e+02	1.90000000e+02	2.55000000e+02
-2	6.89738000e+05	1.50000000e+02	1.96000000e+02	2.66000000e+02
-1	7.07115000e+05	1.54000000e+02	2.02000000e+02	2.78000000e+02
0	7.31971000e+05	1.62000000e+02	2.13000000e+02	2.89000000e+02
1	7.81716000e+05	1.82000000e+02	2.44000000e+02	3.26000000e+02
2	8.31709000e+05	2.02000000e+02	2.76000000e+02	3.74000000e+02
3	8.79876000e+05	2.23000000e+02	3.00000000e+02	4.07000000e+02
4	9.37115000e+05	2.47000000e+02	3.19000000e+02	4.35000000e+02
5	9.71650000e+05	2.50000000e+02	3.31000000e+02	4.51000000e+02
6	1.00245000e+06	2.63000000e+02	3.42000000e+02	4.63000000e+02
7	1.03441000e+06	2.64000000e+02	3.50000000e+02	4.71000000e+02
8	1.06355900e+06	2.70000000e+02	3.55000000e+02	4.77000000e+02
9	1.09369400e+06	2.74000000e+02	3.62000000e+02	4.84000000e+02
10	1.12220000e+06	2.82000000e+02	3.69000000e+02	4.94000000e+02
11	1.15017600e+06	2.91000000e+02	3.79000000e+02	5.07000000e+02
12	1.17187700e+06	2.92000000e+02	3.87000000e+02	5.16000000e+02
13	1.19222200e+06	2.95000000e+02	3.94000000e+02	5.24000000e+02
14	1.21220600e+06	2.97000000e+02	3.98000000e+02	5.28000000e+02
15	1.23419700e+06	3.04000000e+02	4.04000000e+02	5.35000000e+02
16	1.25620100e+06	3.11000000e+02	4.10000000e+02	5.42000000e+02
17	1.27868600e+06	3.14000000e+02	4.18000000e+02	5.58000000e+02
18	1.30135700e+06	3.17000000e+02	4.24000000e+02	5.67000000e+02
19	1.31968000e+06	3.31000000e+02	4.36000000e+02	5.80000000e+02
20	1.33645400e+06	3.39000000e+02	4.40000000e+02	5.84000000e+02
21	1.35214400e+06	3.35000000e+02	4.44000000e+02	5.88000000e+02
22	1.36781000e+06	3.46000000e+02	4.53000000e+02	5.97000000e+02
23	1.38454700e+06	3.43000000e+02	4.57000000e+02	6.04000000e+02
24	1.40221200e+06	3.56000000e+02	4.61000000e+02	6.09000000e+02
25	1.41985200e+06	3.75000000e+02	4.74000000e+02	6.44000000e+02
26	1.43817100e+06	3.67000000e+02	4.80000000e+02	6.53000000e+02
27	1.46236200e+06	3.64000000e+02	4.89000000e+02	6.64000000e+02
28	1.48791800e+06	3.85000000e+02	5.08000000e+02	6.93000000e+02
29	1.51414300e+06	3.95000000e+02	5.19000000e+02	7.18000000e+02
30	1.53692400e+06	3.98000000e+02	5.33000000e+02	7.35000000e+02
31	1.55902200e+06	4.09000000e+02	5.47000000e+02	7.52000000e+02
32	1.57757000e+06	4.09000000e+02	5.50000000e+02	7.55000000e+02
33	1.59298700e+06	4.23000000e+02	5.58000000e+02	7.67000000e+02
34	1.60679700e+06	4.29000000e+02	5.68000000e+02	7.79000000e+02
35	1.61982300e+06	4.32000000e+02	5.72000000e+02	7.86000000e+02
36	1.63152700e+06	4.40000000e+02	5.76000000e+02	7.90000000e+02
37	1.64465600e+06	4.50000000e+02	5.87000000e+02	8.01000000e+02
38	1.65747500e+06	4.55000000e+02	5.90000000e+02	8.05000000e+02
39	1.66922400e+06	4.52000000e+02	5.96000000e+02	8.11000000e+02
40	1.67794800e+06	4.44000000e+02	5.99000000e+02	8.14000000e+02
41	1.68661700e+06	4.58000000e+02	6.02000000e+02	8.18000000e+02
42	1.69422500e+06	4.53000000e+02	6.08000000e+02	8.26000000e+02
43	1.70180400e+06	4.61000000e+02	6.12000000e+02	8.30000000e+02
44	1.71027000e+06	4.70000000e+02	6.15000000e+02	8.33000000e+02
45	1.71946600e+06	4.72000000e+02	6.18000000e+02	8.36000000e+02
46	1.72807700e+06	4.77000000e+02	6.20000000e+02	8.38000000e+02
47	1.73539400e+06	4.85000000e+02	6.30000000e+02	8.56000000e+02
48	1.74215900e+06	4.85000000e+02	6.31000000e+02	8.57000000e+02
49	1.74811100e+06	4.88000000e+02	6.33000000e+02	8.59000000e+02
50	1.75398500e+06	4.81000000e+02	6.36000000e+02	8.62000000e+02
51	1.76028700e+06	4.86000000e+02	6.40000000e+02	8.67000000e+02
52	1.76753500e+06	4.70000000e+02	6.43000000e+02	8.70000000e+02
53	1.77346000e+06	4.98000000e+02	6.47000000e+02	8.74000000e+02
54	1.77850000e+06	4.74000000e+02	6.51000000e+02	8.78000000e+02
55	1.78348100e+06	5.01000000e+02	6.62000000e+02	8.95000000e+02
56	1.78867800e+06	5.04000000e+02	6.64000000e+02	8.97000000e+02
57	1.79382200e+06	5.07000000e+02	6.69000000e+02	9.04000000e+02
58	1.79964400e+06	5.07000000e+02	6.69000000e+02	9.04000000e+02
59	1.80630100e+06	4.85000000e+02	6.70000000e+02	9.05000000e+02
60	1.81158800e+06	5.18000000e+02	6.71000000e+02	9.07000000e+02
61	1.81589500e+06	5.07000000e+02	6.73000000e+02	9.10000000e+02
62	1.81981900e+06	4.90000000e+02	6.75000000e+02	9.12000000e+02
63	1.82376100e+06	4.90000000e+02	6.75000000e+02	9.12000000e+02
64	1.82779600e+06	4.90000000e+02	6.75000000e+02	9.12000000e+02
65	1.83239200e+06	4.90000000e+02	6.75000000e+02	9.12000000e+02
66	1.83739600e+06	4.90000000e+02	6.75000000e+02	9.12000000e+02
67	1.84156300e+06	4.95000000e+02	6.79000000e+02	9.17000000e+02
68	1.84523700e+06	5.15000000e+02	6.80000000e+02	9.19000000e+02
69	1.84858900e+06	5.15000000e+02	6.80000000e+02	9.19000000e+02
70	1.85193200e+06	5.19000000e+02	6.81000000e+02	9.20000000e+02
71	1.85540800e+06	5.21000000e+02	6.82000000e+02	9.21000000e+02
72	1.85958400e+06	4.99000000e+02	6.83000000e+02	9.23000000e+02
73	1.86407600e+06	5.12000000e+02	6.86000000e+02	9.29000000e+02
74	1.86775500e+06	5.12000000e+02	6.86000000e+02	9.29000000e+02
75	1.87083200e+06	5.20000000e+02	6.88000000e+02	9.32000000e+02
76	1.87391100e+06	5.18000000e+02	6.89000000e+02	9.34000000e+02
77	1.87701800e+06	5.21000000e+02	6.92000000e+02	9.38000000e+02
78	1.88027200e+06	5.30000000e+02	6.94000000e+02	9.40000000e+02
79	1.88416900e+06	5.22000000e+02	6.95000000e+02	9.41000000e+02
80	1.88832000e+06	5.22000000e+02	6.95000000e+02	9.41000000e+02
81	1.89202400e+06	5.22000000e+02	6.95000000e+02	9.41000000e+02
82	1.89498500e+06	5.22000000e+02	6.95000000e+02	9.41000000e+02
83	1.89773500e+06	5.22000000e+02	6.95000000e+02	9.41000000e+02
84	1.90071800e+06	5.20000000e+02	6.96000000e+02	9.42000000e+02
85	1.90372600e+06	5.09000000e+02	6.97000000e+02	9.43000000e+02
86	1.90727900e+06	5.09000000e+02	6.97000000e+02	9.43000000e+02
87	1.91093900e+06	5.09000000e+02	6.97000000e+02	9.43000000e+02
88	1.91404000e+06	5.31000000e+02	6.99000000e+02	9.45000000e+02
89	1.91679500e+06	5.31000000e+02	7.00000000e+02	9.48000000e+02
90	1.91932400e+06	5.15000000e+02	7.01000000e+02	9.49000000e+02
91	1.92192800e+06	5.39000000e+02	7.05000000e+02	9.53000000e+02
92	1.92477100e+06	5.39000000e+02	7.05000000e+02	9.53000000e+02
93	1.92805100e+06	5.39000000e+02	7.05000000e+02	9.53000000e+02
94	1.93161100e+06	5.39000000e+02	7.05000000e+02	9.53000000e+02
95	1.93459100e+06	5.39000000e+02	7.05000000e+02	9.53000000e+02
96	1.93718900e+06	5.35000000e+02	7.06000000e+02	9.55000000e+02
97	1.93961600e+06	5.35000000e+02	7.06000000e+02	9.55000000e+02
98	1.94203100e+06	5.35000000e+02	7.08000000e+02	9.57000000e+02
99	1.94452700e+06	5.35000000e+02	7.08000000e+02	9.57000000e+02
100	1.94744800e+06	5.30000000e+02	7.10000000e+02	9.59000000e+02
