Day_(movie_time)	Views	Users	Rigor	Edits
-500	0.00000000e+00	0.00000000e+00	0.00000000e+00	0.00000000e+00
-499	0.00000000e+00	0.00000000e+00	0.00000000e+00	0.00000000e+00
-498	0.00000000e+00	0.00000000e+00	0.00000000e+00	0.00000000e+00
-497	0.00000000e+00	0.00000000e+00	0.00000000e+00	0.00000000e+00
-496	0.00000000e+00	0.00000000e+00	0.00000000e+00	0.00000000e+00
-495	3.00000000e+00	0.00000000e+00	0.00000000e+00	0.00000000e+00
-494	3.00000000e+00	0.00000000e+00	0.00000000e+00	0.00000000e+00
-493	3.00000000e+00	0.00000000e+00	0.00000000e+00	0.00000000e+00
-492	3.00000000e+00	0.00000000e+00	0.00000000e+00	0.00000000e+00
-491	3.00000000e+00	0.00000000e+00	0.00000000e+00	0.00000000e+00
-490	3.00000000e+00	0.00000000e+00	0.00000000e+00	0.00000000e+00
-489	3.00000000e+00	0.00000000e+00	0.00000000e+00	0.00000000e+00
-488	3.00000000e+00	0.00000000e+00	0.00000000e+00	0.00000000e+00
-487	3.00000000e+00	0.00000000e+00	0.00000000e+00	0.00000000e+00
-486	3.00000000e+00	0.00000000e+00	0.00000000e+00	0.00000000e+00
-485	4.00000000e+00	0.00000000e+00	0.00000000e+00	0.00000000e+00
-484	4.00000000e+00	0.00000000e+00	0.00000000e+00	0.00000000e+00
-483	4.00000000e+00	0.00000000e+00	0.00000000e+00	0.00000000e+00
-482	5.00000000e+00	0.00000000e+00	0.00000000e+00	0.00000000e+00
-481	5.00000000e+00	0.00000000e+00	0.00000000e+00	0.00000000e+00
-480	7.00000000e+00	0.00000000e+00	0.00000000e+00	0.00000000e+00
-479	7.00000000e+00	0.00000000e+00	0.00000000e+00	0.00000000e+00
-478	7.00000000e+00	0.00000000e+00	0.00000000e+00	0.00000000e+00
-477	7.00000000e+00	0.00000000e+00	0.00000000e+00	0.00000000e+00
-476	8.00000000e+00	0.00000000e+00	0.00000000e+00	0.00000000e+00
-475	9.00000000e+00	0.00000000e+00	0.00000000e+00	0.00000000e+00
-474	1.00000000e+01	0.00000000e+00	0.00000000e+00	0.00000000e+00
-473	1.00000000e+01	0.00000000e+00	0.00000000e+00	0.00000000e+00
-472	1.10000000e+01	0.00000000e+00	0.00000000e+00	0.00000000e+00
-471	1.20000000e+01	0.00000000e+00	0.00000000e+00	0.00000000e+00
-470	1.60000000e+01	0.00000000e+00	0.00000000e+00	0.00000000e+00
-469	1.60000000e+01	0.00000000e+00	0.00000000e+00	0.00000000e+00
-468	1.60000000e+01	0.00000000e+00	0.00000000e+00	0.00000000e+00
-467	1.60000000e+01	0.00000000e+00	0.00000000e+00	0.00000000e+00
-466	1.70000000e+01	0.00000000e+00	0.00000000e+00	0.00000000e+00
-465	1.70000000e+01	0.00000000e+00	0.00000000e+00	0.00000000e+00
-464	1.90000000e+01	0.00000000e+00	0.00000000e+00	0.00000000e+00
-463	2.10000000e+01	0.00000000e+00	0.00000000e+00	0.00000000e+00
-462	2.10000000e+01	0.00000000e+00	0.00000000e+00	0.00000000e+00
-461	2.30000000e+01	0.00000000e+00	0.00000000e+00	0.00000000e+00
-460	2.30000000e+01	0.00000000e+00	0.00000000e+00	0.00000000e+00
-459	2.40000000e+01	0.00000000e+00	0.00000000e+00	0.00000000e+00
-458	2.40000000e+01	0.00000000e+00	0.00000000e+00	0.00000000e+00
-457	2.50000000e+01	0.00000000e+00	0.00000000e+00	0.00000000e+00
-456	2.50000000e+01	0.00000000e+00	0.00000000e+00	0.00000000e+00
-455	2.60000000e+01	0.00000000e+00	0.00000000e+00	0.00000000e+00
-454	2.70000000e+01	0.00000000e+00	0.00000000e+00	0.00000000e+00
-453	2.70000000e+01	0.00000000e+00	0.00000000e+00	0.00000000e+00
-452	2.90000000e+01	0.00000000e+00	0.00000000e+00	0.00000000e+00
-451	2.90000000e+01	0.00000000e+00	0.00000000e+00	0.00000000e+00
-450	3.00000000e+01	0.00000000e+00	0.00000000e+00	0.00000000e+00
-449	3.10000000e+01	0.00000000e+00	0.00000000e+00	0.00000000e+00
-448	3.10000000e+01	0.00000000e+00	0.00000000e+00	0.00000000e+00
-447	3.30000000e+01	0.00000000e+00	0.00000000e+00	0.00000000e+00
-446	3.30000000e+01	0.00000000e+00	0.00000000e+00	0.00000000e+00
-445	3.30000000e+01	0.00000000e+00	0.00000000e+00	0.00000000e+00
-444	3.40000000e+01	0.00000000e+00	0.00000000e+00	0.00000000e+00
-443	3.40000000e+01	0.00000000e+00	0.00000000e+00	0.00000000e+00
-442	3.40000000e+01	0.00000000e+00	0.00000000e+00	0.00000000e+00
-441	3.70000000e+01	0.00000000e+00	0.00000000e+00	0.00000000e+00
-440	3.70000000e+01	0.00000000e+00	0.00000000e+00	0.00000000e+00
-439	3.70000000e+01	0.00000000e+00	0.00000000e+00	0.00000000e+00
-438	3.70000000e+01	0.00000000e+00	0.00000000e+00	0.00000000e+00
-437	3.70000000e+01	0.00000000e+00	0.00000000e+00	0.00000000e+00
-436	3.70000000e+01	0.00000000e+00	0.00000000e+00	0.00000000e+00
-435	3.80000000e+01	0.00000000e+00	0.00000000e+00	0.00000000e+00
-434	4.00000000e+01	0.00000000e+00	0.00000000e+00	0.00000000e+00
-433	4.10000000e+01	0.00000000e+00	0.00000000e+00	0.00000000e+00
-432	4.20000000e+01	0.00000000e+00	0.00000000e+00	0.00000000e+00
-431	4.20000000e+01	0.00000000e+00	0.00000000e+00	0.00000000e+00
-430	4.50000000e+01	0.00000000e+00	0.00000000e+00	0.00000000e+00
-429	4.50000000e+01	0.00000000e+00	0.00000000e+00	0.00000000e+00
-428	4.70000000e+01	0.00000000e+00	0.00000000e+00	0.00000000e+00
-427	4.80000000e+01	0.00000000e+00	0.00000000e+00	0.00000000e+00
-426	4.80000000e+01	0.00000000e+00	0.00000000e+00	0.00000000e+00
-425	5.20000000e+01	0.00000000e+00	0.00000000e+00	0.00000000e+00
-424	5.30000000e+01	0.00000000e+00	0.00000000e+00	0.00000000e+00
-423	5.70000000e+01	0.00000000e+00	0.00000000e+00	0.00000000e+00
-422	5.70000000e+01	0.00000000e+00	0.00000000e+00	0.00000000e+00
-421	5.70000000e+01	0.00000000e+00	0.00000000e+00	0.00000000e+00
-420	5.90000000e+01	0.00000000e+00	0.00000000e+00	0.00000000e+00
-419	5.90000000e+01	0.00000000e+00	0.00000000e+00	0.00000000e+00
-418	5.90000000e+01	0.00000000e+00	0.00000000e+00	0.00000000e+00
-417	6.10000000e+01	0.00000000e+00	0.00000000e+00	0.00000000e+00
-416	6.20000000e+01	0.00000000e+00	0.00000000e+00	0.00000000e+00
-415	6.30000000e+01	0.00000000e+00	0.00000000e+00	0.00000000e+00
-414	6.40000000e+01	0.00000000e+00	0.00000000e+00	0.00000000e+00
-413	6.50000000e+01	0.00000000e+00	0.00000000e+00	0.00000000e+00
-412	6.50000000e+01	0.00000000e+00	0.00000000e+00	0.00000000e+00
-411	6.60000000e+01	0.00000000e+00	0.00000000e+00	0.00000000e+00
-410	6.90000000e+01	0.00000000e+00	0.00000000e+00	0.00000000e+00
-409	1.31000000e+02	4.00000000e+00	4.00000000e+00	9.00000000e+00
-408	1.83000000e+02	4.00000000e+00	4.00000000e+00	9.00000000e+00
-407	2.52000000e+02	4.00000000e+00	4.00000000e+00	9.00000000e+00
-406	3.30000000e+02	4.00000000e+00	4.00000000e+00	9.00000000e+00
-405	3.81000000e+02	4.00000000e+00	4.00000000e+00	9.00000000e+00
-404	4.31000000e+02	4.00000000e+00	4.00000000e+00	9.00000000e+00
-403	4.93000000e+02	4.00000000e+00	4.00000000e+00	9.00000000e+00
-402	5.39000000e+02	4.00000000e+00	4.00000000e+00	9.00000000e+00
-401	5.91000000e+02	4.00000000e+00	4.00000000e+00	9.00000000e+00
-400	5.91000000e+02	4.00000000e+00	4.00000000e+00	9.00000000e+00
-399	6.33000000e+02	4.00000000e+00	4.00000000e+00	9.00000000e+00
-398	6.33000000e+02	4.00000000e+00	4.00000000e+00	9.00000000e+00
-397	6.33000000e+02	4.00000000e+00	4.00000000e+00	9.00000000e+00
-396	6.33000000e+02	4.00000000e+00	4.00000000e+00	9.00000000e+00
-395	6.95000000e+02	4.00000000e+00	4.00000000e+00	9.00000000e+00
-394	7.99000000e+02	4.00000000e+00	4.00000000e+00	9.00000000e+00
-393	8.84000000e+02	4.00000000e+00	4.00000000e+00	9.00000000e+00
-392	9.77000000e+02	4.00000000e+00	4.00000000e+00	9.00000000e+00
-391	1.06100000e+03	4.00000000e+00	4.00000000e+00	9.00000000e+00
-390	1.16700000e+03	4.00000000e+00	4.00000000e+00	9.00000000e+00
-389	1.29800000e+03	4.00000000e+00	4.00000000e+00	9.00000000e+00
-388	1.45900000e+03	4.00000000e+00	4.00000000e+00	9.00000000e+00
-387	1.64000000e+03	4.00000000e+00	4.00000000e+00	9.00000000e+00
-386	1.79100000e+03	4.00000000e+00	4.00000000e+00	9.00000000e+00
-385	1.91600000e+03	4.00000000e+00	4.00000000e+00	9.00000000e+00
-384	1.99700000e+03	4.00000000e+00	4.00000000e+00	9.00000000e+00
-383	2.11100000e+03	4.00000000e+00	4.00000000e+00	9.00000000e+00
-382	2.24600000e+03	4.00000000e+00	4.00000000e+00	9.00000000e+00
-381	2.40100000e+03	4.00000000e+00	4.00000000e+00	9.00000000e+00
-380	2.57600000e+03	6.00000000e+00	6.00000000e+00	1.40000000e+01
-379	2.57600000e+03	6.00000000e+00	6.00000000e+00	1.40000000e+01
-378	2.57600000e+03	8.00000000e+00	8.00000000e+00	1.60000000e+01
-377	2.57600000e+03	8.00000000e+00	8.00000000e+00	1.60000000e+01
-376	2.68800000e+03	8.00000000e+00	8.00000000e+00	1.60000000e+01
-375	2.87200000e+03	8.00000000e+00	8.00000000e+00	1.60000000e+01
-374	3.04500000e+03	8.00000000e+00	8.00000000e+00	1.60000000e+01
-373	3.22100000e+03	8.00000000e+00	8.00000000e+00	1.60000000e+01
-372	3.38200000e+03	8.00000000e+00	8.00000000e+00	1.60000000e+01
-371	3.63500000e+03	8.00000000e+00	8.00000000e+00	1.60000000e+01
-370	4.42300000e+03	8.00000000e+00	8.00000000e+00	1.60000000e+01
-369	5.48500000e+03	8.00000000e+00	8.00000000e+00	1.60000000e+01
-368	6.40300000e+03	1.40000000e+01	1.30000000e+01	2.30000000e+01
-367	7.89400000e+03	1.40000000e+01	1.50000000e+01	2.50000000e+01
-366	9.18700000e+03	1.70000000e+01	1.70000000e+01	2.70000000e+01
-365	1.01560000e+04	1.90000000e+01	1.90000000e+01	3.00000000e+01
-364	1.09560000e+04	1.90000000e+01	2.00000000e+01	3.10000000e+01
-363	1.18170000e+04	2.00000000e+01	2.10000000e+01	3.20000000e+01
-362	1.26070000e+04	2.20000000e+01	2.20000000e+01	3.30000000e+01
-361	1.38960000e+04	2.30000000e+01	2.30000000e+01	3.40000000e+01
-360	1.43390000e+04	2.30000000e+01	2.30000000e+01	3.40000000e+01
-359	1.46830000e+04	2.30000000e+01	2.30000000e+01	3.40000000e+01
-358	1.50060000e+04	2.30000000e+01	2.30000000e+01	3.40000000e+01
-357	1.53040000e+04	2.30000000e+01	2.30000000e+01	3.40000000e+01
-356	1.56010000e+04	2.30000000e+01	2.30000000e+01	3.40000000e+01
-355	1.58980000e+04	2.30000000e+01	2.30000000e+01	3.40000000e+01
-354	1.62530000e+04	2.30000000e+01	2.30000000e+01	3.40000000e+01
-353	1.66080000e+04	2.30000000e+01	2.30000000e+01	3.40000000e+01
-352	1.68690000e+04	2.30000000e+01	2.30000000e+01	3.40000000e+01
-351	1.71290000e+04	2.30000000e+01	2.30000000e+01	3.40000000e+01
-350	1.73720000e+04	2.30000000e+01	2.30000000e+01	3.40000000e+01
-349	1.75980000e+04	2.30000000e+01	2.30000000e+01	3.40000000e+01
-348	1.78420000e+04	2.30000000e+01	2.30000000e+01	3.40000000e+01
-347	1.78420000e+04	2.30000000e+01	2.30000000e+01	3.40000000e+01
-346	1.81060000e+04	2.30000000e+01	2.30000000e+01	3.40000000e+01
-345	1.82810000e+04	2.30000000e+01	2.30000000e+01	3.40000000e+01
-344	1.84480000e+04	2.30000000e+01	2.30000000e+01	3.40000000e+01
-343	1.85840000e+04	2.30000000e+01	2.30000000e+01	3.40000000e+01
-342	1.87540000e+04	2.30000000e+01	2.30000000e+01	3.40000000e+01
-341	1.89110000e+04	2.30000000e+01	2.30000000e+01	3.40000000e+01
-340	1.89110000e+04	2.30000000e+01	2.30000000e+01	3.40000000e+01
-339	1.91320000e+04	2.30000000e+01	2.30000000e+01	3.40000000e+01
-338	1.93240000e+04	2.30000000e+01	2.30000000e+01	3.40000000e+01
-337	1.94920000e+04	2.30000000e+01	2.30000000e+01	3.40000000e+01
-336	1.96870000e+04	2.30000000e+01	2.30000000e+01	3.40000000e+01
-335	1.99220000e+04	2.30000000e+01	2.30000000e+01	3.40000000e+01
-334	2.01660000e+04	2.30000000e+01	2.30000000e+01	3.40000000e+01
-333	2.04200000e+04	2.30000000e+01	2.30000000e+01	3.40000000e+01
-332	2.06760000e+04	2.30000000e+01	2.30000000e+01	3.40000000e+01
-331	2.08770000e+04	2.30000000e+01	2.30000000e+01	3.40000000e+01
-330	2.10310000e+04	2.30000000e+01	2.30000000e+01	3.40000000e+01
-329	2.12650000e+04	2.30000000e+01	2.30000000e+01	3.40000000e+01
-328	2.15720000e+04	2.30000000e+01	2.30000000e+01	3.40000000e+01
-327	2.18940000e+04	2.30000000e+01	2.30000000e+01	3.40000000e+01
-326	2.22360000e+04	2.30000000e+01	2.30000000e+01	3.40000000e+01
-325	2.25920000e+04	2.30000000e+01	2.30000000e+01	3.40000000e+01
-324	2.28990000e+04	2.30000000e+01	2.30000000e+01	3.40000000e+01
-323	2.31350000e+04	2.30000000e+01	2.30000000e+01	3.40000000e+01
-322	2.35110000e+04	2.30000000e+01	2.30000000e+01	3.40000000e+01
-321	2.37680000e+04	2.30000000e+01	2.30000000e+01	3.40000000e+01
-320	2.40890000e+04	2.30000000e+01	2.30000000e+01	3.40000000e+01
-319	2.44720000e+04	2.30000000e+01	2.30000000e+01	3.40000000e+01
-318	2.47830000e+04	2.30000000e+01	2.30000000e+01	3.40000000e+01
-317	2.50460000e+04	2.30000000e+01	2.30000000e+01	3.40000000e+01
-316	2.52750000e+04	2.30000000e+01	2.30000000e+01	3.40000000e+01
-315	2.55460000e+04	2.30000000e+01	2.30000000e+01	3.40000000e+01
-314	2.58340000e+04	2.30000000e+01	2.30000000e+01	3.40000000e+01
-313	2.61290000e+04	2.30000000e+01	2.30000000e+01	3.40000000e+01
-312	2.64730000e+04	2.30000000e+01	2.30000000e+01	3.40000000e+01
-311	2.69130000e+04	2.30000000e+01	2.30000000e+01	3.40000000e+01
-310	2.72890000e+04	2.30000000e+01	2.30000000e+01	3.40000000e+01
-309	2.77790000e+04	2.30000000e+01	2.30000000e+01	3.40000000e+01
-308	2.82140000e+04	2.30000000e+01	2.30000000e+01	3.40000000e+01
-307	2.85240000e+04	2.30000000e+01	2.30000000e+01	3.40000000e+01
-306	2.89270000e+04	2.30000000e+01	2.30000000e+01	3.40000000e+01
-305	2.96190000e+04	2.30000000e+01	2.30000000e+01	3.40000000e+01
-304	3.00810000e+04	2.30000000e+01	2.30000000e+01	3.40000000e+01
-303	3.06000000e+04	2.30000000e+01	2.30000000e+01	3.40000000e+01
-302	3.11070000e+04	2.30000000e+01	2.30000000e+01	3.40000000e+01
-301	3.15120000e+04	2.30000000e+01	2.30000000e+01	3.40000000e+01
-300	3.18830000e+04	2.30000000e+01	2.30000000e+01	3.40000000e+01
-299	3.23230000e+04	2.30000000e+01	2.30000000e+01	3.40000000e+01
-298	3.27550000e+04	2.30000000e+01	2.30000000e+01	3.40000000e+01
-297	3.31160000e+04	2.30000000e+01	2.30000000e+01	3.40000000e+01
-296	3.34370000e+04	2.30000000e+01	2.30000000e+01	3.40000000e+01
-295	3.38060000e+04	2.30000000e+01	2.30000000e+01	3.40000000e+01
-294	3.42700000e+04	2.30000000e+01	2.30000000e+01	3.40000000e+01
-293	3.47040000e+04	2.30000000e+01	2.30000000e+01	3.40000000e+01
-292	3.51460000e+04	2.30000000e+01	2.30000000e+01	3.40000000e+01
-291	3.55140000e+04	2.30000000e+01	2.30000000e+01	3.40000000e+01
-290	3.58690000e+04	2.30000000e+01	2.30000000e+01	3.40000000e+01
-289	3.62150000e+04	2.30000000e+01	2.30000000e+01	3.40000000e+01
-288	3.65560000e+04	2.30000000e+01	2.30000000e+01	3.40000000e+01
-287	3.68530000e+04	2.30000000e+01	2.30000000e+01	3.40000000e+01
-286	3.72430000e+04	2.30000000e+01	2.30000000e+01	3.40000000e+01
-285	3.76900000e+04	2.30000000e+01	2.30000000e+01	3.40000000e+01
-284	3.81490000e+04	2.30000000e+01	2.30000000e+01	3.40000000e+01
-283	3.86000000e+04	2.30000000e+01	2.30000000e+01	3.40000000e+01
-282	3.90910000e+04	2.30000000e+01	2.30000000e+01	3.40000000e+01
-281	3.95260000e+04	2.30000000e+01	2.30000000e+01	3.40000000e+01
-280	3.99200000e+04	2.30000000e+01	2.30000000e+01	3.40000000e+01
-279	4.03710000e+04	2.30000000e+01	2.30000000e+01	3.40000000e+01
-278	4.03710000e+04	2.30000000e+01	2.30000000e+01	3.40000000e+01
-277	4.03710000e+04	2.30000000e+01	2.30000000e+01	3.40000000e+01
-276	4.08980000e+04	2.30000000e+01	2.30000000e+01	3.40000000e+01
-275	4.16580000e+04	2.30000000e+01	2.30000000e+01	3.40000000e+01
-274	4.23750000e+04	2.30000000e+01	2.30000000e+01	3.40000000e+01
-273	4.29380000e+04	2.30000000e+01	2.30000000e+01	3.40000000e+01
-272	4.34380000e+04	2.30000000e+01	2.30000000e+01	3.40000000e+01
-271	4.40560000e+04	2.30000000e+01	2.30000000e+01	3.40000000e+01
-270	4.47660000e+04	2.30000000e+01	2.30000000e+01	3.40000000e+01
-269	4.53610000e+04	2.30000000e+01	2.30000000e+01	3.40000000e+01
-268	4.58610000e+04	2.30000000e+01	2.30000000e+01	3.40000000e+01
-267	4.62630000e+04	2.30000000e+01	2.30000000e+01	3.40000000e+01
-266	4.67070000e+04	2.30000000e+01	2.30000000e+01	3.40000000e+01
-265	4.71660000e+04	2.30000000e+01	2.30000000e+01	3.40000000e+01
-264	4.77450000e+04	2.30000000e+01	2.30000000e+01	3.40000000e+01
-263	4.82810000e+04	2.30000000e+01	2.30000000e+01	3.40000000e+01
-262	4.82810000e+04	2.80000000e+01	2.70000000e+01	5.00000000e+01
-261	5.12070000e+04	3.50000000e+01	4.30000000e+01	8.60000000e+01
-260	5.41150000e+04	3.70000000e+01	4.50000000e+01	8.90000000e+01
-259	5.66330000e+04	4.00000000e+01	4.80000000e+01	9.40000000e+01
-258	5.91980000e+04	4.00000000e+01	5.20000000e+01	9.80000000e+01
-257	6.29450000e+04	4.20000000e+01	5.30000000e+01	9.90000000e+01
-256	6.61330000e+04	4.40000000e+01	5.90000000e+01	1.07000000e+02
-255	6.91050000e+04	5.10000000e+01	6.30000000e+01	1.13000000e+02
-254	7.17030000e+04	5.20000000e+01	6.70000000e+01	1.18000000e+02
-253	7.45370000e+04	5.10000000e+01	6.70000000e+01	1.19000000e+02
-252	7.70070000e+04	5.10000000e+01	6.80000000e+01	1.20000000e+02
-251	7.94260000e+04	5.30000000e+01	7.20000000e+01	1.24000000e+02
-250	8.22730000e+04	5.00000000e+01	7.40000000e+01	1.26000000e+02
-249	8.53260000e+04	5.00000000e+01	7.40000000e+01	1.26000000e+02
-248	8.84820000e+04	7.20000000e+01	9.60000000e+01	1.52000000e+02
-247	8.84820000e+04	7.20000000e+01	9.60000000e+01	1.52000000e+02
-246	9.08120000e+04	7.20000000e+01	9.60000000e+01	1.52000000e+02
-245	9.32190000e+04	7.20000000e+01	9.80000000e+01	1.55000000e+02
-244	9.58020000e+04	7.20000000e+01	9.80000000e+01	1.55000000e+02
-243	9.90540000e+04	7.60000000e+01	1.02000000e+02	1.66000000e+02
-242	1.02455000e+05	7.60000000e+01	1.02000000e+02	1.66000000e+02
-241	1.05679000e+05	9.20000000e+01	1.20000000e+02	1.97000000e+02
-240	1.08397000e+05	9.70000000e+01	1.21000000e+02	1.98000000e+02
-239	1.11217000e+05	9.70000000e+01	1.21000000e+02	1.98000000e+02
-238	1.14023000e+05	9.30000000e+01	1.24000000e+02	2.03000000e+02
-237	1.17448000e+05	9.30000000e+01	1.24000000e+02	2.03000000e+02
-236	1.21442000e+05	9.10000000e+01	1.25000000e+02	2.04000000e+02
-235	1.25732000e+05	9.30000000e+01	1.28000000e+02	2.13000000e+02
-234	1.29351000e+05	9.80000000e+01	1.30000000e+02	2.16000000e+02
-233	1.32401000e+05	9.20000000e+01	1.34000000e+02	2.24000000e+02
-232	1.35136000e+05	9.20000000e+01	1.34000000e+02	2.24000000e+02
-231	1.37949000e+05	9.20000000e+01	1.34000000e+02	2.24000000e+02
-230	1.40973000e+05	9.50000000e+01	1.34000000e+02	2.25000000e+02
-229	1.44482000e+05	9.80000000e+01	1.34000000e+02	2.28000000e+02
-228	1.47773000e+05	9.80000000e+01	1.34000000e+02	2.28000000e+02
-227	1.50542000e+05	9.80000000e+01	1.34000000e+02	2.28000000e+02
-226	1.53040000e+05	1.01000000e+02	1.39000000e+02	2.34000000e+02
-225	1.55629000e+05	1.03000000e+02	1.45000000e+02	2.41000000e+02
-224	1.58088000e+05	1.03000000e+02	1.49000000e+02	2.51000000e+02
-223	1.60783000e+05	1.17000000e+02	1.52000000e+02	2.58000000e+02
-222	1.63562000e+05	1.17000000e+02	1.52000000e+02	2.58000000e+02
-221	1.66549000e+05	1.10000000e+02	1.54000000e+02	2.64000000e+02
-220	1.69015000e+05	1.10000000e+02	1.54000000e+02	2.64000000e+02
-219	1.71283000e+05	1.10000000e+02	1.54000000e+02	2.64000000e+02
-218	1.73612000e+05	1.13000000e+02	1.56000000e+02	2.66000000e+02
-217	1.75884000e+05	1.20000000e+02	1.58000000e+02	2.68000000e+02
-216	1.78337000e+05	1.17000000e+02	1.62000000e+02	2.75000000e+02
-215	1.81448000e+05	1.12000000e+02	1.63000000e+02	2.76000000e+02
-214	1.85053000e+05	1.17000000e+02	1.65000000e+02	2.78000000e+02
-213	1.88133000e+05	1.17000000e+02	1.65000000e+02	2.78000000e+02
-212	1.90815000e+05	1.17000000e+02	1.65000000e+02	2.78000000e+02
-211	1.93722000e+05	1.17000000e+02	1.65000000e+02	2.78000000e+02
-210	1.96783000e+05	1.17000000e+02	1.68000000e+02	2.81000000e+02
-209	1.99597000e+05	1.21000000e+02	1.69000000e+02	2.83000000e+02
-208	2.02605000e+05	1.21000000e+02	1.69000000e+02	2.83000000e+02
-207	2.06230000e+05	1.24000000e+02	1.71000000e+02	2.85000000e+02
-206	2.09284000e+05	1.18000000e+02	1.72000000e+02	2.86000000e+02
-205	2.12090000e+05	1.18000000e+02	1.72000000e+02	2.86000000e+02
-204	2.14743000e+05	1.25000000e+02	1.72000000e+02	2.87000000e+02
-203	2.17408000e+05	1.25000000e+02	1.72000000e+02	2.87000000e+02
-202	2.20561000e+05	1.15000000e+02	1.73000000e+02	2.89000000e+02
-201	2.24029000e+05	1.31000000e+02	1.83000000e+02	3.00000000e+02
-200	2.27657000e+05	1.35000000e+02	1.86000000e+02	3.03000000e+02
-199	2.30704000e+05	1.33000000e+02	1.91000000e+02	3.11000000e+02
-198	2.33602000e+05	1.38000000e+02	1.93000000e+02	3.13000000e+02
-197	2.36018000e+05	1.37000000e+02	1.98000000e+02	3.20000000e+02
-196	2.38497000e+05	1.40000000e+02	2.00000000e+02	3.24000000e+02
-195	2.41419000e+05	1.45000000e+02	2.08000000e+02	3.35000000e+02
-194	2.44646000e+05	1.48000000e+02	2.10000000e+02	3.37000000e+02
-193	2.47540000e+05	1.42000000e+02	2.12000000e+02	3.39000000e+02
-192	2.50228000e+05	1.50000000e+02	2.13000000e+02	3.41000000e+02
-191	2.52583000e+05	1.50000000e+02	2.13000000e+02	3.41000000e+02
-190	2.54872000e+05	1.50000000e+02	2.13000000e+02	3.41000000e+02
-189	2.57053000e+05	1.50000000e+02	2.13000000e+02	3.41000000e+02
-188	2.60069000e+05	1.50000000e+02	2.13000000e+02	3.41000000e+02
-187	2.63032000e+05	1.50000000e+02	2.13000000e+02	3.41000000e+02
-186	2.67746000e+05	1.48000000e+02	2.14000000e+02	3.47000000e+02
-185	2.72817000e+05	1.44000000e+02	2.19000000e+02	3.57000000e+02
-184	2.76627000e+05	1.52000000e+02	2.21000000e+02	3.59000000e+02
-183	2.79836000e+05	1.55000000e+02	2.22000000e+02	3.64000000e+02
-182	2.83116000e+05	1.45000000e+02	2.23000000e+02	3.66000000e+02
-181	2.86492000e+05	1.45000000e+02	2.23000000e+02	3.66000000e+02
-180	2.90463000e+05	1.46000000e+02	2.28000000e+02	3.72000000e+02
-179	2.94656000e+05	1.55000000e+02	2.34000000e+02	3.78000000e+02
-178	2.98279000e+05	1.58000000e+02	2.36000000e+02	3.80000000e+02
-177	3.01401000e+05	1.65000000e+02	2.37000000e+02	3.83000000e+02
-176	3.04241000e+05	1.55000000e+02	2.38000000e+02	3.84000000e+02
-175	3.07549000e+05	1.63000000e+02	2.44000000e+02	3.91000000e+02
-174	3.11138000e+05	1.70000000e+02	2.52000000e+02	4.02000000e+02
-173	3.14960000e+05	1.70000000e+02	2.54000000e+02	4.04000000e+02
-172	3.18918000e+05	1.76000000e+02	2.58000000e+02	4.09000000e+02
-171	3.22712000e+05	1.70000000e+02	2.60000000e+02	4.14000000e+02
-170	3.25691000e+05	1.70000000e+02	2.60000000e+02	4.14000000e+02
-169	3.28754000e+05	1.69000000e+02	2.60000000e+02	4.17000000e+02
-168	3.31145000e+05	1.69000000e+02	2.60000000e+02	4.17000000e+02
-167	3.34145000e+05	1.82000000e+02	2.69000000e+02	4.29000000e+02
-166	3.38006000e+05	1.78000000e+02	2.71000000e+02	4.31000000e+02
-165	3.41750000e+05	1.84000000e+02	2.76000000e+02	4.37000000e+02
-164	3.45022000e+05	1.90000000e+02	2.81000000e+02	4.44000000e+02
-163	3.47266000e+05	1.90000000e+02	2.81000000e+02	4.44000000e+02
-162	3.49444000e+05	1.91000000e+02	2.84000000e+02	4.47000000e+02
-161	3.52293000e+05	1.90000000e+02	2.87000000e+02	4.50000000e+02
-160	3.55279000e+05	1.90000000e+02	2.87000000e+02	4.50000000e+02
-159	3.58433000e+05	1.91000000e+02	2.89000000e+02	4.52000000e+02
-158	3.61752000e+05	1.91000000e+02	2.89000000e+02	4.52000000e+02
-157	3.64674000e+05	1.92000000e+02	2.91000000e+02	4.54000000e+02
-156	3.67381000e+05	1.91000000e+02	2.91000000e+02	4.55000000e+02
-155	3.70065000e+05	1.92000000e+02	2.91000000e+02	4.57000000e+02
-154	3.72686000e+05	1.80000000e+02	2.92000000e+02	4.60000000e+02
-153	3.74989000e+05	1.83000000e+02	2.94000000e+02	4.62000000e+02
-152	3.78180000e+05	1.99000000e+02	2.96000000e+02	4.64000000e+02
-151	3.81128000e+05	1.99000000e+02	2.96000000e+02	4.64000000e+02
-150	3.84179000e+05	1.94000000e+02	2.98000000e+02	4.67000000e+02
-149	3.87242000e+05	1.94000000e+02	2.98000000e+02	4.67000000e+02
-148	3.90039000e+05	1.94000000e+02	2.98000000e+02	4.67000000e+02
-147	3.92791000e+05	1.92000000e+02	2.98000000e+02	4.68000000e+02
-146	3.95921000e+05	1.92000000e+02	2.98000000e+02	4.68000000e+02
-145	3.99303000e+05	1.92000000e+02	2.98000000e+02	4.68000000e+02
-144	4.02448000e+05	1.92000000e+02	2.98000000e+02	4.68000000e+02
-143	4.05552000e+05	1.92000000e+02	2.98000000e+02	4.68000000e+02
-142	4.08198000e+05	1.92000000e+02	2.98000000e+02	4.68000000e+02
-141	4.10820000e+05	2.02000000e+02	3.00000000e+02	4.70000000e+02
-140	4.13325000e+05	1.92000000e+02	3.02000000e+02	4.79000000e+02
-139	4.15148000e+05	1.85000000e+02	3.02000000e+02	4.80000000e+02
-138	4.15886000e+05	1.81000000e+02	3.02000000e+02	4.81000000e+02
-137	4.16363000e+05	1.81000000e+02	3.02000000e+02	4.81000000e+02
-136	4.16911000e+05	1.81000000e+02	3.02000000e+02	4.81000000e+02
-135	4.18098000e+05	1.82000000e+02	3.06000000e+02	4.85000000e+02
-134	4.19942000e+05	1.82000000e+02	3.06000000e+02	4.85000000e+02
-133	4.22646000e+05	1.85000000e+02	3.09000000e+02	4.92000000e+02
-132	4.25220000e+05	1.90000000e+02	3.11000000e+02	4.97000000e+02
-131	4.28545000e+05	1.90000000e+02	3.11000000e+02	4.97000000e+02
-130	4.32089000e+05	1.90000000e+02	3.11000000e+02	4.97000000e+02
-129	4.35322000e+05	1.90000000e+02	3.11000000e+02	4.97000000e+02
-128	4.37964000e+05	1.90000000e+02	3.11000000e+02	4.97000000e+02
-127	4.40761000e+05	1.90000000e+02	3.11000000e+02	4.97000000e+02
-126	4.43387000e+05	1.90000000e+02	3.11000000e+02	4.97000000e+02
-125	4.46201000e+05	1.90000000e+02	3.11000000e+02	4.97000000e+02
-124	4.46201000e+05	1.90000000e+02	3.11000000e+02	4.97000000e+02
-123	4.47336000e+05	1.90000000e+02	3.11000000e+02	4.97000000e+02
-122	4.47336000e+05	1.90000000e+02	3.11000000e+02	4.97000000e+02
-121	4.50225000e+05	1.90000000e+02	3.11000000e+02	4.97000000e+02
-120	4.53737000e+05	1.90000000e+02	3.11000000e+02	4.97000000e+02
-119	4.57588000e+05	1.90000000e+02	3.11000000e+02	4.97000000e+02
-118	4.61859000e+05	1.92000000e+02	3.12000000e+02	5.00000000e+02
-117	4.65151000e+05	1.91000000e+02	3.13000000e+02	5.04000000e+02
-116	4.68149000e+05	1.91000000e+02	3.13000000e+02	5.04000000e+02
-115	4.68149000e+05	1.94000000e+02	3.15000000e+02	5.06000000e+02
-114	4.71302000e+05	2.05000000e+02	3.16000000e+02	5.07000000e+02
-113	4.71302000e+05	1.89000000e+02	3.16000000e+02	5.10000000e+02
-112	4.71302000e+05	1.97000000e+02	3.26000000e+02	5.23000000e+02
-111	4.71302000e+05	1.95000000e+02	3.32000000e+02	5.33000000e+02
-110	4.71302000e+05	2.01000000e+02	3.33000000e+02	5.34000000e+02
-109	4.73827000e+05	2.03000000e+02	3.35000000e+02	5.36000000e+02
-108	4.76082000e+05	2.03000000e+02	3.35000000e+02	5.36000000e+02
-107	4.78363000e+05	1.96000000e+02	3.36000000e+02	5.38000000e+02
-106	4.80571000e+05	1.97000000e+02	3.37000000e+02	5.39000000e+02
-105	4.83089000e+05	1.97000000e+02	3.37000000e+02	5.39000000e+02
-104	4.86043000e+05	1.97000000e+02	3.37000000e+02	5.39000000e+02
-103	4.89297000e+05	1.99000000e+02	3.38000000e+02	5.45000000e+02
-102	4.92163000e+05	2.01000000e+02	3.38000000e+02	5.47000000e+02
-101	4.95003000e+05	2.09000000e+02	3.40000000e+02	5.49000000e+02
-100	4.97905000e+05	1.98000000e+02	3.41000000e+02	5.54000000e+02
-99	5.01232000e+05	1.98000000e+02	3.42000000e+02	5.56000000e+02
-98	5.09375000e+05	1.95000000e+02	3.48000000e+02	5.66000000e+02
-97	5.23097000e+05	2.04000000e+02	3.55000000e+02	5.83000000e+02
-96	5.34908000e+05	2.03000000e+02	3.58000000e+02	5.87000000e+02
-95	5.44173000e+05	2.10000000e+02	3.64000000e+02	6.05000000e+02
-94	5.55883000e+05	2.06000000e+02	3.68000000e+02	6.15000000e+02
-93	5.65048000e+05	2.09000000e+02	3.68000000e+02	6.23000000e+02
-92	5.72943000e+05	2.02000000e+02	3.68000000e+02	6.24000000e+02
-91	5.80240000e+05	2.04000000e+02	3.70000000e+02	6.26000000e+02
-90	5.87625000e+05	2.10000000e+02	3.70000000e+02	6.27000000e+02
-89	5.95920000e+05	2.03000000e+02	3.71000000e+02	6.29000000e+02
-88	6.03202000e+05	2.03000000e+02	3.71000000e+02	6.29000000e+02
-87	6.10671000e+05	2.03000000e+02	3.71000000e+02	6.29000000e+02
-86	6.19895000e+05	2.04000000e+02	3.72000000e+02	6.30000000e+02
-85	6.27772000e+05	2.15000000e+02	3.74000000e+02	6.32000000e+02
-84	6.35321000e+05	2.11000000e+02	3.75000000e+02	6.33000000e+02
-83	6.43421000e+05	2.11000000e+02	3.76000000e+02	6.36000000e+02
-82	6.49574000e+05	2.15000000e+02	3.76000000e+02	6.41000000e+02
-81	6.56587000e+05	2.32000000e+02	3.79000000e+02	6.45000000e+02
-80	6.63538000e+05	2.20000000e+02	3.83000000e+02	6.55000000e+02
-79	6.70047000e+05	2.15000000e+02	3.83000000e+02	6.56000000e+02
-78	6.76365000e+05	2.15000000e+02	3.83000000e+02	6.56000000e+02
-77	6.82278000e+05	2.12000000e+02	3.84000000e+02	6.61000000e+02
-76	6.88563000e+05	2.15000000e+02	3.85000000e+02	6.65000000e+02
-75	6.95404000e+05	2.14000000e+02	3.85000000e+02	6.66000000e+02
-74	7.01902000e+05	2.13000000e+02	3.87000000e+02	6.70000000e+02
-73	7.08847000e+05	2.16000000e+02	3.87000000e+02	6.72000000e+02
-72	7.15619000e+05	2.16000000e+02	3.87000000e+02	6.72000000e+02
-71	7.21462000e+05	2.16000000e+02	3.87000000e+02	6.72000000e+02
-70	7.27751000e+05	2.12000000e+02	3.87000000e+02	6.74000000e+02
-69	7.33564000e+05	2.12000000e+02	3.87000000e+02	6.74000000e+02
-68	7.39490000e+05	2.12000000e+02	3.89000000e+02	6.76000000e+02
-67	7.45791000e+05	2.17000000e+02	3.90000000e+02	6.77000000e+02
-66	7.52479000e+05	2.14000000e+02	3.91000000e+02	6.79000000e+02
-65	7.59274000e+05	2.14000000e+02	3.91000000e+02	6.79000000e+02
-64	7.64993000e+05	2.26000000e+02	3.91000000e+02	6.80000000e+02
-63	7.71037000e+05	2.14000000e+02	3.91000000e+02	6.82000000e+02
-62	7.76719000e+05	2.14000000e+02	3.91000000e+02	6.82000000e+02
-61	7.82557000e+05	2.14000000e+02	3.91000000e+02	6.82000000e+02
-60	7.88497000e+05	2.18000000e+02	3.93000000e+02	6.85000000e+02
-59	7.94935000e+05	2.21000000e+02	3.94000000e+02	6.87000000e+02
-58	8.01147000e+05	2.13000000e+02	3.97000000e+02	6.91000000e+02
-57	8.07095000e+05	2.19000000e+02	4.00000000e+02	6.95000000e+02
-56	8.13236000e+05	2.13000000e+02	4.02000000e+02	6.98000000e+02
-55	8.19035000e+05	2.23000000e+02	4.03000000e+02	7.05000000e+02
-54	8.25222000e+05	2.25000000e+02	4.05000000e+02	7.08000000e+02
-53	8.31087000e+05	2.16000000e+02	4.06000000e+02	7.10000000e+02
-52	8.37609000e+05	2.28000000e+02	4.12000000e+02	7.17000000e+02
-51	8.43269000e+05	2.28000000e+02	4.12000000e+02	7.17000000e+02
-50	8.48960000e+05	2.17000000e+02	4.14000000e+02	7.21000000e+02
-49	8.54283000e+05	2.17000000e+02	4.14000000e+02	7.21000000e+02
-48	8.64813000e+05	2.16000000e+02	4.14000000e+02	7.23000000e+02
-47	8.75818000e+05	2.11000000e+02	4.14000000e+02	7.26000000e+02
-46	8.85537000e+05	2.11000000e+02	4.14000000e+02	7.26000000e+02
-45	8.95240000e+05	2.11000000e+02	4.14000000e+02	7.26000000e+02
-44	9.03655000e+05	2.12000000e+02	4.15000000e+02	7.27000000e+02
-43	9.11837000e+05	2.18000000e+02	4.16000000e+02	7.28000000e+02
-42	9.19772000e+05	2.13000000e+02	4.18000000e+02	7.31000000e+02
-41	9.27453000e+05	2.13000000e+02	4.18000000e+02	7.31000000e+02
-40	9.36246000e+05	2.21000000e+02	4.19000000e+02	7.32000000e+02
-39	9.45164000e+05	2.25000000e+02	4.21000000e+02	7.38000000e+02
-38	9.52945000e+05	2.25000000e+02	4.21000000e+02	7.38000000e+02
-37	9.61577000e+05	2.25000000e+02	4.21000000e+02	7.38000000e+02
-36	9.68761000e+05	2.22000000e+02	4.21000000e+02	7.39000000e+02
-35	9.75931000e+05	2.22000000e+02	4.21000000e+02	7.39000000e+02
-34	9.83215000e+05	2.22000000e+02	4.21000000e+02	7.39000000e+02
-33	9.90668000e+05	2.22000000e+02	4.21000000e+02	7.39000000e+02
-32	9.98679000e+05	2.23000000e+02	4.22000000e+02	7.40000000e+02
-31	1.00654000e+06	2.24000000e+02	4.23000000e+02	7.41000000e+02
-30	1.01828000e+06	2.19000000e+02	4.32000000e+02	7.54000000e+02
-29	1.02835500e+06	2.27000000e+02	4.32000000e+02	7.56000000e+02
-28	1.03911900e+06	2.27000000e+02	4.32000000e+02	7.56000000e+02
-27	1.05797600e+06	2.25000000e+02	4.37000000e+02	7.63000000e+02
-26	1.07125600e+06	2.28000000e+02	4.39000000e+02	7.68000000e+02
-25	1.08196500e+06	2.29000000e+02	4.40000000e+02	7.69000000e+02
-24	1.09328900e+06	2.32000000e+02	4.41000000e+02	7.73000000e+02
-23	1.10570400e+06	2.33000000e+02	4.42000000e+02	7.74000000e+02
-22	1.11759700e+06	2.26000000e+02	4.43000000e+02	7.80000000e+02
-21	1.12976700e+06	2.31000000e+02	4.44000000e+02	7.81000000e+02
-20	1.14209900e+06	2.31000000e+02	4.45000000e+02	7.84000000e+02
-19	1.15386200e+06	2.36000000e+02	4.46000000e+02	7.87000000e+02
-18	1.16592600e+06	2.36000000e+02	4.46000000e+02	7.87000000e+02
-17	1.18058000e+06	2.36000000e+02	4.46000000e+02	7.87000000e+02
-16	1.19339500e+06	2.39000000e+02	4.47000000e+02	7.89000000e+02
-15	1.20560000e+06	2.32000000e+02	4.48000000e+02	7.90000000e+02
-14	1.21816200e+06	2.32000000e+02	4.48000000e+02	7.90000000e+02
-13	1.23237700e+06	2.32000000e+02	4.49000000e+02	7.91000000e+02
-12	1.24656000e+06	2.33000000e+02	4.52000000e+02	7.98000000e+02
-11	1.26367500e+06	2.45000000e+02	4.56000000e+02	8.02000000e+02
-10	1.28196000e+06	2.37000000e+02	4.57000000e+02	8.10000000e+02
-9	1.29898900e+06	2.41000000e+02	4.59000000e+02	8.12000000e+02
-8	1.31765900e+06	2.41000000e+02	4.59000000e+02	8.12000000e+02
-7	1.33596300e+06	2.38000000e+02	4.60000000e+02	8.14000000e+02
-6	1.36287900e+06	2.41000000e+02	4.70000000e+02	8.26000000e+02
-5	1.39112900e+06	2.53000000e+02	4.73000000e+02	8.30000000e+02
-4	1.42212100e+06	2.57000000e+02	4.78000000e+02	8.35000000e+02
-3	1.45419400e+06	2.61000000e+02	4.92000000e+02	8.51000000e+02
-2	1.48661700e+06	2.67000000e+02	5.12000000e+02	8.80000000e+02
-1	1.51894700e+06	2.96000000e+02	5.38000000e+02	9.17000000e+02
0	1.57599500e+06	3.28000000e+02	5.93000000e+02	9.84000000e+02
1	1.69421900e+06	3.68000000e+02	6.89000000e+02	1.10700000e+03
2	1.79827100e+06	4.04000000e+02	7.50000000e+02	1.20400000e+03
3	1.88798300e+06	4.25000000e+02	7.90000000e+02	1.25300000e+03
4	1.99272400e+06	4.48000000e+02	8.33000000e+02	1.30800000e+03
5	2.04495900e+06	4.68000000e+02	8.70000000e+02	1.35800000e+03
6	2.08080000e+06	4.75000000e+02	8.83000000e+02	1.37600000e+03
7	2.11311600e+06	4.83000000e+02	8.96000000e+02	1.39100000e+03
8	2.14282600e+06	4.91000000e+02	9.12000000e+02	1.41300000e+03
9	2.17025200e+06	5.06000000e+02	9.38000000e+02	1.44400000e+03
10	2.19705900e+06	5.11000000e+02	9.47000000e+02	1.45700000e+03
11	2.22036200e+06	5.16000000e+02	9.54000000e+02	1.46700000e+03
12	2.23704700e+06	5.26000000e+02	9.69000000e+02	1.48900000e+03
13	2.25283000e+06	5.30000000e+02	9.77000000e+02	1.49900000e+03
14	2.26848300e+06	5.39000000e+02	9.90000000e+02	1.51500000e+03
15	2.28277100e+06	5.43000000e+02	1.00000000e+03	1.53100000e+03
16	2.29644800e+06	5.51000000e+02	1.01200000e+03	1.54300000e+03
17	2.31006400e+06	5.57000000e+02	1.02300000e+03	1.55600000e+03
18	2.32184900e+06	5.61000000e+02	1.02900000e+03	1.56300000e+03
19	2.33140500e+06	5.64000000e+02	1.03700000e+03	1.57100000e+03
20	2.34160500e+06	5.72000000e+02	1.04900000e+03	1.58300000e+03
21	2.35323700e+06	5.74000000e+02	1.05300000e+03	1.58700000e+03
22	2.36408100e+06	5.78000000e+02	1.06000000e+03	1.59500000e+03
23	2.37515400e+06	5.81000000e+02	1.06400000e+03	1.59900000e+03
24	2.38645000e+06	5.85000000e+02	1.06900000e+03	1.60400000e+03
25	2.39655500e+06	5.90000000e+02	1.07600000e+03	1.61500000e+03
26	2.40521300e+06	5.96000000e+02	1.08300000e+03	1.62400000e+03
27	2.41406800e+06	5.99000000e+02	1.08700000e+03	1.62900000e+03
28	2.42226600e+06	5.99000000e+02	1.08800000e+03	1.63000000e+03
29	2.43056500e+06	6.01000000e+02	1.09500000e+03	1.64100000e+03
30	2.43909000e+06	6.07000000e+02	1.10600000e+03	1.65300000e+03
31	2.44811000e+06	6.08000000e+02	1.10800000e+03	1.65500000e+03
32	2.45620600e+06	6.08000000e+02	1.10900000e+03	1.65600000e+03
33	2.46533200e+06	6.14000000e+02	1.12100000e+03	1.66900000e+03
34	2.47223000e+06	6.14000000e+02	1.12100000e+03	1.66900000e+03
35	2.47845500e+06	6.16000000e+02	1.13200000e+03	1.68100000e+03
36	2.48439100e+06	6.16000000e+02	1.13200000e+03	1.68100000e+03
37	2.49084100e+06	6.18000000e+02	1.13400000e+03	1.68300000e+03
38	2.49755700e+06	6.19000000e+02	1.13700000e+03	1.68800000e+03
39	2.50350000e+06	6.20000000e+02	1.13900000e+03	1.69100000e+03
40	2.50889700e+06	6.20000000e+02	1.14200000e+03	1.69500000e+03
41	2.51439000e+06	6.21000000e+02	1.14300000e+03	1.69600000e+03
42	2.51931300e+06	6.21000000e+02	1.14300000e+03	1.69600000e+03
43	2.52471600e+06	6.22000000e+02	1.14400000e+03	1.69700000e+03
44	2.53038400e+06	6.23000000e+02	1.14600000e+03	1.70000000e+03
45	2.53684200e+06	6.23000000e+02	1.14700000e+03	1.70100000e+03
46	2.54217800e+06	6.25000000e+02	1.15200000e+03	1.70600000e+03
47	2.54738200e+06	6.26000000e+02	1.15500000e+03	1.70900000e+03
48	2.55233700e+06	6.27000000e+02	1.15600000e+03	1.71100000e+03
49	2.55762500e+06	6.28000000e+02	1.15800000e+03	1.71400000e+03
50	2.56254700e+06	6.29000000e+02	1.16000000e+03	1.71600000e+03
51	2.56732800e+06	6.31000000e+02	1.16400000e+03	1.72100000e+03
52	2.57270200e+06	6.31000000e+02	1.16400000e+03	1.72100000e+03
53	2.57825000e+06	6.32000000e+02	1.16500000e+03	1.72200000e+03
54	2.58328700e+06	6.33000000e+02	1.16600000e+03	1.72300000e+03
55	2.58837700e+06	6.33000000e+02	1.16800000e+03	1.72500000e+03
56	2.59336700e+06	6.33000000e+02	1.16800000e+03	1.72500000e+03
57	2.59755400e+06	6.35000000e+02	1.17300000e+03	1.73000000e+03
58	2.60104800e+06	6.35000000e+02	1.17400000e+03	1.73100000e+03
59	2.60585900e+06	6.35000000e+02	1.17400000e+03	1.73100000e+03
60	2.61320300e+06	6.35000000e+02	1.17400000e+03	1.73100000e+03
61	2.62096700e+06	6.36000000e+02	1.17500000e+03	1.73200000e+03
62	2.62822300e+06	6.36000000e+02	1.17700000e+03	1.73400000e+03
63	2.63529400e+06	6.37000000e+02	1.18000000e+03	1.73700000e+03
64	2.64131900e+06	6.37000000e+02	1.18000000e+03	1.73700000e+03
65	2.64737300e+06	6.37000000e+02	1.18100000e+03	1.73800000e+03
66	2.65427800e+06	6.38000000e+02	1.18300000e+03	1.74000000e+03
67	2.66067200e+06	6.39000000e+02	1.18400000e+03	1.74100000e+03
68	2.66611100e+06	6.39000000e+02	1.18400000e+03	1.74100000e+03
69	2.67159300e+06	6.39000000e+02	1.18400000e+03	1.74100000e+03
70	2.67718500e+06	6.40000000e+02	1.18500000e+03	1.74200000e+03
71	2.68245700e+06	6.40000000e+02	1.18500000e+03	1.74200000e+03
72	2.68794800e+06	6.43000000e+02	1.18900000e+03	1.74900000e+03
73	2.69390900e+06	6.45000000e+02	1.19200000e+03	1.75200000e+03
74	2.69892000e+06	6.47000000e+02	1.19500000e+03	1.75500000e+03
75	2.70366900e+06	6.48000000e+02	1.19700000e+03	1.75700000e+03
76	2.70914500e+06	6.49000000e+02	1.19900000e+03	1.75900000e+03
77	2.71403500e+06	6.49000000e+02	1.19900000e+03	1.75900000e+03
78	2.71897600e+06	6.51000000e+02	1.20400000e+03	1.76400000e+03
79	2.72400100e+06	6.55000000e+02	1.20900000e+03	1.76900000e+03
80	2.72951100e+06	6.56000000e+02	1.21100000e+03	1.77100000e+03
81	2.73455200e+06	6.58000000e+02	1.21500000e+03	1.77600000e+03
82	2.73938800e+06	6.58000000e+02	1.21600000e+03	1.77700000e+03
83	2.74412500e+06	6.60000000e+02	1.22200000e+03	1.78300000e+03
84	2.74891900e+06	6.62000000e+02	1.22500000e+03	1.78700000e+03
85	2.75486400e+06	6.63000000e+02	1.23100000e+03	1.79300000e+03
86	2.76111700e+06	6.65000000e+02	1.23400000e+03	1.79700000e+03
87	2.76779400e+06	6.65000000e+02	1.23500000e+03	1.79800000e+03
88	2.77385700e+06	6.65000000e+02	1.23500000e+03	1.79800000e+03
89	2.78296800e+06	6.65000000e+02	1.23500000e+03	1.79800000e+03
90	2.79316400e+06	6.65000000e+02	1.23500000e+03	1.79800000e+03
91	2.80168500e+06	6.65000000e+02	1.23500000e+03	1.79800000e+03
92	2.81013400e+06	6.65000000e+02	1.23500000e+03	1.79900000e+03
93	2.81911700e+06	6.65000000e+02	1.23500000e+03	1.79900000e+03
94	2.82901700e+06	6.65000000e+02	1.23600000e+03	1.80000000e+03
95	2.83698100e+06	6.65000000e+02	1.23800000e+03	1.80200000e+03
96	2.84319300e+06	6.65000000e+02	1.23900000e+03	1.80300000e+03
97	2.84924400e+06	6.65000000e+02	1.23900000e+03	1.80500000e+03
98	2.85512300e+06	6.65000000e+02	1.23900000e+03	1.80600000e+03
99	2.86074700e+06	6.65000000e+02	1.23900000e+03	1.80600000e+03
100	2.86686600e+06	6.65000000e+02	1.23900000e+03	1.80600000e+03
