Day_(movie_time)	Views	Users	Rigor	Edits
-500	0.00000000e+00	0.00000000e+00	0.00000000e+00	0.00000000e+00
-499	0.00000000e+00	0.00000000e+00	0.00000000e+00	0.00000000e+00
-498	0.00000000e+00	0.00000000e+00	0.00000000e+00	0.00000000e+00
-497	0.00000000e+00	0.00000000e+00	0.00000000e+00	0.00000000e+00
-496	0.00000000e+00	0.00000000e+00	0.00000000e+00	0.00000000e+00
-495	0.00000000e+00	0.00000000e+00	0.00000000e+00	0.00000000e+00
-494	0.00000000e+00	0.00000000e+00	0.00000000e+00	0.00000000e+00
-493	0.00000000e+00	0.00000000e+00	0.00000000e+00	0.00000000e+00
-492	0.00000000e+00	0.00000000e+00	0.00000000e+00	0.00000000e+00
-491	0.00000000e+00	0.00000000e+00	0.00000000e+00	0.00000000e+00
-490	0.00000000e+00	0.00000000e+00	0.00000000e+00	0.00000000e+00
-489	0.00000000e+00	0.00000000e+00	0.00000000e+00	0.00000000e+00
-488	0.00000000e+00	0.00000000e+00	0.00000000e+00	0.00000000e+00
-487	0.00000000e+00	0.00000000e+00	0.00000000e+00	0.00000000e+00
-486	0.00000000e+00	0.00000000e+00	0.00000000e+00	0.00000000e+00
-485	0.00000000e+00	0.00000000e+00	0.00000000e+00	0.00000000e+00
-484	0.00000000e+00	0.00000000e+00	0.00000000e+00	0.00000000e+00
-483	0.00000000e+00	0.00000000e+00	0.00000000e+00	0.00000000e+00
-482	0.00000000e+00	0.00000000e+00	0.00000000e+00	0.00000000e+00
-481	0.00000000e+00	0.00000000e+00	0.00000000e+00	0.00000000e+00
-480	0.00000000e+00	0.00000000e+00	0.00000000e+00	0.00000000e+00
-479	0.00000000e+00	0.00000000e+00	0.00000000e+00	0.00000000e+00
-478	0.00000000e+00	0.00000000e+00	0.00000000e+00	0.00000000e+00
-477	0.00000000e+00	0.00000000e+00	0.00000000e+00	0.00000000e+00
-476	0.00000000e+00	0.00000000e+00	0.00000000e+00	0.00000000e+00
-475	0.00000000e+00	0.00000000e+00	0.00000000e+00	0.00000000e+00
-474	0.00000000e+00	0.00000000e+00	0.00000000e+00	0.00000000e+00
-473	0.00000000e+00	0.00000000e+00	0.00000000e+00	0.00000000e+00
-472	0.00000000e+00	0.00000000e+00	0.00000000e+00	0.00000000e+00
-471	0.00000000e+00	0.00000000e+00	0.00000000e+00	0.00000000e+00
-470	0.00000000e+00	0.00000000e+00	0.00000000e+00	0.00000000e+00
-469	0.00000000e+00	0.00000000e+00	0.00000000e+00	0.00000000e+00
-468	0.00000000e+00	0.00000000e+00	0.00000000e+00	0.00000000e+00
-467	0.00000000e+00	0.00000000e+00	0.00000000e+00	0.00000000e+00
-466	0.00000000e+00	0.00000000e+00	0.00000000e+00	0.00000000e+00
-465	0.00000000e+00	0.00000000e+00	0.00000000e+00	0.00000000e+00
-464	0.00000000e+00	0.00000000e+00	0.00000000e+00	0.00000000e+00
-463	0.00000000e+00	0.00000000e+00	0.00000000e+00	0.00000000e+00
-462	0.00000000e+00	0.00000000e+00	0.00000000e+00	0.00000000e+00
-461	0.00000000e+00	0.00000000e+00	0.00000000e+00	0.00000000e+00
-460	0.00000000e+00	0.00000000e+00	0.00000000e+00	0.00000000e+00
-459	0.00000000e+00	0.00000000e+00	0.00000000e+00	0.00000000e+00
-458	0.00000000e+00	0.00000000e+00	0.00000000e+00	0.00000000e+00
-457	0.00000000e+00	0.00000000e+00	0.00000000e+00	0.00000000e+00
-456	0.00000000e+00	0.00000000e+00	0.00000000e+00	0.00000000e+00
-455	0.00000000e+00	0.00000000e+00	0.00000000e+00	0.00000000e+00
-454	0.00000000e+00	0.00000000e+00	0.00000000e+00	0.00000000e+00
-453	0.00000000e+00	0.00000000e+00	0.00000000e+00	0.00000000e+00
-452	0.00000000e+00	0.00000000e+00	0.00000000e+00	0.00000000e+00
-451	0.00000000e+00	0.00000000e+00	0.00000000e+00	0.00000000e+00
-450	0.00000000e+00	0.00000000e+00	0.00000000e+00	0.00000000e+00
-449	0.00000000e+00	0.00000000e+00	0.00000000e+00	0.00000000e+00
-448	0.00000000e+00	0.00000000e+00	0.00000000e+00	0.00000000e+00
-447	0.00000000e+00	0.00000000e+00	0.00000000e+00	0.00000000e+00
-446	0.00000000e+00	0.00000000e+00	0.00000000e+00	0.00000000e+00
-445	0.00000000e+00	0.00000000e+00	0.00000000e+00	0.00000000e+00
-444	0.00000000e+00	0.00000000e+00	0.00000000e+00	0.00000000e+00
-443	0.00000000e+00	0.00000000e+00	0.00000000e+00	0.00000000e+00
-442	0.00000000e+00	0.00000000e+00	0.00000000e+00	0.00000000e+00
-441	0.00000000e+00	0.00000000e+00	0.00000000e+00	0.00000000e+00
-440	0.00000000e+00	0.00000000e+00	0.00000000e+00	0.00000000e+00
-439	0.00000000e+00	0.00000000e+00	0.00000000e+00	0.00000000e+00
-438	0.00000000e+00	0.00000000e+00	0.00000000e+00	0.00000000e+00
-437	0.00000000e+00	0.00000000e+00	0.00000000e+00	0.00000000e+00
-436	0.00000000e+00	0.00000000e+00	0.00000000e+00	0.00000000e+00
-435	0.00000000e+00	0.00000000e+00	0.00000000e+00	0.00000000e+00
-434	0.00000000e+00	0.00000000e+00	0.00000000e+00	0.00000000e+00
-433	0.00000000e+00	0.00000000e+00	0.00000000e+00	0.00000000e+00
-432	0.00000000e+00	0.00000000e+00	0.00000000e+00	0.00000000e+00
-431	0.00000000e+00	0.00000000e+00	0.00000000e+00	0.00000000e+00
-430	0.00000000e+00	0.00000000e+00	0.00000000e+00	0.00000000e+00
-429	0.00000000e+00	0.00000000e+00	0.00000000e+00	0.00000000e+00
-428	0.00000000e+00	0.00000000e+00	0.00000000e+00	0.00000000e+00
-427	0.00000000e+00	0.00000000e+00	0.00000000e+00	0.00000000e+00
-426	0.00000000e+00	0.00000000e+00	0.00000000e+00	0.00000000e+00
-425	0.00000000e+00	0.00000000e+00	0.00000000e+00	0.00000000e+00
-424	0.00000000e+00	0.00000000e+00	0.00000000e+00	0.00000000e+00
-423	0.00000000e+00	0.00000000e+00	0.00000000e+00	0.00000000e+00
-422	0.00000000e+00	0.00000000e+00	0.00000000e+00	0.00000000e+00
-421	0.00000000e+00	0.00000000e+00	0.00000000e+00	0.00000000e+00
-420	0.00000000e+00	0.00000000e+00	0.00000000e+00	0.00000000e+00
-419	0.00000000e+00	0.00000000e+00	0.00000000e+00	0.00000000e+00
-418	0.00000000e+00	0.00000000e+00	0.00000000e+00	0.00000000e+00
-417	0.00000000e+00	0.00000000e+00	0.00000000e+00	0.00000000e+00
-416	0.00000000e+00	0.00000000e+00	0.00000000e+00	0.00000000e+00
-415	0.00000000e+00	0.00000000e+00	0.00000000e+00	0.00000000e+00
-414	0.00000000e+00	0.00000000e+00	0.00000000e+00	0.00000000e+00
-413	0.00000000e+00	0.00000000e+00	0.00000000e+00	0.00000000e+00
-412	0.00000000e+00	0.00000000e+00	0.00000000e+00	0.00000000e+00
-411	0.00000000e+00	0.00000000e+00	0.00000000e+00	0.00000000e+00
-410	0.00000000e+00	0.00000000e+00	0.00000000e+00	0.00000000e+00
-409	0.00000000e+00	0.00000000e+00	0.00000000e+00	0.00000000e+00
-408	0.00000000e+00	0.00000000e+00	0.00000000e+00	0.00000000e+00
-407	0.00000000e+00	0.00000000e+00	0.00000000e+00	0.00000000e+00
-406	0.00000000e+00	0.00000000e+00	0.00000000e+00	0.00000000e+00
-405	0.00000000e+00	0.00000000e+00	0.00000000e+00	0.00000000e+00
-404	0.00000000e+00	0.00000000e+00	0.00000000e+00	0.00000000e+00
-403	0.00000000e+00	0.00000000e+00	0.00000000e+00	0.00000000e+00
-402	0.00000000e+00	0.00000000e+00	0.00000000e+00	0.00000000e+00
-401	0.00000000e+00	0.00000000e+00	0.00000000e+00	0.00000000e+00
-400	0.00000000e+00	0.00000000e+00	0.00000000e+00	0.00000000e+00
-399	0.00000000e+00	0.00000000e+00	0.00000000e+00	0.00000000e+00
-398	0.00000000e+00	0.00000000e+00	0.00000000e+00	0.00000000e+00
-397	0.00000000e+00	0.00000000e+00	0.00000000e+00	0.00000000e+00
-396	0.00000000e+00	0.00000000e+00	0.00000000e+00	0.00000000e+00
-395	0.00000000e+00	0.00000000e+00	0.00000000e+00	0.00000000e+00
-394	0.00000000e+00	0.00000000e+00	0.00000000e+00	0.00000000e+00
-393	0.00000000e+00	0.00000000e+00	0.00000000e+00	0.00000000e+00
-392	0.00000000e+00	0.00000000e+00	0.00000000e+00	0.00000000e+00
-391	0.00000000e+00	0.00000000e+00	0.00000000e+00	0.00000000e+00
-390	0.00000000e+00	0.00000000e+00	0.00000000e+00	0.00000000e+00
-389	0.00000000e+00	0.00000000e+00	0.00000000e+00	0.00000000e+00
-388	0.00000000e+00	0.00000000e+00	0.00000000e+00	0.00000000e+00
-387	0.00000000e+00	0.00000000e+00	0.00000000e+00	0.00000000e+00
-386	0.00000000e+00	0.00000000e+00	0.00000000e+00	0.00000000e+00
-385	0.00000000e+00	0.00000000e+00	0.00000000e+00	0.00000000e+00
-384	0.00000000e+00	0.00000000e+00	0.00000000e+00	0.00000000e+00
-383	0.00000000e+00	0.00000000e+00	0.00000000e+00	0.00000000e+00
-382	0.00000000e+00	0.00000000e+00	0.00000000e+00	0.00000000e+00
-381	0.00000000e+00	0.00000000e+00	0.00000000e+00	0.00000000e+00
-380	0.00000000e+00	0.00000000e+00	0.00000000e+00	0.00000000e+00
-379	0.00000000e+00	0.00000000e+00	0.00000000e+00	0.00000000e+00
-378	0.00000000e+00	0.00000000e+00	0.00000000e+00	0.00000000e+00
-377	0.00000000e+00	0.00000000e+00	0.00000000e+00	0.00000000e+00
-376	0.00000000e+00	0.00000000e+00	0.00000000e+00	0.00000000e+00
-375	0.00000000e+00	0.00000000e+00	0.00000000e+00	0.00000000e+00
-374	0.00000000e+00	0.00000000e+00	0.00000000e+00	0.00000000e+00
-373	0.00000000e+00	0.00000000e+00	0.00000000e+00	0.00000000e+00
-372	0.00000000e+00	0.00000000e+00	0.00000000e+00	0.00000000e+00
-371	0.00000000e+00	0.00000000e+00	0.00000000e+00	0.00000000e+00
-370	0.00000000e+00	0.00000000e+00	0.00000000e+00	0.00000000e+00
-369	0.00000000e+00	0.00000000e+00	0.00000000e+00	0.00000000e+00
-368	0.00000000e+00	0.00000000e+00	0.00000000e+00	0.00000000e+00
-367	0.00000000e+00	0.00000000e+00	0.00000000e+00	0.00000000e+00
-366	0.00000000e+00	0.00000000e+00	0.00000000e+00	0.00000000e+00
-365	0.00000000e+00	0.00000000e+00	0.00000000e+00	0.00000000e+00
-364	0.00000000e+00	0.00000000e+00	0.00000000e+00	0.00000000e+00
-363	0.00000000e+00	0.00000000e+00	0.00000000e+00	0.00000000e+00
-362	0.00000000e+00	0.00000000e+00	0.00000000e+00	0.00000000e+00
-361	0.00000000e+00	0.00000000e+00	0.00000000e+00	0.00000000e+00
-360	0.00000000e+00	0.00000000e+00	0.00000000e+00	0.00000000e+00
-359	0.00000000e+00	0.00000000e+00	0.00000000e+00	0.00000000e+00
-358	0.00000000e+00	0.00000000e+00	0.00000000e+00	0.00000000e+00
-357	0.00000000e+00	0.00000000e+00	0.00000000e+00	0.00000000e+00
-356	0.00000000e+00	0.00000000e+00	0.00000000e+00	0.00000000e+00
-355	0.00000000e+00	0.00000000e+00	0.00000000e+00	0.00000000e+00
-354	0.00000000e+00	0.00000000e+00	0.00000000e+00	0.00000000e+00
-353	0.00000000e+00	0.00000000e+00	0.00000000e+00	0.00000000e+00
-352	0.00000000e+00	0.00000000e+00	0.00000000e+00	0.00000000e+00
-351	0.00000000e+00	0.00000000e+00	0.00000000e+00	0.00000000e+00
-350	0.00000000e+00	0.00000000e+00	0.00000000e+00	0.00000000e+00
-349	0.00000000e+00	0.00000000e+00	0.00000000e+00	0.00000000e+00
-348	0.00000000e+00	0.00000000e+00	0.00000000e+00	0.00000000e+00
-347	0.00000000e+00	0.00000000e+00	0.00000000e+00	0.00000000e+00
-346	0.00000000e+00	0.00000000e+00	0.00000000e+00	0.00000000e+00
-345	0.00000000e+00	0.00000000e+00	0.00000000e+00	0.00000000e+00
-344	0.00000000e+00	0.00000000e+00	0.00000000e+00	0.00000000e+00
-343	0.00000000e+00	0.00000000e+00	0.00000000e+00	0.00000000e+00
-342	0.00000000e+00	0.00000000e+00	0.00000000e+00	0.00000000e+00
-341	0.00000000e+00	0.00000000e+00	0.00000000e+00	0.00000000e+00
-340	0.00000000e+00	0.00000000e+00	0.00000000e+00	0.00000000e+00
-339	0.00000000e+00	0.00000000e+00	0.00000000e+00	0.00000000e+00
-338	0.00000000e+00	0.00000000e+00	0.00000000e+00	0.00000000e+00
-337	0.00000000e+00	0.00000000e+00	0.00000000e+00	0.00000000e+00
-336	0.00000000e+00	0.00000000e+00	0.00000000e+00	0.00000000e+00
-335	0.00000000e+00	0.00000000e+00	0.00000000e+00	0.00000000e+00
-334	0.00000000e+00	0.00000000e+00	0.00000000e+00	0.00000000e+00
-333	1.00000000e+00	0.00000000e+00	0.00000000e+00	0.00000000e+00
-332	1.00000000e+00	0.00000000e+00	0.00000000e+00	0.00000000e+00
-331	1.00000000e+00	0.00000000e+00	0.00000000e+00	0.00000000e+00
-330	1.00000000e+00	0.00000000e+00	0.00000000e+00	0.00000000e+00
-329	1.00000000e+00	0.00000000e+00	0.00000000e+00	0.00000000e+00
-328	1.00000000e+00	0.00000000e+00	0.00000000e+00	0.00000000e+00
-327	1.00000000e+00	0.00000000e+00	0.00000000e+00	0.00000000e+00
-326	1.00000000e+00	0.00000000e+00	0.00000000e+00	0.00000000e+00
-325	1.00000000e+00	0.00000000e+00	0.00000000e+00	0.00000000e+00
-324	1.00000000e+00	0.00000000e+00	0.00000000e+00	0.00000000e+00
-323	1.00000000e+00	0.00000000e+00	0.00000000e+00	0.00000000e+00
-322	1.00000000e+00	0.00000000e+00	0.00000000e+00	0.00000000e+00
-321	1.00000000e+00	0.00000000e+00	0.00000000e+00	0.00000000e+00
-320	1.00000000e+00	0.00000000e+00	0.00000000e+00	0.00000000e+00
-319	1.00000000e+00	0.00000000e+00	0.00000000e+00	0.00000000e+00
-318	1.00000000e+00	0.00000000e+00	0.00000000e+00	0.00000000e+00
-317	1.00000000e+00	0.00000000e+00	0.00000000e+00	0.00000000e+00
-316	1.00000000e+00	0.00000000e+00	0.00000000e+00	0.00000000e+00
-315	1.00000000e+00	0.00000000e+00	0.00000000e+00	0.00000000e+00
-314	1.00000000e+00	0.00000000e+00	0.00000000e+00	0.00000000e+00
-313	1.00000000e+00	0.00000000e+00	0.00000000e+00	0.00000000e+00
-312	1.00000000e+00	0.00000000e+00	0.00000000e+00	0.00000000e+00
-311	1.00000000e+00	0.00000000e+00	0.00000000e+00	0.00000000e+00
-310	1.00000000e+00	0.00000000e+00	0.00000000e+00	0.00000000e+00
-309	1.00000000e+00	0.00000000e+00	0.00000000e+00	0.00000000e+00
-308	1.00000000e+00	0.00000000e+00	0.00000000e+00	0.00000000e+00
-307	1.00000000e+00	0.00000000e+00	0.00000000e+00	0.00000000e+00
-306	1.00000000e+00	0.00000000e+00	0.00000000e+00	0.00000000e+00
-305	1.00000000e+00	0.00000000e+00	0.00000000e+00	0.00000000e+00
-304	1.00000000e+00	0.00000000e+00	0.00000000e+00	0.00000000e+00
-303	1.00000000e+00	0.00000000e+00	0.00000000e+00	0.00000000e+00
-302	1.00000000e+00	0.00000000e+00	0.00000000e+00	0.00000000e+00
-301	1.00000000e+00	0.00000000e+00	0.00000000e+00	0.00000000e+00
-300	1.00000000e+00	0.00000000e+00	0.00000000e+00	0.00000000e+00
-299	1.00000000e+00	0.00000000e+00	0.00000000e+00	0.00000000e+00
-298	1.00000000e+00	0.00000000e+00	0.00000000e+00	0.00000000e+00
-297	1.00000000e+00	0.00000000e+00	0.00000000e+00	0.00000000e+00
-296	1.00000000e+00	0.00000000e+00	0.00000000e+00	0.00000000e+00
-295	1.00000000e+00	0.00000000e+00	0.00000000e+00	0.00000000e+00
-294	1.00000000e+00	0.00000000e+00	0.00000000e+00	0.00000000e+00
-293	1.00000000e+00	0.00000000e+00	0.00000000e+00	0.00000000e+00
-292	1.00000000e+00	0.00000000e+00	0.00000000e+00	0.00000000e+00
-291	1.00000000e+00	0.00000000e+00	0.00000000e+00	0.00000000e+00
-290	1.00000000e+00	0.00000000e+00	0.00000000e+00	0.00000000e+00
-289	1.00000000e+00	0.00000000e+00	0.00000000e+00	0.00000000e+00
-288	1.00000000e+00	0.00000000e+00	0.00000000e+00	0.00000000e+00
-287	1.00000000e+00	0.00000000e+00	0.00000000e+00	0.00000000e+00
-286	1.00000000e+00	0.00000000e+00	0.00000000e+00	0.00000000e+00
-285	1.00000000e+00	0.00000000e+00	0.00000000e+00	0.00000000e+00
-284	1.00000000e+00	0.00000000e+00	0.00000000e+00	0.00000000e+00
-283	1.00000000e+00	0.00000000e+00	0.00000000e+00	0.00000000e+00
-282	1.00000000e+00	0.00000000e+00	0.00000000e+00	0.00000000e+00
-281	1.00000000e+00	0.00000000e+00	0.00000000e+00	0.00000000e+00
-280	1.00000000e+00	0.00000000e+00	0.00000000e+00	0.00000000e+00
-279	1.00000000e+00	0.00000000e+00	0.00000000e+00	0.00000000e+00
-278	1.00000000e+00	0.00000000e+00	0.00000000e+00	0.00000000e+00
-277	1.00000000e+00	0.00000000e+00	0.00000000e+00	0.00000000e+00
-276	1.00000000e+00	0.00000000e+00	0.00000000e+00	0.00000000e+00
-275	1.00000000e+00	0.00000000e+00	0.00000000e+00	0.00000000e+00
-274	1.00000000e+00	0.00000000e+00	0.00000000e+00	0.00000000e+00
-273	1.00000000e+00	0.00000000e+00	0.00000000e+00	0.00000000e+00
-272	1.00000000e+00	0.00000000e+00	0.00000000e+00	0.00000000e+00
-271	1.00000000e+00	0.00000000e+00	0.00000000e+00	0.00000000e+00
-270	1.00000000e+00	0.00000000e+00	0.00000000e+00	0.00000000e+00
-269	1.00000000e+00	0.00000000e+00	0.00000000e+00	0.00000000e+00
-268	1.00000000e+00	0.00000000e+00	0.00000000e+00	0.00000000e+00
-267	1.00000000e+00	0.00000000e+00	0.00000000e+00	0.00000000e+00
-266	1.00000000e+00	0.00000000e+00	0.00000000e+00	0.00000000e+00
-265	1.00000000e+00	0.00000000e+00	0.00000000e+00	0.00000000e+00
-264	1.00000000e+00	0.00000000e+00	0.00000000e+00	0.00000000e+00
-263	1.00000000e+00	0.00000000e+00	0.00000000e+00	0.00000000e+00
-262	1.00000000e+00	0.00000000e+00	0.00000000e+00	0.00000000e+00
-261	1.00000000e+00	0.00000000e+00	0.00000000e+00	0.00000000e+00
-260	1.00000000e+00	0.00000000e+00	0.00000000e+00	0.00000000e+00
-259	1.00000000e+00	0.00000000e+00	0.00000000e+00	0.00000000e+00
-258	1.00000000e+00	0.00000000e+00	0.00000000e+00	0.00000000e+00
-257	1.00000000e+00	0.00000000e+00	0.00000000e+00	0.00000000e+00
-256	1.00000000e+00	0.00000000e+00	0.00000000e+00	0.00000000e+00
-255	1.00000000e+00	0.00000000e+00	0.00000000e+00	0.00000000e+00
-254	1.00000000e+00	0.00000000e+00	0.00000000e+00	0.00000000e+00
-253	1.00000000e+00	0.00000000e+00	0.00000000e+00	0.00000000e+00
-252	1.00000000e+00	0.00000000e+00	0.00000000e+00	0.00000000e+00
-251	1.00000000e+00	0.00000000e+00	0.00000000e+00	0.00000000e+00
-250	1.00000000e+00	0.00000000e+00	0.00000000e+00	0.00000000e+00
-249	1.00000000e+00	0.00000000e+00	0.00000000e+00	0.00000000e+00
-248	1.00000000e+00	0.00000000e+00	0.00000000e+00	0.00000000e+00
-247	1.00000000e+00	0.00000000e+00	0.00000000e+00	0.00000000e+00
-246	1.00000000e+00	0.00000000e+00	0.00000000e+00	0.00000000e+00
-245	1.00000000e+00	0.00000000e+00	0.00000000e+00	0.00000000e+00
-244	1.00000000e+00	0.00000000e+00	0.00000000e+00	0.00000000e+00
-243	1.00000000e+00	0.00000000e+00	0.00000000e+00	0.00000000e+00
-242	1.00000000e+00	0.00000000e+00	0.00000000e+00	0.00000000e+00
-241	1.00000000e+00	0.00000000e+00	0.00000000e+00	0.00000000e+00
-240	1.00000000e+00	0.00000000e+00	0.00000000e+00	0.00000000e+00
-239	1.00000000e+00	0.00000000e+00	0.00000000e+00	0.00000000e+00
-238	1.00000000e+00	0.00000000e+00	0.00000000e+00	0.00000000e+00
-237	1.00000000e+00	0.00000000e+00	0.00000000e+00	0.00000000e+00
-236	1.00000000e+00	0.00000000e+00	0.00000000e+00	0.00000000e+00
-235	1.00000000e+00	0.00000000e+00	0.00000000e+00	0.00000000e+00
-234	1.00000000e+00	0.00000000e+00	0.00000000e+00	0.00000000e+00
-233	1.00000000e+00	0.00000000e+00	0.00000000e+00	0.00000000e+00
-232	1.00000000e+00	0.00000000e+00	0.00000000e+00	0.00000000e+00
-231	1.00000000e+00	0.00000000e+00	0.00000000e+00	0.00000000e+00
-230	1.00000000e+00	0.00000000e+00	0.00000000e+00	0.00000000e+00
-229	1.00000000e+00	0.00000000e+00	0.00000000e+00	0.00000000e+00
-228	1.00000000e+00	0.00000000e+00	0.00000000e+00	0.00000000e+00
-227	1.00000000e+00	0.00000000e+00	0.00000000e+00	0.00000000e+00
-226	1.00000000e+00	0.00000000e+00	0.00000000e+00	0.00000000e+00
-225	1.00000000e+00	0.00000000e+00	0.00000000e+00	0.00000000e+00
-224	1.00000000e+00	0.00000000e+00	0.00000000e+00	0.00000000e+00
-223	1.00000000e+00	0.00000000e+00	0.00000000e+00	0.00000000e+00
-222	1.00000000e+00	0.00000000e+00	0.00000000e+00	0.00000000e+00
-221	1.00000000e+00	0.00000000e+00	0.00000000e+00	0.00000000e+00
-220	1.00000000e+00	0.00000000e+00	0.00000000e+00	0.00000000e+00
-219	1.00000000e+00	0.00000000e+00	0.00000000e+00	0.00000000e+00
-218	1.00000000e+00	0.00000000e+00	0.00000000e+00	0.00000000e+00
-217	1.00000000e+00	0.00000000e+00	0.00000000e+00	0.00000000e+00
-216	1.00000000e+00	0.00000000e+00	0.00000000e+00	0.00000000e+00
-215	1.00000000e+00	0.00000000e+00	0.00000000e+00	0.00000000e+00
-214	1.00000000e+00	0.00000000e+00	0.00000000e+00	0.00000000e+00
-213	1.00000000e+00	0.00000000e+00	0.00000000e+00	0.00000000e+00
-212	1.00000000e+00	0.00000000e+00	0.00000000e+00	0.00000000e+00
-211	1.00000000e+00	0.00000000e+00	0.00000000e+00	0.00000000e+00
-210	1.00000000e+00	0.00000000e+00	0.00000000e+00	0.00000000e+00
-209	1.00000000e+00	0.00000000e+00	0.00000000e+00	0.00000000e+00
-208	1.00000000e+00	0.00000000e+00	0.00000000e+00	0.00000000e+00
-207	1.00000000e+00	0.00000000e+00	0.00000000e+00	0.00000000e+00
-206	1.00000000e+00	0.00000000e+00	0.00000000e+00	0.00000000e+00
-205	1.00000000e+00	0.00000000e+00	0.00000000e+00	0.00000000e+00
-204	1.00000000e+00	0.00000000e+00	0.00000000e+00	0.00000000e+00
-203	1.00000000e+00	0.00000000e+00	0.00000000e+00	0.00000000e+00
-202	1.00000000e+00	0.00000000e+00	0.00000000e+00	0.00000000e+00
-201	1.00000000e+00	0.00000000e+00	0.00000000e+00	0.00000000e+00
-200	1.00000000e+00	0.00000000e+00	0.00000000e+00	0.00000000e+00
-199	1.00000000e+00	0.00000000e+00	0.00000000e+00	0.00000000e+00
-198	1.00000000e+00	0.00000000e+00	0.00000000e+00	0.00000000e+00
-197	1.00000000e+00	0.00000000e+00	0.00000000e+00	0.00000000e+00
-196	1.00000000e+00	0.00000000e+00	0.00000000e+00	0.00000000e+00
-195	1.00000000e+00	0.00000000e+00	0.00000000e+00	0.00000000e+00
-194	1.00000000e+00	0.00000000e+00	0.00000000e+00	0.00000000e+00
-193	1.00000000e+00	0.00000000e+00	0.00000000e+00	0.00000000e+00
-192	1.00000000e+00	0.00000000e+00	0.00000000e+00	0.00000000e+00
-191	1.00000000e+00	0.00000000e+00	0.00000000e+00	0.00000000e+00
-190	1.00000000e+00	0.00000000e+00	0.00000000e+00	0.00000000e+00
-189	1.00000000e+00	0.00000000e+00	0.00000000e+00	0.00000000e+00
-188	1.00000000e+00	0.00000000e+00	0.00000000e+00	0.00000000e+00
-187	1.00000000e+00	0.00000000e+00	0.00000000e+00	0.00000000e+00
-186	1.00000000e+00	0.00000000e+00	0.00000000e+00	0.00000000e+00
-185	1.00000000e+00	0.00000000e+00	0.00000000e+00	0.00000000e+00
-184	1.00000000e+00	0.00000000e+00	0.00000000e+00	0.00000000e+00
-183	1.00000000e+00	0.00000000e+00	0.00000000e+00	0.00000000e+00
-182	1.00000000e+00	0.00000000e+00	0.00000000e+00	0.00000000e+00
-181	1.00000000e+00	0.00000000e+00	0.00000000e+00	0.00000000e+00
-180	1.00000000e+00	0.00000000e+00	0.00000000e+00	0.00000000e+00
-179	1.00000000e+00	0.00000000e+00	0.00000000e+00	0.00000000e+00
-178	1.00000000e+00	0.00000000e+00	0.00000000e+00	0.00000000e+00
-177	1.00000000e+00	0.00000000e+00	0.00000000e+00	0.00000000e+00
-176	1.00000000e+00	0.00000000e+00	0.00000000e+00	0.00000000e+00
-175	1.00000000e+00	0.00000000e+00	0.00000000e+00	0.00000000e+00
-174	1.00000000e+00	0.00000000e+00	0.00000000e+00	0.00000000e+00
-173	1.00000000e+00	0.00000000e+00	0.00000000e+00	0.00000000e+00
-172	1.00000000e+00	0.00000000e+00	0.00000000e+00	0.00000000e+00
-171	1.00000000e+00	0.00000000e+00	0.00000000e+00	0.00000000e+00
-170	1.00000000e+00	0.00000000e+00	0.00000000e+00	0.00000000e+00
-169	1.00000000e+00	0.00000000e+00	0.00000000e+00	0.00000000e+00
-168	1.00000000e+00	0.00000000e+00	0.00000000e+00	0.00000000e+00
-167	1.00000000e+00	0.00000000e+00	0.00000000e+00	0.00000000e+00
-166	1.00000000e+00	0.00000000e+00	0.00000000e+00	0.00000000e+00
-165	1.00000000e+00	0.00000000e+00	0.00000000e+00	0.00000000e+00
-164	1.00000000e+00	0.00000000e+00	0.00000000e+00	0.00000000e+00
-163	1.00000000e+00	0.00000000e+00	0.00000000e+00	0.00000000e+00
-162	1.00000000e+00	0.00000000e+00	0.00000000e+00	0.00000000e+00
-161	1.00000000e+00	0.00000000e+00	0.00000000e+00	0.00000000e+00
-160	1.00000000e+00	0.00000000e+00	0.00000000e+00	0.00000000e+00
-159	1.00000000e+00	0.00000000e+00	0.00000000e+00	0.00000000e+00
-158	1.00000000e+00	0.00000000e+00	0.00000000e+00	0.00000000e+00
-157	1.00000000e+00	0.00000000e+00	0.00000000e+00	0.00000000e+00
-156	1.00000000e+00	0.00000000e+00	0.00000000e+00	0.00000000e+00
-155	1.00000000e+00	0.00000000e+00	0.00000000e+00	0.00000000e+00
-154	1.00000000e+00	0.00000000e+00	0.00000000e+00	0.00000000e+00
-153	1.00000000e+00	0.00000000e+00	0.00000000e+00	0.00000000e+00
-152	1.00000000e+00	0.00000000e+00	0.00000000e+00	0.00000000e+00
-151	1.00000000e+00	0.00000000e+00	0.00000000e+00	0.00000000e+00
-150	1.00000000e+00	0.00000000e+00	0.00000000e+00	0.00000000e+00
-149	1.00000000e+00	0.00000000e+00	0.00000000e+00	0.00000000e+00
-148	1.00000000e+00	0.00000000e+00	0.00000000e+00	0.00000000e+00
-147	1.00000000e+00	0.00000000e+00	0.00000000e+00	0.00000000e+00
-146	1.00000000e+00	0.00000000e+00	0.00000000e+00	0.00000000e+00
-145	1.00000000e+00	0.00000000e+00	0.00000000e+00	0.00000000e+00
-144	1.00000000e+00	0.00000000e+00	0.00000000e+00	0.00000000e+00
-143	1.00000000e+00	0.00000000e+00	0.00000000e+00	0.00000000e+00
-142	1.00000000e+00	0.00000000e+00	0.00000000e+00	0.00000000e+00
-141	1.00000000e+00	0.00000000e+00	0.00000000e+00	0.00000000e+00
-140	1.00000000e+00	0.00000000e+00	0.00000000e+00	0.00000000e+00
-139	1.00000000e+00	0.00000000e+00	0.00000000e+00	0.00000000e+00
-138	1.00000000e+00	0.00000000e+00	0.00000000e+00	0.00000000e+00
-137	1.00000000e+00	0.00000000e+00	0.00000000e+00	0.00000000e+00
-136	1.00000000e+00	0.00000000e+00	0.00000000e+00	0.00000000e+00
-135	1.00000000e+00	0.00000000e+00	0.00000000e+00	0.00000000e+00
-134	1.00000000e+00	0.00000000e+00	0.00000000e+00	0.00000000e+00
-133	1.00000000e+00	0.00000000e+00	0.00000000e+00	0.00000000e+00
-132	1.00000000e+00	0.00000000e+00	0.00000000e+00	0.00000000e+00
-131	1.00000000e+00	0.00000000e+00	0.00000000e+00	0.00000000e+00
-130	1.00000000e+00	0.00000000e+00	0.00000000e+00	0.00000000e+00
-129	1.00000000e+00	0.00000000e+00	0.00000000e+00	0.00000000e+00
-128	1.00000000e+00	0.00000000e+00	0.00000000e+00	0.00000000e+00
-127	1.00000000e+00	0.00000000e+00	0.00000000e+00	0.00000000e+00
-126	1.00000000e+00	0.00000000e+00	0.00000000e+00	0.00000000e+00
-125	1.00000000e+00	0.00000000e+00	0.00000000e+00	0.00000000e+00
-124	1.00000000e+00	0.00000000e+00	0.00000000e+00	0.00000000e+00
-123	1.00000000e+00	0.00000000e+00	0.00000000e+00	0.00000000e+00
-122	1.00000000e+00	0.00000000e+00	0.00000000e+00	0.00000000e+00
-121	1.00000000e+00	0.00000000e+00	0.00000000e+00	0.00000000e+00
-120	1.00000000e+00	0.00000000e+00	0.00000000e+00	0.00000000e+00
-119	1.00000000e+00	0.00000000e+00	0.00000000e+00	0.00000000e+00
-118	1.00000000e+00	0.00000000e+00	0.00000000e+00	0.00000000e+00
-117	1.00000000e+00	0.00000000e+00	0.00000000e+00	0.00000000e+00
-116	1.00000000e+00	0.00000000e+00	0.00000000e+00	0.00000000e+00
-115	1.00000000e+00	0.00000000e+00	0.00000000e+00	0.00000000e+00
-114	1.00000000e+00	0.00000000e+00	0.00000000e+00	0.00000000e+00
-113	1.00000000e+00	0.00000000e+00	0.00000000e+00	0.00000000e+00
-112	1.00000000e+00	0.00000000e+00	0.00000000e+00	0.00000000e+00
-111	1.00000000e+00	0.00000000e+00	0.00000000e+00	0.00000000e+00
-110	1.00000000e+00	0.00000000e+00	0.00000000e+00	0.00000000e+00
-109	1.00000000e+00	0.00000000e+00	0.00000000e+00	0.00000000e+00
-108	1.00000000e+00	0.00000000e+00	0.00000000e+00	0.00000000e+00
-107	1.00000000e+00	0.00000000e+00	0.00000000e+00	0.00000000e+00
-106	1.00000000e+00	0.00000000e+00	0.00000000e+00	0.00000000e+00
-105	1.00000000e+00	0.00000000e+00	0.00000000e+00	0.00000000e+00
-104	1.00000000e+00	0.00000000e+00	0.00000000e+00	0.00000000e+00
-103	1.00000000e+00	0.00000000e+00	0.00000000e+00	0.00000000e+00
-102	1.00000000e+00	0.00000000e+00	0.00000000e+00	0.00000000e+00
-101	1.00000000e+00	0.00000000e+00	0.00000000e+00	0.00000000e+00
-100	1.00000000e+00	0.00000000e+00	0.00000000e+00	0.00000000e+00
-99	1.00000000e+00	0.00000000e+00	0.00000000e+00	0.00000000e+00
-98	1.00000000e+00	0.00000000e+00	0.00000000e+00	0.00000000e+00
-97	1.00000000e+00	0.00000000e+00	0.00000000e+00	0.00000000e+00
-96	1.00000000e+00	0.00000000e+00	0.00000000e+00	0.00000000e+00
-95	1.00000000e+00	0.00000000e+00	0.00000000e+00	0.00000000e+00
-94	1.00000000e+00	0.00000000e+00	0.00000000e+00	0.00000000e+00
-93	1.00000000e+00	0.00000000e+00	0.00000000e+00	0.00000000e+00
-92	1.00000000e+00	0.00000000e+00	0.00000000e+00	0.00000000e+00
-91	1.00000000e+00	0.00000000e+00	0.00000000e+00	0.00000000e+00
-90	1.00000000e+00	0.00000000e+00	0.00000000e+00	0.00000000e+00
-89	1.00000000e+00	0.00000000e+00	0.00000000e+00	0.00000000e+00
-88	1.00000000e+00	0.00000000e+00	0.00000000e+00	0.00000000e+00
-87	1.00000000e+00	0.00000000e+00	0.00000000e+00	0.00000000e+00
-86	1.00000000e+00	0.00000000e+00	0.00000000e+00	0.00000000e+00
-85	1.00000000e+00	0.00000000e+00	0.00000000e+00	0.00000000e+00
-84	1.00000000e+00	0.00000000e+00	0.00000000e+00	0.00000000e+00
-83	1.00000000e+00	0.00000000e+00	0.00000000e+00	0.00000000e+00
-82	1.00000000e+00	0.00000000e+00	0.00000000e+00	0.00000000e+00
-81	1.00000000e+00	0.00000000e+00	0.00000000e+00	0.00000000e+00
-80	1.00000000e+00	0.00000000e+00	0.00000000e+00	0.00000000e+00
-79	1.00000000e+00	0.00000000e+00	0.00000000e+00	0.00000000e+00
-78	1.00000000e+00	0.00000000e+00	0.00000000e+00	0.00000000e+00
-77	1.00000000e+00	0.00000000e+00	0.00000000e+00	0.00000000e+00
-76	1.00000000e+00	0.00000000e+00	0.00000000e+00	0.00000000e+00
-75	1.00000000e+00	0.00000000e+00	0.00000000e+00	0.00000000e+00
-74	1.00000000e+00	0.00000000e+00	0.00000000e+00	0.00000000e+00
-73	1.00000000e+00	0.00000000e+00	0.00000000e+00	0.00000000e+00
-72	1.00000000e+00	0.00000000e+00	0.00000000e+00	0.00000000e+00
-71	1.00000000e+00	0.00000000e+00	0.00000000e+00	0.00000000e+00
-70	1.00000000e+00	0.00000000e+00	0.00000000e+00	0.00000000e+00
-69	1.00000000e+00	0.00000000e+00	0.00000000e+00	0.00000000e+00
-68	1.00000000e+00	0.00000000e+00	0.00000000e+00	0.00000000e+00
-67	1.00000000e+00	0.00000000e+00	0.00000000e+00	0.00000000e+00
-66	1.00000000e+00	0.00000000e+00	0.00000000e+00	0.00000000e+00
-65	1.00000000e+00	0.00000000e+00	0.00000000e+00	0.00000000e+00
-64	1.00000000e+00	0.00000000e+00	0.00000000e+00	0.00000000e+00
-63	1.00000000e+00	0.00000000e+00	0.00000000e+00	0.00000000e+00
-62	1.00000000e+00	0.00000000e+00	0.00000000e+00	0.00000000e+00
-61	9.50000000e+01	2.00000000e+00	2.00000000e+00	2.00000000e+00
-60	1.83000000e+02	3.00000000e+00	3.00000000e+00	3.00000000e+00
-59	3.40000000e+02	3.00000000e+00	3.00000000e+00	3.00000000e+00
-58	6.48000000e+02	5.00000000e+00	5.00000000e+00	8.00000000e+00
-57	9.19000000e+02	7.00000000e+00	7.00000000e+00	1.00000000e+01
-56	1.44400000e+03	7.00000000e+00	7.00000000e+00	1.00000000e+01
-55	2.06200000e+03	8.00000000e+00	8.00000000e+00	1.20000000e+01
-54	2.50600000e+03	8.00000000e+00	8.00000000e+00	1.20000000e+01
-53	3.00000000e+03	8.00000000e+00	8.00000000e+00	1.20000000e+01
-52	3.58200000e+03	9.00000000e+00	9.00000000e+00	1.30000000e+01
-51	4.39900000e+03	9.00000000e+00	9.00000000e+00	1.30000000e+01
-50	5.11700000e+03	9.00000000e+00	9.00000000e+00	1.30000000e+01
-49	5.87800000e+03	9.00000000e+00	9.00000000e+00	1.30000000e+01
-48	6.93200000e+03	9.00000000e+00	9.00000000e+00	1.30000000e+01
-47	7.69600000e+03	9.00000000e+00	9.00000000e+00	1.30000000e+01
-46	8.27900000e+03	9.00000000e+00	9.00000000e+00	1.30000000e+01
-45	8.84700000e+03	9.00000000e+00	9.00000000e+00	1.30000000e+01
-44	9.44500000e+03	9.00000000e+00	9.00000000e+00	1.30000000e+01
-43	9.93000000e+03	9.00000000e+00	9.00000000e+00	1.30000000e+01
-42	1.03310000e+04	9.00000000e+00	9.00000000e+00	1.30000000e+01
-41	1.08080000e+04	9.00000000e+00	9.00000000e+00	1.30000000e+01
-40	1.18030000e+04	9.00000000e+00	9.00000000e+00	1.30000000e+01
-39	1.26920000e+04	9.00000000e+00	9.00000000e+00	1.30000000e+01
-38	1.34180000e+04	9.00000000e+00	9.00000000e+00	1.30000000e+01
-37	1.36850000e+04	9.00000000e+00	9.00000000e+00	1.30000000e+01
-36	1.43640000e+04	1.10000000e+01	1.20000000e+01	1.80000000e+01
-35	1.51540000e+04	1.10000000e+01	1.20000000e+01	1.80000000e+01
-34	1.56440000e+04	1.10000000e+01	1.20000000e+01	1.80000000e+01
-33	1.60930000e+04	1.10000000e+01	1.20000000e+01	1.80000000e+01
-32	1.65650000e+04	1.20000000e+01	1.40000000e+01	2.00000000e+01
-31	1.69280000e+04	1.20000000e+01	1.40000000e+01	2.00000000e+01
-30	1.73510000e+04	1.20000000e+01	1.40000000e+01	2.00000000e+01
-29	1.77910000e+04	1.20000000e+01	1.50000000e+01	2.20000000e+01
-28	1.82050000e+04	1.20000000e+01	1.50000000e+01	2.20000000e+01
-27	1.87900000e+04	1.30000000e+01	1.60000000e+01	2.30000000e+01
-26	1.97110000e+04	1.30000000e+01	1.70000000e+01	2.40000000e+01
-25	2.04710000e+04	1.30000000e+01	1.70000000e+01	2.40000000e+01
-24	2.14510000e+04	1.30000000e+01	1.70000000e+01	2.40000000e+01
-23	2.22790000e+04	1.40000000e+01	1.80000000e+01	2.50000000e+01
-22	2.38330000e+04	1.50000000e+01	2.10000000e+01	3.30000000e+01
-21	2.65450000e+04	1.80000000e+01	2.50000000e+01	3.70000000e+01
-20	2.87220000e+04	1.80000000e+01	2.50000000e+01	3.70000000e+01
-19	3.06240000e+04	1.80000000e+01	2.50000000e+01	3.70000000e+01
-18	3.32280000e+04	1.90000000e+01	2.60000000e+01	3.80000000e+01
-17	3.72070000e+04	1.90000000e+01	2.60000000e+01	3.80000000e+01
-16	4.07790000e+04	1.90000000e+01	2.60000000e+01	3.80000000e+01
-15	4.62410000e+04	1.90000000e+01	3.10000000e+01	4.30000000e+01
-14	5.12430000e+04	2.20000000e+01	3.50000000e+01	4.90000000e+01
-13	5.72060000e+04	2.20000000e+01	3.50000000e+01	4.90000000e+01
-12	6.41930000e+04	2.50000000e+01	4.10000000e+01	5.60000000e+01
-11	7.13040000e+04	2.60000000e+01	4.30000000e+01	5.80000000e+01
-10	7.72060000e+04	2.90000000e+01	4.80000000e+01	6.40000000e+01
-9	8.26610000e+04	3.20000000e+01	4.90000000e+01	6.50000000e+01
-8	8.92580000e+04	3.50000000e+01	5.30000000e+01	6.90000000e+01
-7	9.59360000e+04	3.60000000e+01	5.40000000e+01	7.00000000e+01
-6	1.01932000e+05	3.40000000e+01	5.50000000e+01	7.20000000e+01
-5	1.06672000e+05	3.60000000e+01	5.60000000e+01	7.50000000e+01
-4	1.11314000e+05	3.60000000e+01	5.60000000e+01	7.50000000e+01
-3	1.15697000e+05	3.80000000e+01	5.80000000e+01	7.70000000e+01
-2	1.20178000e+05	3.90000000e+01	6.00000000e+01	7.90000000e+01
-1	1.25218000e+05	4.60000000e+01	6.30000000e+01	8.20000000e+01
0	1.29834000e+05	4.30000000e+01	6.50000000e+01	8.40000000e+01
1	1.34765000e+05	4.40000000e+01	6.60000000e+01	8.50000000e+01
2	1.38604000e+05	4.40000000e+01	6.60000000e+01	8.50000000e+01
3	1.42154000e+05	4.50000000e+01	6.90000000e+01	8.80000000e+01
4	1.44934000e+05	4.50000000e+01	7.10000000e+01	9.00000000e+01
5	1.46733000e+05	4.50000000e+01	7.10000000e+01	9.00000000e+01
6	1.48568000e+05	4.50000000e+01	7.20000000e+01	9.20000000e+01
7	1.50153000e+05	4.50000000e+01	7.20000000e+01	9.20000000e+01
8	1.51582000e+05	4.40000000e+01	7.30000000e+01	9.40000000e+01
9	1.52914000e+05	4.50000000e+01	7.30000000e+01	9.50000000e+01
10	1.54188000e+05	4.50000000e+01	7.30000000e+01	9.50000000e+01
11	1.55231000e+05	4.80000000e+01	7.30000000e+01	9.60000000e+01
12	1.56092000e+05	4.80000000e+01	7.30000000e+01	9.60000000e+01
13	1.56919000e+05	4.80000000e+01	7.30000000e+01	9.60000000e+01
14	1.57699000e+05	4.80000000e+01	7.30000000e+01	9.70000000e+01
15	1.58421000e+05	4.80000000e+01	7.30000000e+01	9.70000000e+01
16	1.59124000e+05	4.80000000e+01	7.30000000e+01	9.70000000e+01
17	1.59821000e+05	4.80000000e+01	7.30000000e+01	9.70000000e+01
18	1.60568000e+05	4.80000000e+01	7.30000000e+01	9.70000000e+01
19	1.61186000e+05	4.80000000e+01	7.30000000e+01	9.70000000e+01
20	1.61740000e+05	4.80000000e+01	7.30000000e+01	9.70000000e+01
21	1.62330000e+05	4.80000000e+01	7.30000000e+01	9.70000000e+01
22	1.62881000e+05	4.80000000e+01	7.30000000e+01	9.70000000e+01
23	1.63448000e+05	4.80000000e+01	7.30000000e+01	9.70000000e+01
24	1.64094000e+05	4.80000000e+01	7.30000000e+01	9.70000000e+01
25	1.64712000e+05	4.80000000e+01	7.30000000e+01	9.80000000e+01
26	1.65211000e+05	4.80000000e+01	7.30000000e+01	9.80000000e+01
27	1.65702000e+05	4.80000000e+01	7.30000000e+01	9.80000000e+01
28	1.66167000e+05	4.80000000e+01	7.30000000e+01	9.80000000e+01
29	1.66646000e+05	4.80000000e+01	7.30000000e+01	9.80000000e+01
30	1.67166000e+05	4.80000000e+01	7.30000000e+01	9.80000000e+01
31	1.67731000e+05	4.80000000e+01	7.30000000e+01	9.80000000e+01
32	1.68292000e+05	4.80000000e+01	7.30000000e+01	9.80000000e+01
33	1.68796000e+05	4.80000000e+01	7.30000000e+01	9.80000000e+01
34	1.69247000e+05	4.80000000e+01	7.30000000e+01	9.80000000e+01
35	1.69715000e+05	4.80000000e+01	7.30000000e+01	9.80000000e+01
36	1.70148000e+05	4.80000000e+01	7.30000000e+01	9.80000000e+01
37	1.70579000e+05	4.80000000e+01	7.30000000e+01	9.80000000e+01
38	1.71127000e+05	4.80000000e+01	7.30000000e+01	9.80000000e+01
39	1.71829000e+05	4.80000000e+01	7.30000000e+01	9.80000000e+01
40	1.72503000e+05	4.80000000e+01	7.30000000e+01	9.80000000e+01
41	1.73090000e+05	4.80000000e+01	7.30000000e+01	9.80000000e+01
42	1.73747000e+05	4.80000000e+01	7.30000000e+01	9.80000000e+01
43	1.74360000e+05	4.80000000e+01	7.30000000e+01	9.80000000e+01
44	1.74967000e+05	4.80000000e+01	7.30000000e+01	9.80000000e+01
45	1.75605000e+05	4.80000000e+01	7.30000000e+01	9.80000000e+01
46	1.76282000e+05	4.80000000e+01	7.30000000e+01	9.80000000e+01
47	1.76958000e+05	4.80000000e+01	7.30000000e+01	9.80000000e+01
48	1.77451000e+05	4.80000000e+01	7.30000000e+01	9.80000000e+01
49	1.77993000e+05	4.80000000e+01	7.30000000e+01	9.80000000e+01
50	1.78524000e+05	4.80000000e+01	7.30000000e+01	9.80000000e+01
51	1.79059000e+05	4.80000000e+01	7.30000000e+01	9.80000000e+01
52	1.79667000e+05	4.80000000e+01	7.30000000e+01	9.80000000e+01
53	1.80222000e+05	4.80000000e+01	7.30000000e+01	9.80000000e+01
54	1.80692000e+05	4.80000000e+01	7.30000000e+01	9.80000000e+01
55	1.81149000e+05	4.80000000e+01	7.30000000e+01	9.80000000e+01
56	1.81627000e+05	4.80000000e+01	7.30000000e+01	9.80000000e+01
57	1.81962000e+05	4.80000000e+01	7.30000000e+01	9.80000000e+01
58	1.82445000e+05	4.80000000e+01	7.30000000e+01	9.80000000e+01
59	1.82966000e+05	4.80000000e+01	7.30000000e+01	9.80000000e+01
60	1.83471000e+05	4.80000000e+01	7.30000000e+01	9.80000000e+01
61	1.83895000e+05	4.80000000e+01	7.30000000e+01	9.80000000e+01
62	1.84367000e+05	4.80000000e+01	7.30000000e+01	9.80000000e+01
63	1.84793000e+05	4.80000000e+01	7.30000000e+01	9.80000000e+01
64	1.85274000e+05	4.80000000e+01	7.30000000e+01	9.80000000e+01
65	1.85983000e+05	4.80000000e+01	7.30000000e+01	9.80000000e+01
66	1.86771000e+05	4.80000000e+01	7.30000000e+01	9.80000000e+01
67	1.87405000e+05	4.80000000e+01	7.30000000e+01	9.80000000e+01
68	1.87861000e+05	4.80000000e+01	7.30000000e+01	9.80000000e+01
69	1.88283000e+05	4.80000000e+01	7.30000000e+01	9.80000000e+01
70	1.88716000e+05	4.80000000e+01	7.30000000e+01	9.80000000e+01
71	1.89140000e+05	4.80000000e+01	7.30000000e+01	9.80000000e+01
72	1.89653000e+05	4.80000000e+01	7.30000000e+01	9.80000000e+01
73	1.90205000e+05	4.80000000e+01	7.30000000e+01	9.80000000e+01
74	1.90634000e+05	4.80000000e+01	7.30000000e+01	9.80000000e+01
75	1.91020000e+05	4.80000000e+01	7.30000000e+01	9.80000000e+01
76	1.91500000e+05	4.80000000e+01	7.30000000e+01	9.80000000e+01
77	1.91900000e+05	4.80000000e+01	7.30000000e+01	9.80000000e+01
78	1.92331000e+05	4.80000000e+01	7.30000000e+01	9.80000000e+01
79	1.92800000e+05	4.80000000e+01	7.30000000e+01	9.80000000e+01
80	1.93277000e+05	4.80000000e+01	7.30000000e+01	9.80000000e+01
81	1.93765000e+05	4.80000000e+01	7.30000000e+01	9.80000000e+01
82	1.94296000e+05	4.80000000e+01	7.30000000e+01	9.80000000e+01
83	1.94782000e+05	4.80000000e+01	7.30000000e+01	9.80000000e+01
84	1.95216000e+05	4.80000000e+01	7.30000000e+01	9.80000000e+01
85	1.95646000e+05	4.80000000e+01	7.30000000e+01	9.80000000e+01
86	1.96169000e+05	4.80000000e+01	7.30000000e+01	9.80000000e+01
87	1.96705000e+05	4.80000000e+01	7.30000000e+01	9.80000000e+01
88	1.97235000e+05	4.80000000e+01	7.30000000e+01	9.80000000e+01
89	1.97738000e+05	4.80000000e+01	7.30000000e+01	9.80000000e+01
90	1.98268000e+05	4.80000000e+01	7.30000000e+01	9.80000000e+01
91	1.98819000e+05	4.80000000e+01	7.30000000e+01	9.80000000e+01
92	1.99249000e+05	4.80000000e+01	7.30000000e+01	9.80000000e+01
93	1.99604000e+05	4.80000000e+01	7.30000000e+01	9.80000000e+01
94	2.00122000e+05	4.80000000e+01	7.30000000e+01	9.80000000e+01
95	2.00700000e+05	4.80000000e+01	7.30000000e+01	9.80000000e+01
96	2.01358000e+05	4.80000000e+01	7.30000000e+01	9.80000000e+01
97	2.01976000e+05	4.80000000e+01	7.30000000e+01	9.80000000e+01
98	2.02610000e+05	4.80000000e+01	7.30000000e+01	9.80000000e+01
99	2.05408000e+05	4.80000000e+01	7.30000000e+01	9.80000000e+01
100	2.08044000e+05	4.80000000e+01	7.30000000e+01	9.80000000e+01
