Day_(movie_time)	Views	Users	Rigor	Edits
-500	0.00000000e+00	5.00000000e+00	5.00000000e+00	7.00000000e+00
-499	1.80000000e+02	5.00000000e+00	5.00000000e+00	7.00000000e+00
-498	3.73000000e+02	5.00000000e+00	5.00000000e+00	7.00000000e+00
-497	5.39000000e+02	5.00000000e+00	5.00000000e+00	7.00000000e+00
-496	7.42000000e+02	5.00000000e+00	5.00000000e+00	7.00000000e+00
-495	9.07000000e+02	5.00000000e+00	5.00000000e+00	7.00000000e+00
-494	1.06800000e+03	5.00000000e+00	5.00000000e+00	7.00000000e+00
-493	1.31600000e+03	5.00000000e+00	5.00000000e+00	7.00000000e+00
-492	1.50400000e+03	6.00000000e+00	6.00000000e+00	8.00000000e+00
-491	1.70700000e+03	6.00000000e+00	6.00000000e+00	8.00000000e+00
-490	1.90600000e+03	6.00000000e+00	6.00000000e+00	8.00000000e+00
-489	2.05600000e+03	6.00000000e+00	6.00000000e+00	8.00000000e+00
-488	2.30400000e+03	6.00000000e+00	6.00000000e+00	8.00000000e+00
-487	2.49900000e+03	6.00000000e+00	6.00000000e+00	8.00000000e+00
-486	2.72100000e+03	6.00000000e+00	6.00000000e+00	8.00000000e+00
-485	2.87900000e+03	6.00000000e+00	6.00000000e+00	8.00000000e+00
-484	3.04400000e+03	6.00000000e+00	6.00000000e+00	8.00000000e+00
-483	3.19900000e+03	6.00000000e+00	6.00000000e+00	8.00000000e+00
-482	3.34900000e+03	6.00000000e+00	6.00000000e+00	8.00000000e+00
-481	3.50500000e+03	6.00000000e+00	6.00000000e+00	8.00000000e+00
-480	3.71600000e+03	6.00000000e+00	6.00000000e+00	8.00000000e+00
-479	3.93300000e+03	6.00000000e+00	6.00000000e+00	8.00000000e+00
-478	4.10300000e+03	6.00000000e+00	6.00000000e+00	8.00000000e+00
-477	4.31500000e+03	6.00000000e+00	6.00000000e+00	8.00000000e+00
-476	4.49600000e+03	6.00000000e+00	6.00000000e+00	8.00000000e+00
-475	4.64800000e+03	6.00000000e+00	6.00000000e+00	8.00000000e+00
-474	4.78400000e+03	6.00000000e+00	6.00000000e+00	8.00000000e+00
-473	4.91200000e+03	6.00000000e+00	6.00000000e+00	8.00000000e+00
-472	5.06400000e+03	6.00000000e+00	6.00000000e+00	8.00000000e+00
-471	5.23000000e+03	6.00000000e+00	6.00000000e+00	8.00000000e+00
-470	5.36800000e+03	6.00000000e+00	6.00000000e+00	8.00000000e+00
-469	5.49000000e+03	6.00000000e+00	6.00000000e+00	8.00000000e+00
-468	5.64200000e+03	6.00000000e+00	6.00000000e+00	8.00000000e+00
-467	5.77000000e+03	6.00000000e+00	6.00000000e+00	8.00000000e+00
-466	5.94500000e+03	6.00000000e+00	6.00000000e+00	8.00000000e+00
-465	6.09700000e+03	6.00000000e+00	6.00000000e+00	8.00000000e+00
-464	6.26200000e+03	6.00000000e+00	6.00000000e+00	8.00000000e+00
-463	6.40100000e+03	6.00000000e+00	6.00000000e+00	8.00000000e+00
-462	6.54300000e+03	6.00000000e+00	6.00000000e+00	8.00000000e+00
-461	6.71200000e+03	6.00000000e+00	6.00000000e+00	8.00000000e+00
-460	6.84700000e+03	6.00000000e+00	6.00000000e+00	8.00000000e+00
-459	6.98000000e+03	6.00000000e+00	6.00000000e+00	8.00000000e+00
-458	7.12700000e+03	6.00000000e+00	6.00000000e+00	8.00000000e+00
-457	7.28400000e+03	6.00000000e+00	6.00000000e+00	8.00000000e+00
-456	7.41700000e+03	6.00000000e+00	6.00000000e+00	8.00000000e+00
-455	7.58500000e+03	6.00000000e+00	6.00000000e+00	8.00000000e+00
-454	7.71900000e+03	6.00000000e+00	6.00000000e+00	8.00000000e+00
-453	7.85400000e+03	6.00000000e+00	6.00000000e+00	8.00000000e+00
-452	8.02400000e+03	6.00000000e+00	6.00000000e+00	8.00000000e+00
-451	8.28400000e+03	6.00000000e+00	6.00000000e+00	8.00000000e+00
-450	8.45100000e+03	6.00000000e+00	6.00000000e+00	8.00000000e+00
-449	8.58400000e+03	6.00000000e+00	6.00000000e+00	8.00000000e+00
-448	8.71500000e+03	6.00000000e+00	6.00000000e+00	8.00000000e+00
-447	8.84400000e+03	6.00000000e+00	6.00000000e+00	8.00000000e+00
-446	8.98100000e+03	6.00000000e+00	6.00000000e+00	8.00000000e+00
-445	9.14900000e+03	6.00000000e+00	6.00000000e+00	8.00000000e+00
-444	9.28000000e+03	6.00000000e+00	6.00000000e+00	8.00000000e+00
-443	9.40200000e+03	6.00000000e+00	6.00000000e+00	8.00000000e+00
-442	9.52100000e+03	6.00000000e+00	6.00000000e+00	8.00000000e+00
-441	9.64300000e+03	6.00000000e+00	6.00000000e+00	8.00000000e+00
-440	9.74800000e+03	6.00000000e+00	6.00000000e+00	8.00000000e+00
-439	9.89500000e+03	6.00000000e+00	6.00000000e+00	8.00000000e+00
-438	1.00280000e+04	6.00000000e+00	6.00000000e+00	8.00000000e+00
-437	1.00280000e+04	6.00000000e+00	6.00000000e+00	8.00000000e+00
-436	1.01820000e+04	6.00000000e+00	6.00000000e+00	8.00000000e+00
-435	1.01820000e+04	6.00000000e+00	6.00000000e+00	8.00000000e+00
-434	1.01820000e+04	6.00000000e+00	6.00000000e+00	8.00000000e+00
-433	1.01820000e+04	6.00000000e+00	6.00000000e+00	8.00000000e+00
-432	1.01820000e+04	6.00000000e+00	6.00000000e+00	8.00000000e+00
-431	1.01820000e+04	6.00000000e+00	6.00000000e+00	8.00000000e+00
-430	1.03200000e+04	6.00000000e+00	6.00000000e+00	8.00000000e+00
-429	1.04220000e+04	7.00000000e+00	7.00000000e+00	9.00000000e+00
-428	1.05500000e+04	7.00000000e+00	7.00000000e+00	9.00000000e+00
-427	1.06890000e+04	7.00000000e+00	7.00000000e+00	9.00000000e+00
-426	1.07900000e+04	7.00000000e+00	7.00000000e+00	9.00000000e+00
-425	1.09280000e+04	7.00000000e+00	7.00000000e+00	9.00000000e+00
-424	1.10670000e+04	7.00000000e+00	7.00000000e+00	9.00000000e+00
-423	1.12230000e+04	7.00000000e+00	7.00000000e+00	9.00000000e+00
-422	1.13410000e+04	7.00000000e+00	7.00000000e+00	9.00000000e+00
-421	1.14680000e+04	7.00000000e+00	7.00000000e+00	9.00000000e+00
-420	1.15680000e+04	7.00000000e+00	7.00000000e+00	9.00000000e+00
-419	1.16930000e+04	7.00000000e+00	7.00000000e+00	9.00000000e+00
-418	1.18110000e+04	7.00000000e+00	7.00000000e+00	9.00000000e+00
-417	1.19430000e+04	7.00000000e+00	7.00000000e+00	9.00000000e+00
-416	1.20820000e+04	7.00000000e+00	7.00000000e+00	9.00000000e+00
-415	1.22170000e+04	7.00000000e+00	7.00000000e+00	9.00000000e+00
-414	1.22170000e+04	7.00000000e+00	7.00000000e+00	9.00000000e+00
-413	1.22170000e+04	7.00000000e+00	7.00000000e+00	9.00000000e+00
-412	1.22170000e+04	7.00000000e+00	7.00000000e+00	9.00000000e+00
-411	1.23740000e+04	7.00000000e+00	7.00000000e+00	9.00000000e+00
-410	1.25820000e+04	8.00000000e+00	8.00000000e+00	1.20000000e+01
-409	1.27610000e+04	8.00000000e+00	8.00000000e+00	1.20000000e+01
-408	1.29030000e+04	8.00000000e+00	8.00000000e+00	1.20000000e+01
-407	1.30370000e+04	8.00000000e+00	8.00000000e+00	1.20000000e+01
-406	1.31540000e+04	8.00000000e+00	8.00000000e+00	1.20000000e+01
-405	1.32700000e+04	8.00000000e+00	8.00000000e+00	1.20000000e+01
-404	1.34240000e+04	8.00000000e+00	8.00000000e+00	1.20000000e+01
-403	1.35880000e+04	8.00000000e+00	8.00000000e+00	1.20000000e+01
-402	1.37450000e+04	8.00000000e+00	8.00000000e+00	1.20000000e+01
-401	1.38930000e+04	8.00000000e+00	8.00000000e+00	1.20000000e+01
-400	1.40280000e+04	8.00000000e+00	8.00000000e+00	1.20000000e+01
-399	1.41580000e+04	8.00000000e+00	8.00000000e+00	1.20000000e+01
-398	1.43010000e+04	8.00000000e+00	8.00000000e+00	1.20000000e+01
-397	1.44000000e+04	8.00000000e+00	8.00000000e+00	1.20000000e+01
-396	1.45040000e+04	8.00000000e+00	8.00000000e+00	1.20000000e+01
-395	1.46310000e+04	8.00000000e+00	8.00000000e+00	1.20000000e+01
-394	1.47660000e+04	8.00000000e+00	8.00000000e+00	1.20000000e+01
-393	1.49080000e+04	8.00000000e+00	8.00000000e+00	1.20000000e+01
-392	1.50850000e+04	8.00000000e+00	8.00000000e+00	1.20000000e+01
-391	1.52590000e+04	8.00000000e+00	8.00000000e+00	1.20000000e+01
-390	1.53890000e+04	8.00000000e+00	8.00000000e+00	1.20000000e+01
-389	1.55300000e+04	8.00000000e+00	8.00000000e+00	1.20000000e+01
-388	1.56760000e+04	8.00000000e+00	8.00000000e+00	1.20000000e+01
-387	1.57970000e+04	8.00000000e+00	8.00000000e+00	1.20000000e+01
-386	1.59400000e+04	8.00000000e+00	8.00000000e+00	1.20000000e+01
-385	1.60590000e+04	8.00000000e+00	8.00000000e+00	1.20000000e+01
-384	1.61740000e+04	8.00000000e+00	8.00000000e+00	1.20000000e+01
-383	1.62920000e+04	8.00000000e+00	8.00000000e+00	1.20000000e+01
-382	1.62920000e+04	8.00000000e+00	8.00000000e+00	1.20000000e+01
-381	1.64100000e+04	8.00000000e+00	8.00000000e+00	1.20000000e+01
-380	1.65210000e+04	8.00000000e+00	8.00000000e+00	1.20000000e+01
-379	1.66370000e+04	8.00000000e+00	8.00000000e+00	1.20000000e+01
-378	1.67230000e+04	8.00000000e+00	8.00000000e+00	1.20000000e+01
-377	1.68520000e+04	8.00000000e+00	8.00000000e+00	1.20000000e+01
-376	1.70010000e+04	8.00000000e+00	8.00000000e+00	1.20000000e+01
-375	1.70010000e+04	8.00000000e+00	8.00000000e+00	1.20000000e+01
-374	1.71240000e+04	8.00000000e+00	8.00000000e+00	1.20000000e+01
-373	1.72350000e+04	8.00000000e+00	8.00000000e+00	1.20000000e+01
-372	1.73270000e+04	8.00000000e+00	8.00000000e+00	1.20000000e+01
-371	1.74120000e+04	8.00000000e+00	8.00000000e+00	1.20000000e+01
-370	1.74980000e+04	8.00000000e+00	8.00000000e+00	1.20000000e+01
-369	1.76320000e+04	8.00000000e+00	8.00000000e+00	1.20000000e+01
-368	1.77660000e+04	8.00000000e+00	8.00000000e+00	1.20000000e+01
-367	1.79000000e+04	8.00000000e+00	8.00000000e+00	1.20000000e+01
-366	1.80110000e+04	8.00000000e+00	8.00000000e+00	1.20000000e+01
-365	1.81160000e+04	8.00000000e+00	8.00000000e+00	1.20000000e+01
-364	1.82430000e+04	8.00000000e+00	8.00000000e+00	1.20000000e+01
-363	1.83730000e+04	8.00000000e+00	8.00000000e+00	1.20000000e+01
-362	1.85060000e+04	8.00000000e+00	8.00000000e+00	1.20000000e+01
-361	1.86140000e+04	8.00000000e+00	8.00000000e+00	1.20000000e+01
-360	1.87190000e+04	8.00000000e+00	8.00000000e+00	1.20000000e+01
-359	1.88260000e+04	8.00000000e+00	8.00000000e+00	1.20000000e+01
-358	1.89370000e+04	8.00000000e+00	8.00000000e+00	1.20000000e+01
-357	1.90590000e+04	8.00000000e+00	8.00000000e+00	1.20000000e+01
-356	1.91710000e+04	8.00000000e+00	8.00000000e+00	1.20000000e+01
-355	1.92870000e+04	8.00000000e+00	8.00000000e+00	1.20000000e+01
-354	1.94000000e+04	8.00000000e+00	8.00000000e+00	1.20000000e+01
-353	1.95410000e+04	8.00000000e+00	8.00000000e+00	1.20000000e+01
-352	1.96370000e+04	8.00000000e+00	8.00000000e+00	1.20000000e+01
-351	1.97430000e+04	8.00000000e+00	8.00000000e+00	1.20000000e+01
-350	1.98760000e+04	8.00000000e+00	8.00000000e+00	1.20000000e+01
-349	2.00020000e+04	8.00000000e+00	8.00000000e+00	1.20000000e+01
-348	2.01080000e+04	8.00000000e+00	8.00000000e+00	1.20000000e+01
-347	2.02400000e+04	8.00000000e+00	8.00000000e+00	1.20000000e+01
-346	2.03960000e+04	8.00000000e+00	8.00000000e+00	1.20000000e+01
-345	2.05070000e+04	8.00000000e+00	8.00000000e+00	1.20000000e+01
-344	2.06380000e+04	8.00000000e+00	8.00000000e+00	1.20000000e+01
-343	2.07360000e+04	8.00000000e+00	8.00000000e+00	1.20000000e+01
-342	2.08530000e+04	8.00000000e+00	8.00000000e+00	1.20000000e+01
-341	2.10340000e+04	8.00000000e+00	8.00000000e+00	1.20000000e+01
-340	2.12020000e+04	8.00000000e+00	8.00000000e+00	1.20000000e+01
-339	2.13600000e+04	8.00000000e+00	8.00000000e+00	1.20000000e+01
-338	2.15030000e+04	8.00000000e+00	8.00000000e+00	1.20000000e+01
-337	2.16630000e+04	8.00000000e+00	8.00000000e+00	1.20000000e+01
-336	2.18040000e+04	8.00000000e+00	8.00000000e+00	1.20000000e+01
-335	2.19690000e+04	8.00000000e+00	8.00000000e+00	1.20000000e+01
-334	2.21080000e+04	8.00000000e+00	8.00000000e+00	1.20000000e+01
-333	2.22340000e+04	8.00000000e+00	8.00000000e+00	1.20000000e+01
-332	2.23480000e+04	8.00000000e+00	8.00000000e+00	1.20000000e+01
-331	2.24610000e+04	8.00000000e+00	8.00000000e+00	1.20000000e+01
-330	2.26120000e+04	8.00000000e+00	8.00000000e+00	1.20000000e+01
-329	2.27450000e+04	8.00000000e+00	8.00000000e+00	1.20000000e+01
-328	2.28930000e+04	8.00000000e+00	8.00000000e+00	1.20000000e+01
-327	2.30390000e+04	8.00000000e+00	8.00000000e+00	1.20000000e+01
-326	2.31620000e+04	8.00000000e+00	8.00000000e+00	1.20000000e+01
-325	2.32670000e+04	8.00000000e+00	8.00000000e+00	1.20000000e+01
-324	2.33970000e+04	8.00000000e+00	8.00000000e+00	1.20000000e+01
-323	2.35480000e+04	8.00000000e+00	8.00000000e+00	1.20000000e+01
-322	2.36600000e+04	8.00000000e+00	8.00000000e+00	1.20000000e+01
-321	2.37710000e+04	8.00000000e+00	8.00000000e+00	1.20000000e+01
-320	2.39190000e+04	9.00000000e+00	9.00000000e+00	1.30000000e+01
-319	2.41020000e+04	9.00000000e+00	9.00000000e+00	1.30000000e+01
-318	2.43100000e+04	9.00000000e+00	9.00000000e+00	1.30000000e+01
-317	2.44610000e+04	9.00000000e+00	9.00000000e+00	1.30000000e+01
-316	2.46320000e+04	9.00000000e+00	9.00000000e+00	1.30000000e+01
-315	2.47730000e+04	9.00000000e+00	9.00000000e+00	1.30000000e+01
-314	2.48820000e+04	9.00000000e+00	9.00000000e+00	1.30000000e+01
-313	2.48820000e+04	9.00000000e+00	9.00000000e+00	1.30000000e+01
-312	2.48820000e+04	9.00000000e+00	9.00000000e+00	1.30000000e+01
-311	2.50280000e+04	9.00000000e+00	9.00000000e+00	1.30000000e+01
-310	2.51610000e+04	9.00000000e+00	9.00000000e+00	1.30000000e+01
-309	2.52740000e+04	9.00000000e+00	9.00000000e+00	1.30000000e+01
-308	2.53900000e+04	9.00000000e+00	9.00000000e+00	1.30000000e+01
-307	2.55290000e+04	9.00000000e+00	9.00000000e+00	1.30000000e+01
-306	2.56600000e+04	9.00000000e+00	9.00000000e+00	1.30000000e+01
-305	2.57990000e+04	9.00000000e+00	9.00000000e+00	1.30000000e+01
-304	2.59240000e+04	9.00000000e+00	9.00000000e+00	1.30000000e+01
-303	2.60360000e+04	9.00000000e+00	9.00000000e+00	1.30000000e+01
-302	2.61500000e+04	9.00000000e+00	9.00000000e+00	1.30000000e+01
-301	2.62600000e+04	9.00000000e+00	9.00000000e+00	1.30000000e+01
-300	2.63800000e+04	9.00000000e+00	9.00000000e+00	1.30000000e+01
-299	2.65200000e+04	9.00000000e+00	9.00000000e+00	1.30000000e+01
-298	2.66670000e+04	9.00000000e+00	9.00000000e+00	1.30000000e+01
-297	2.66670000e+04	9.00000000e+00	9.00000000e+00	1.30000000e+01
-296	2.67850000e+04	9.00000000e+00	9.00000000e+00	1.30000000e+01
-295	2.68870000e+04	9.00000000e+00	9.00000000e+00	1.30000000e+01
-294	2.70030000e+04	9.00000000e+00	9.00000000e+00	1.30000000e+01
-293	2.71010000e+04	9.00000000e+00	9.00000000e+00	1.30000000e+01
-292	2.72290000e+04	9.00000000e+00	9.00000000e+00	1.30000000e+01
-291	2.73550000e+04	9.00000000e+00	9.00000000e+00	1.30000000e+01
-290	2.74680000e+04	9.00000000e+00	9.00000000e+00	1.30000000e+01
-289	2.75860000e+04	9.00000000e+00	9.00000000e+00	1.30000000e+01
-288	2.76830000e+04	9.00000000e+00	9.00000000e+00	1.30000000e+01
-287	2.77870000e+04	9.00000000e+00	9.00000000e+00	1.30000000e+01
-286	2.79000000e+04	9.00000000e+00	9.00000000e+00	1.30000000e+01
-285	2.80190000e+04	9.00000000e+00	9.00000000e+00	1.30000000e+01
-284	2.81790000e+04	9.00000000e+00	9.00000000e+00	1.30000000e+01
-283	2.83360000e+04	9.00000000e+00	9.00000000e+00	1.30000000e+01
-282	2.83360000e+04	9.00000000e+00	9.00000000e+00	1.30000000e+01
-281	2.84450000e+04	9.00000000e+00	9.00000000e+00	1.30000000e+01
-280	2.85370000e+04	9.00000000e+00	9.00000000e+00	1.30000000e+01
-279	2.86500000e+04	9.00000000e+00	9.00000000e+00	1.30000000e+01
-278	2.87680000e+04	9.00000000e+00	9.00000000e+00	1.30000000e+01
-277	2.88780000e+04	9.00000000e+00	9.00000000e+00	1.30000000e+01
-276	2.89680000e+04	9.00000000e+00	9.00000000e+00	1.30000000e+01
-275	2.90620000e+04	9.00000000e+00	9.00000000e+00	1.30000000e+01
-274	2.91700000e+04	9.00000000e+00	9.00000000e+00	1.30000000e+01
-273	2.92700000e+04	9.00000000e+00	9.00000000e+00	1.30000000e+01
-272	2.94040000e+04	9.00000000e+00	9.00000000e+00	1.30000000e+01
-271	2.95490000e+04	9.00000000e+00	9.00000000e+00	1.30000000e+01
-270	2.96960000e+04	9.00000000e+00	9.00000000e+00	1.30000000e+01
-269	2.98590000e+04	9.00000000e+00	9.00000000e+00	1.30000000e+01
-268	2.99770000e+04	9.00000000e+00	9.00000000e+00	1.30000000e+01
-267	3.00730000e+04	9.00000000e+00	9.00000000e+00	1.30000000e+01
-266	3.02230000e+04	9.00000000e+00	9.00000000e+00	1.30000000e+01
-265	3.03520000e+04	9.00000000e+00	9.00000000e+00	1.30000000e+01
-264	3.05030000e+04	9.00000000e+00	9.00000000e+00	1.30000000e+01
-263	3.06450000e+04	9.00000000e+00	9.00000000e+00	1.30000000e+01
-262	3.07600000e+04	9.00000000e+00	9.00000000e+00	1.30000000e+01
-261	3.08890000e+04	9.00000000e+00	9.00000000e+00	1.30000000e+01
-260	3.09880000e+04	9.00000000e+00	9.00000000e+00	1.30000000e+01
-259	3.10970000e+04	9.00000000e+00	9.00000000e+00	1.30000000e+01
-258	3.12130000e+04	9.00000000e+00	9.00000000e+00	1.30000000e+01
-257	3.13240000e+04	9.00000000e+00	9.00000000e+00	1.30000000e+01
-256	3.14360000e+04	9.00000000e+00	9.00000000e+00	1.30000000e+01
-255	3.15570000e+04	9.00000000e+00	9.00000000e+00	1.30000000e+01
-254	3.16840000e+04	9.00000000e+00	9.00000000e+00	1.30000000e+01
-253	3.17970000e+04	9.00000000e+00	9.00000000e+00	1.30000000e+01
-252	3.18960000e+04	9.00000000e+00	9.00000000e+00	1.30000000e+01
-251	3.20290000e+04	9.00000000e+00	9.00000000e+00	1.30000000e+01
-250	3.21730000e+04	9.00000000e+00	9.00000000e+00	1.30000000e+01
-249	3.23280000e+04	9.00000000e+00	9.00000000e+00	1.30000000e+01
-248	3.24390000e+04	9.00000000e+00	9.00000000e+00	1.30000000e+01
-247	3.25530000e+04	9.00000000e+00	9.00000000e+00	1.30000000e+01
-246	3.26550000e+04	9.00000000e+00	9.00000000e+00	1.30000000e+01
-245	3.27920000e+04	9.00000000e+00	9.00000000e+00	1.30000000e+01
-244	3.29020000e+04	9.00000000e+00	9.00000000e+00	1.30000000e+01
-243	3.30310000e+04	9.00000000e+00	9.00000000e+00	1.30000000e+01
-242	3.31740000e+04	9.00000000e+00	9.00000000e+00	1.30000000e+01
-241	3.33170000e+04	9.00000000e+00	9.00000000e+00	1.30000000e+01
-240	3.34580000e+04	9.00000000e+00	9.00000000e+00	1.30000000e+01
-239	3.35620000e+04	9.00000000e+00	9.00000000e+00	1.30000000e+01
-238	3.36850000e+04	9.00000000e+00	9.00000000e+00	1.30000000e+01
-237	3.38270000e+04	9.00000000e+00	9.00000000e+00	1.30000000e+01
-236	3.39860000e+04	9.00000000e+00	9.00000000e+00	1.30000000e+01
-235	3.41020000e+04	9.00000000e+00	9.00000000e+00	1.30000000e+01
-234	3.42370000e+04	9.00000000e+00	9.00000000e+00	1.30000000e+01
-233	3.43710000e+04	9.00000000e+00	9.00000000e+00	1.30000000e+01
-232	3.44920000e+04	9.00000000e+00	9.00000000e+00	1.30000000e+01
-231	3.46130000e+04	9.00000000e+00	9.00000000e+00	1.30000000e+01
-230	3.47250000e+04	9.00000000e+00	9.00000000e+00	1.30000000e+01
-229	3.48640000e+04	9.00000000e+00	9.00000000e+00	1.30000000e+01
-228	3.50270000e+04	9.00000000e+00	9.00000000e+00	1.30000000e+01
-227	3.52290000e+04	9.00000000e+00	9.00000000e+00	1.30000000e+01
-226	3.54070000e+04	9.00000000e+00	9.00000000e+00	1.30000000e+01
-225	3.55710000e+04	9.00000000e+00	9.00000000e+00	1.30000000e+01
-224	3.57070000e+04	9.00000000e+00	9.00000000e+00	1.30000000e+01
-223	3.58480000e+04	9.00000000e+00	9.00000000e+00	1.30000000e+01
-222	3.60060000e+04	9.00000000e+00	9.00000000e+00	1.30000000e+01
-221	3.61610000e+04	9.00000000e+00	9.00000000e+00	1.30000000e+01
-220	3.63390000e+04	9.00000000e+00	9.00000000e+00	1.30000000e+01
-219	3.64760000e+04	9.00000000e+00	9.00000000e+00	1.30000000e+01
-218	3.66140000e+04	9.00000000e+00	9.00000000e+00	1.30000000e+01
-217	3.67190000e+04	9.00000000e+00	9.00000000e+00	1.30000000e+01
-216	3.68430000e+04	9.00000000e+00	9.00000000e+00	1.30000000e+01
-215	3.69570000e+04	9.00000000e+00	9.00000000e+00	1.30000000e+01
-214	3.71100000e+04	9.00000000e+00	9.00000000e+00	1.30000000e+01
-213	3.73010000e+04	9.00000000e+00	9.00000000e+00	1.30000000e+01
-212	3.74520000e+04	9.00000000e+00	9.00000000e+00	1.30000000e+01
-211	3.75960000e+04	9.00000000e+00	9.00000000e+00	1.30000000e+01
-210	3.77090000e+04	9.00000000e+00	9.00000000e+00	1.30000000e+01
-209	3.78330000e+04	9.00000000e+00	9.00000000e+00	1.30000000e+01
-208	3.79670000e+04	9.00000000e+00	9.00000000e+00	1.30000000e+01
-207	3.80960000e+04	9.00000000e+00	9.00000000e+00	1.30000000e+01
-206	3.81940000e+04	9.00000000e+00	9.00000000e+00	1.30000000e+01
-205	3.82870000e+04	9.00000000e+00	9.00000000e+00	1.30000000e+01
-204	3.84080000e+04	9.00000000e+00	9.00000000e+00	1.30000000e+01
-203	3.84860000e+04	9.00000000e+00	9.00000000e+00	1.30000000e+01
-202	3.85970000e+04	9.00000000e+00	9.00000000e+00	1.30000000e+01
-201	3.87450000e+04	9.00000000e+00	9.00000000e+00	1.30000000e+01
-200	3.88730000e+04	9.00000000e+00	9.00000000e+00	1.30000000e+01
-199	3.90090000e+04	9.00000000e+00	9.00000000e+00	1.30000000e+01
-198	3.91190000e+04	9.00000000e+00	9.00000000e+00	1.30000000e+01
-197	3.92100000e+04	9.00000000e+00	9.00000000e+00	1.30000000e+01
-196	3.93080000e+04	9.00000000e+00	9.00000000e+00	1.30000000e+01
-195	3.94090000e+04	9.00000000e+00	9.00000000e+00	1.30000000e+01
-194	3.94950000e+04	9.00000000e+00	9.00000000e+00	1.30000000e+01
-193	3.96360000e+04	9.00000000e+00	9.00000000e+00	1.30000000e+01
-192	3.97460000e+04	9.00000000e+00	9.00000000e+00	1.30000000e+01
-191	3.98450000e+04	9.00000000e+00	9.00000000e+00	1.30000000e+01
-190	3.99550000e+04	9.00000000e+00	9.00000000e+00	1.30000000e+01
-189	4.00350000e+04	9.00000000e+00	9.00000000e+00	1.30000000e+01
-188	4.01020000e+04	9.00000000e+00	9.00000000e+00	1.30000000e+01
-187	4.01870000e+04	9.00000000e+00	9.00000000e+00	1.30000000e+01
-186	4.02780000e+04	9.00000000e+00	9.00000000e+00	1.30000000e+01
-185	4.03880000e+04	9.00000000e+00	9.00000000e+00	1.30000000e+01
-184	4.04840000e+04	9.00000000e+00	9.00000000e+00	1.30000000e+01
-183	4.05660000e+04	9.00000000e+00	9.00000000e+00	1.30000000e+01
-182	4.06540000e+04	9.00000000e+00	9.00000000e+00	1.30000000e+01
-181	4.07680000e+04	9.00000000e+00	9.00000000e+00	1.30000000e+01
-180	4.08690000e+04	9.00000000e+00	9.00000000e+00	1.30000000e+01
-179	4.09750000e+04	9.00000000e+00	9.00000000e+00	1.30000000e+01
-178	4.10900000e+04	9.00000000e+00	9.00000000e+00	1.30000000e+01
-177	4.11940000e+04	9.00000000e+00	9.00000000e+00	1.30000000e+01
-176	4.12700000e+04	9.00000000e+00	9.00000000e+00	1.30000000e+01
-175	4.13520000e+04	9.00000000e+00	9.00000000e+00	1.30000000e+01
-174	4.13890000e+04	9.00000000e+00	9.00000000e+00	1.30000000e+01
-173	4.14080000e+04	9.00000000e+00	9.00000000e+00	1.30000000e+01
-172	4.14390000e+04	9.00000000e+00	9.00000000e+00	1.30000000e+01
-171	4.14590000e+04	9.00000000e+00	9.00000000e+00	1.30000000e+01
-170	4.15110000e+04	9.00000000e+00	9.00000000e+00	1.30000000e+01
-169	4.15980000e+04	9.00000000e+00	9.00000000e+00	1.30000000e+01
-168	4.17200000e+04	9.00000000e+00	9.00000000e+00	1.30000000e+01
-167	4.17960000e+04	9.00000000e+00	9.00000000e+00	1.30000000e+01
-166	4.18940000e+04	9.00000000e+00	9.00000000e+00	1.30000000e+01
-165	4.19880000e+04	9.00000000e+00	9.00000000e+00	1.30000000e+01
-164	4.20980000e+04	9.00000000e+00	9.00000000e+00	1.30000000e+01
-163	4.22420000e+04	9.00000000e+00	9.00000000e+00	1.30000000e+01
-162	4.23710000e+04	9.00000000e+00	9.00000000e+00	1.30000000e+01
-161	4.24790000e+04	9.00000000e+00	9.00000000e+00	1.30000000e+01
-160	4.25660000e+04	9.00000000e+00	9.00000000e+00	1.30000000e+01
-159	4.25660000e+04	9.00000000e+00	9.00000000e+00	1.30000000e+01
-158	4.26130000e+04	9.00000000e+00	9.00000000e+00	1.30000000e+01
-157	4.26130000e+04	9.00000000e+00	9.00000000e+00	1.30000000e+01
-156	4.27030000e+04	9.00000000e+00	9.00000000e+00	1.30000000e+01
-155	4.28510000e+04	9.00000000e+00	9.00000000e+00	1.30000000e+01
-154	4.29630000e+04	9.00000000e+00	9.00000000e+00	1.30000000e+01
-153	4.30340000e+04	9.00000000e+00	9.00000000e+00	1.30000000e+01
-152	4.31450000e+04	9.00000000e+00	9.00000000e+00	1.30000000e+01
-151	4.32300000e+04	9.00000000e+00	9.00000000e+00	1.30000000e+01
-150	4.32300000e+04	9.00000000e+00	9.00000000e+00	1.30000000e+01
-149	4.33680000e+04	9.00000000e+00	9.00000000e+00	1.30000000e+01
-148	4.33680000e+04	9.00000000e+00	9.00000000e+00	1.30000000e+01
-147	4.33680000e+04	9.00000000e+00	9.00000000e+00	1.30000000e+01
-146	4.33680000e+04	9.00000000e+00	9.00000000e+00	1.30000000e+01
-145	4.33680000e+04	9.00000000e+00	9.00000000e+00	1.30000000e+01
-144	4.34920000e+04	9.00000000e+00	9.00000000e+00	1.30000000e+01
-143	4.35750000e+04	9.00000000e+00	9.00000000e+00	1.30000000e+01
-142	4.36590000e+04	9.00000000e+00	9.00000000e+00	1.30000000e+01
-141	4.37550000e+04	9.00000000e+00	9.00000000e+00	1.30000000e+01
-140	4.38160000e+04	9.00000000e+00	9.00000000e+00	1.30000000e+01
-139	4.39160000e+04	9.00000000e+00	9.00000000e+00	1.30000000e+01
-138	4.40190000e+04	9.00000000e+00	9.00000000e+00	1.30000000e+01
-137	4.41510000e+04	9.00000000e+00	9.00000000e+00	1.30000000e+01
-136	4.42610000e+04	9.00000000e+00	9.00000000e+00	1.30000000e+01
-135	4.43700000e+04	9.00000000e+00	9.00000000e+00	1.30000000e+01
-134	4.44580000e+04	9.00000000e+00	9.00000000e+00	1.30000000e+01
-133	4.45710000e+04	9.00000000e+00	9.00000000e+00	1.30000000e+01
-132	4.47200000e+04	9.00000000e+00	9.00000000e+00	1.30000000e+01
-131	4.48350000e+04	9.00000000e+00	9.00000000e+00	1.30000000e+01
-130	4.49660000e+04	9.00000000e+00	9.00000000e+00	1.30000000e+01
-129	4.50950000e+04	9.00000000e+00	9.00000000e+00	1.30000000e+01
-128	4.52180000e+04	9.00000000e+00	9.00000000e+00	1.30000000e+01
-127	4.53440000e+04	9.00000000e+00	9.00000000e+00	1.30000000e+01
-126	4.55050000e+04	9.00000000e+00	9.00000000e+00	1.30000000e+01
-125	4.55960000e+04	9.00000000e+00	9.00000000e+00	1.30000000e+01
-124	4.57330000e+04	9.00000000e+00	9.00000000e+00	1.30000000e+01
-123	4.58500000e+04	9.00000000e+00	9.00000000e+00	1.30000000e+01
-122	4.59710000e+04	9.00000000e+00	9.00000000e+00	1.30000000e+01
-121	4.60870000e+04	9.00000000e+00	9.00000000e+00	1.30000000e+01
-120	4.62360000e+04	9.00000000e+00	9.00000000e+00	1.30000000e+01
-119	4.63630000e+04	9.00000000e+00	9.00000000e+00	1.30000000e+01
-118	4.64770000e+04	9.00000000e+00	9.00000000e+00	1.30000000e+01
-117	4.65980000e+04	9.00000000e+00	9.00000000e+00	1.30000000e+01
-116	4.66930000e+04	9.00000000e+00	9.00000000e+00	1.30000000e+01
-115	4.68380000e+04	9.00000000e+00	9.00000000e+00	1.30000000e+01
-114	4.69420000e+04	9.00000000e+00	9.00000000e+00	1.30000000e+01
-113	4.70510000e+04	9.00000000e+00	9.00000000e+00	1.30000000e+01
-112	4.71630000e+04	9.00000000e+00	9.00000000e+00	1.30000000e+01
-111	4.75260000e+04	9.00000000e+00	9.00000000e+00	1.30000000e+01
-110	4.80510000e+04	9.00000000e+00	9.00000000e+00	1.30000000e+01
-109	4.85740000e+04	9.00000000e+00	9.00000000e+00	1.30000000e+01
-108	4.89020000e+04	9.00000000e+00	9.00000000e+00	1.30000000e+01
-107	4.92130000e+04	9.00000000e+00	9.00000000e+00	1.30000000e+01
-106	4.95230000e+04	9.00000000e+00	9.00000000e+00	1.30000000e+01
-105	4.98190000e+04	1.10000000e+01	1.00000000e+01	1.40000000e+01
-104	5.01640000e+04	1.10000000e+01	1.00000000e+01	1.40000000e+01
-103	5.04280000e+04	1.10000000e+01	1.00000000e+01	1.40000000e+01
-102	5.07330000e+04	1.00000000e+01	1.00000000e+01	1.60000000e+01
-101	5.10420000e+04	1.00000000e+01	1.00000000e+01	1.60000000e+01
-100	5.13280000e+04	1.00000000e+01	1.00000000e+01	1.60000000e+01
-99	5.15960000e+04	1.00000000e+01	1.00000000e+01	1.60000000e+01
-98	5.18890000e+04	1.00000000e+01	1.00000000e+01	1.60000000e+01
-97	5.21630000e+04	1.00000000e+01	1.00000000e+01	1.60000000e+01
-96	5.24560000e+04	1.00000000e+01	1.00000000e+01	1.60000000e+01
-95	5.27430000e+04	1.00000000e+01	1.00000000e+01	1.60000000e+01
-94	5.31010000e+04	1.00000000e+01	1.00000000e+01	1.60000000e+01
-93	5.33900000e+04	1.00000000e+01	1.00000000e+01	1.60000000e+01
-92	5.36550000e+04	1.00000000e+01	1.00000000e+01	1.60000000e+01
-91	5.39750000e+04	1.00000000e+01	1.00000000e+01	1.60000000e+01
-90	5.42360000e+04	1.00000000e+01	1.00000000e+01	1.60000000e+01
-89	5.45180000e+04	1.00000000e+01	1.00000000e+01	1.60000000e+01
-88	5.48100000e+04	1.00000000e+01	1.00000000e+01	1.60000000e+01
-87	5.51360000e+04	1.00000000e+01	1.00000000e+01	1.60000000e+01
-86	5.54590000e+04	1.00000000e+01	1.00000000e+01	1.60000000e+01
-85	5.57670000e+04	1.00000000e+01	1.00000000e+01	1.60000000e+01
-84	5.60750000e+04	1.00000000e+01	1.00000000e+01	1.60000000e+01
-83	5.63500000e+04	1.00000000e+01	1.00000000e+01	1.60000000e+01
-82	5.65930000e+04	1.00000000e+01	1.00000000e+01	1.60000000e+01
-81	5.69270000e+04	1.30000000e+01	1.20000000e+01	1.80000000e+01
-80	5.72660000e+04	1.30000000e+01	1.20000000e+01	1.80000000e+01
-79	5.76200000e+04	1.30000000e+01	1.20000000e+01	1.80000000e+01
-78	5.79290000e+04	1.30000000e+01	1.20000000e+01	1.80000000e+01
-77	5.82860000e+04	1.30000000e+01	1.20000000e+01	1.80000000e+01
-76	5.85930000e+04	1.30000000e+01	1.20000000e+01	1.80000000e+01
-75	5.88930000e+04	1.30000000e+01	1.20000000e+01	1.80000000e+01
-74	5.92290000e+04	1.30000000e+01	1.20000000e+01	1.80000000e+01
-73	5.95850000e+04	1.30000000e+01	1.20000000e+01	1.80000000e+01
-72	5.99820000e+04	1.30000000e+01	1.20000000e+01	1.80000000e+01
-71	6.03380000e+04	1.30000000e+01	1.20000000e+01	1.80000000e+01
-70	6.07190000e+04	1.30000000e+01	1.20000000e+01	1.80000000e+01
-69	6.10740000e+04	1.30000000e+01	1.20000000e+01	1.80000000e+01
-68	6.14360000e+04	1.30000000e+01	1.20000000e+01	1.80000000e+01
-67	6.17680000e+04	1.30000000e+01	1.20000000e+01	1.80000000e+01
-66	6.21430000e+04	1.30000000e+01	1.20000000e+01	1.80000000e+01
-65	6.24530000e+04	1.30000000e+01	1.20000000e+01	1.80000000e+01
-64	6.27760000e+04	1.30000000e+01	1.20000000e+01	1.80000000e+01
-63	6.33840000e+04	1.30000000e+01	1.20000000e+01	1.80000000e+01
-62	6.51870000e+04	1.30000000e+01	1.20000000e+01	1.80000000e+01
-61	6.67150000e+04	1.30000000e+01	1.20000000e+01	1.80000000e+01
-60	6.80120000e+04	1.30000000e+01	1.20000000e+01	1.80000000e+01
-59	6.91610000e+04	1.30000000e+01	1.20000000e+01	1.80000000e+01
-58	7.01880000e+04	1.30000000e+01	1.30000000e+01	1.90000000e+01
-57	7.10670000e+04	1.30000000e+01	1.30000000e+01	1.90000000e+01
-56	7.19200000e+04	1.30000000e+01	1.30000000e+01	1.90000000e+01
-55	7.26410000e+04	1.30000000e+01	1.30000000e+01	1.90000000e+01
-54	7.35190000e+04	1.40000000e+01	1.50000000e+01	2.10000000e+01
-53	7.43260000e+04	1.40000000e+01	1.50000000e+01	2.10000000e+01
-52	7.51950000e+04	1.40000000e+01	1.50000000e+01	2.10000000e+01
-51	7.60630000e+04	1.40000000e+01	1.50000000e+01	2.10000000e+01
-50	7.67850000e+04	1.40000000e+01	1.50000000e+01	2.10000000e+01
-49	7.74420000e+04	1.50000000e+01	1.60000000e+01	2.20000000e+01
-48	7.81820000e+04	1.50000000e+01	1.60000000e+01	2.20000000e+01
-47	7.93890000e+04	1.70000000e+01	1.70000000e+01	2.30000000e+01
-46	8.05740000e+04	1.70000000e+01	1.70000000e+01	2.30000000e+01
-45	8.17640000e+04	1.70000000e+01	1.70000000e+01	2.30000000e+01
-44	8.27570000e+04	1.80000000e+01	1.80000000e+01	2.50000000e+01
-43	8.36430000e+04	1.80000000e+01	1.80000000e+01	2.50000000e+01
-42	8.45200000e+04	1.80000000e+01	1.80000000e+01	2.50000000e+01
-41	8.61160000e+04	1.80000000e+01	1.80000000e+01	2.50000000e+01
-40	8.71480000e+04	1.80000000e+01	1.90000000e+01	2.60000000e+01
-39	8.80750000e+04	1.80000000e+01	1.90000000e+01	2.60000000e+01
-38	8.91480000e+04	1.90000000e+01	2.00000000e+01	2.70000000e+01
-37	9.01300000e+04	1.90000000e+01	2.00000000e+01	2.70000000e+01
-36	9.08960000e+04	2.10000000e+01	2.10000000e+01	2.80000000e+01
-35	9.16770000e+04	2.10000000e+01	2.10000000e+01	2.80000000e+01
-34	9.24360000e+04	2.10000000e+01	2.10000000e+01	2.80000000e+01
-33	9.31220000e+04	2.10000000e+01	2.10000000e+01	2.80000000e+01
-32	9.39950000e+04	2.20000000e+01	2.20000000e+01	2.90000000e+01
-31	9.50190000e+04	2.20000000e+01	2.20000000e+01	2.90000000e+01
-30	9.62140000e+04	2.20000000e+01	2.20000000e+01	2.90000000e+01
-29	9.71190000e+04	2.20000000e+01	2.20000000e+01	2.90000000e+01
-28	9.82810000e+04	2.20000000e+01	2.30000000e+01	3.00000000e+01
-27	9.95230000e+04	2.40000000e+01	2.40000000e+01	3.10000000e+01
-26	1.00852000e+05	2.40000000e+01	2.40000000e+01	3.10000000e+01
-25	1.02461000e+05	2.40000000e+01	2.40000000e+01	3.10000000e+01
-24	1.06013000e+05	2.40000000e+01	2.40000000e+01	3.10000000e+01
-23	1.09389000e+05	2.60000000e+01	2.50000000e+01	3.20000000e+01
-22	1.14658000e+05	2.60000000e+01	2.50000000e+01	3.20000000e+01
-21	1.17837000e+05	2.60000000e+01	2.50000000e+01	3.20000000e+01
-20	1.20799000e+05	2.70000000e+01	2.60000000e+01	3.40000000e+01
-19	1.23698000e+05	2.70000000e+01	2.60000000e+01	3.40000000e+01
-18	1.26365000e+05	2.70000000e+01	2.60000000e+01	3.40000000e+01
-17	1.28817000e+05	2.70000000e+01	2.60000000e+01	3.40000000e+01
-16	1.31667000e+05	2.70000000e+01	2.60000000e+01	3.40000000e+01
-15	1.34836000e+05	2.70000000e+01	2.70000000e+01	3.80000000e+01
-14	1.38872000e+05	2.70000000e+01	2.70000000e+01	3.80000000e+01
-13	1.42457000e+05	3.00000000e+01	2.80000000e+01	3.90000000e+01
-12	1.45849000e+05	3.00000000e+01	2.80000000e+01	3.90000000e+01
-11	1.49355000e+05	3.00000000e+01	2.80000000e+01	3.90000000e+01
-10	1.54596000e+05	3.00000000e+01	2.80000000e+01	3.90000000e+01
-9	1.59102000e+05	2.90000000e+01	2.90000000e+01	4.00000000e+01
-8	1.63211000e+05	3.00000000e+01	3.00000000e+01	4.30000000e+01
-7	1.66492000e+05	3.00000000e+01	3.00000000e+01	4.30000000e+01
-6	1.70725000e+05	3.20000000e+01	3.20000000e+01	4.50000000e+01
-5	1.75662000e+05	3.60000000e+01	3.60000000e+01	5.00000000e+01
-4	1.80998000e+05	3.70000000e+01	3.70000000e+01	5.10000000e+01
-3	1.86662000e+05	3.70000000e+01	3.70000000e+01	5.10000000e+01
-2	1.92218000e+05	3.80000000e+01	3.80000000e+01	5.30000000e+01
-1	1.97723000e+05	3.80000000e+01	3.80000000e+01	5.30000000e+01
0	2.05715000e+05	4.00000000e+01	4.00000000e+01	5.50000000e+01
1	2.17415000e+05	4.30000000e+01	4.30000000e+01	5.80000000e+01
2	2.28388000e+05	4.50000000e+01	4.90000000e+01	6.40000000e+01
3	2.38128000e+05	5.10000000e+01	5.30000000e+01	6.80000000e+01
4	2.47377000e+05	5.10000000e+01	5.50000000e+01	7.30000000e+01
5	2.54681000e+05	6.00000000e+01	6.10000000e+01	8.10000000e+01
6	2.61367000e+05	6.00000000e+01	6.10000000e+01	8.10000000e+01
7	2.66669000e+05	6.00000000e+01	6.10000000e+01	8.10000000e+01
8	2.72134000e+05	6.00000000e+01	6.10000000e+01	8.10000000e+01
9	2.77291000e+05	6.40000000e+01	6.30000000e+01	8.40000000e+01
10	2.82137000e+05	6.30000000e+01	6.40000000e+01	8.50000000e+01
11	2.86199000e+05	6.40000000e+01	6.50000000e+01	8.60000000e+01
12	2.89614000e+05	6.40000000e+01	6.50000000e+01	8.60000000e+01
13	2.92776000e+05	6.40000000e+01	6.50000000e+01	8.60000000e+01
14	2.95744000e+05	6.80000000e+01	6.60000000e+01	8.80000000e+01
15	2.98351000e+05	6.80000000e+01	6.60000000e+01	8.80000000e+01
16	3.01064000e+05	6.80000000e+01	6.80000000e+01	9.00000000e+01
17	3.03524000e+05	7.10000000e+01	6.90000000e+01	9.10000000e+01
18	3.05927000e+05	7.10000000e+01	6.90000000e+01	9.10000000e+01
19	3.07965000e+05	7.10000000e+01	6.90000000e+01	9.10000000e+01
20	3.10009000e+05	7.10000000e+01	6.90000000e+01	9.10000000e+01
21	3.11807000e+05	7.10000000e+01	6.90000000e+01	9.10000000e+01
22	3.13466000e+05	7.10000000e+01	6.90000000e+01	9.10000000e+01
23	3.14942000e+05	7.10000000e+01	6.90000000e+01	9.10000000e+01
24	3.16577000e+05	7.10000000e+01	6.90000000e+01	9.10000000e+01
25	3.18381000e+05	7.10000000e+01	6.90000000e+01	9.10000000e+01
26	3.20018000e+05	7.10000000e+01	6.90000000e+01	9.10000000e+01
27	3.21759000e+05	7.10000000e+01	6.90000000e+01	9.10000000e+01
28	3.23393000e+05	7.40000000e+01	7.10000000e+01	9.30000000e+01
29	3.24855000e+05	7.30000000e+01	7.30000000e+01	9.50000000e+01
30	3.26345000e+05	7.30000000e+01	7.30000000e+01	9.50000000e+01
31	3.28168000e+05	7.30000000e+01	7.30000000e+01	9.50000000e+01
32	3.29738000e+05	7.30000000e+01	7.30000000e+01	9.50000000e+01
33	3.31236000e+05	7.30000000e+01	7.30000000e+01	9.50000000e+01
34	3.32699000e+05	7.30000000e+01	7.30000000e+01	9.50000000e+01
35	3.34100000e+05	7.20000000e+01	7.40000000e+01	9.60000000e+01
36	3.35815000e+05	7.20000000e+01	7.40000000e+01	9.60000000e+01
37	3.37462000e+05	7.20000000e+01	7.40000000e+01	9.60000000e+01
38	3.39110000e+05	7.20000000e+01	7.40000000e+01	9.60000000e+01
39	3.40640000e+05	7.20000000e+01	7.40000000e+01	9.60000000e+01
40	3.42197000e+05	7.20000000e+01	7.40000000e+01	9.60000000e+01
41	3.43850000e+05	7.20000000e+01	7.40000000e+01	9.60000000e+01
42	3.45524000e+05	7.20000000e+01	7.40000000e+01	9.60000000e+01
43	3.47244000e+05	7.20000000e+01	7.40000000e+01	9.60000000e+01
44	3.48865000e+05	7.20000000e+01	7.40000000e+01	9.60000000e+01
45	3.50674000e+05	7.20000000e+01	7.40000000e+01	9.60000000e+01
46	3.52423000e+05	7.20000000e+01	7.40000000e+01	9.60000000e+01
47	3.53828000e+05	7.20000000e+01	7.40000000e+01	9.60000000e+01
48	3.55223000e+05	7.20000000e+01	7.40000000e+01	9.60000000e+01
49	3.56526000e+05	7.20000000e+01	7.40000000e+01	9.60000000e+01
50	3.57812000e+05	7.20000000e+01	7.40000000e+01	9.60000000e+01
51	3.59399000e+05	7.40000000e+01	7.50000000e+01	9.70000000e+01
52	3.60868000e+05	7.40000000e+01	7.50000000e+01	9.70000000e+01
53	3.62191000e+05	7.40000000e+01	7.50000000e+01	9.70000000e+01
54	3.63500000e+05	7.40000000e+01	7.50000000e+01	9.70000000e+01
55	3.64928000e+05	7.40000000e+01	7.50000000e+01	9.70000000e+01
56	3.66231000e+05	7.40000000e+01	7.50000000e+01	9.70000000e+01
57	3.67510000e+05	7.40000000e+01	7.50000000e+01	9.70000000e+01
58	3.68976000e+05	7.40000000e+01	7.50000000e+01	9.70000000e+01
59	3.70614000e+05	7.30000000e+01	7.60000000e+01	9.80000000e+01
60	3.72148000e+05	7.30000000e+01	7.60000000e+01	9.80000000e+01
61	3.73396000e+05	7.30000000e+01	7.60000000e+01	9.80000000e+01
62	3.74733000e+05	7.30000000e+01	7.60000000e+01	9.80000000e+01
63	3.76094000e+05	7.30000000e+01	7.60000000e+01	9.80000000e+01
64	3.77360000e+05	7.30000000e+01	7.60000000e+01	9.80000000e+01
65	3.78744000e+05	7.90000000e+01	7.70000000e+01	1.00000000e+02
66	3.80275000e+05	7.90000000e+01	7.70000000e+01	1.00000000e+02
67	3.81681000e+05	7.90000000e+01	7.70000000e+01	1.00000000e+02
68	3.82997000e+05	7.90000000e+01	7.70000000e+01	1.00000000e+02
69	3.84182000e+05	7.90000000e+01	7.70000000e+01	1.00000000e+02
70	3.85410000e+05	7.90000000e+01	7.70000000e+01	1.00000000e+02
71	3.86655000e+05	7.90000000e+01	7.70000000e+01	1.00000000e+02
72	3.88003000e+05	7.90000000e+01	7.70000000e+01	1.00000000e+02
73	3.89350000e+05	7.90000000e+01	7.70000000e+01	1.00000000e+02
74	3.90680000e+05	7.90000000e+01	7.70000000e+01	1.00000000e+02
75	3.91812000e+05	7.90000000e+01	7.70000000e+01	1.00000000e+02
76	3.92946000e+05	7.90000000e+01	7.70000000e+01	1.00000000e+02
77	3.93950000e+05	7.90000000e+01	7.70000000e+01	1.00000000e+02
78	3.95034000e+05	7.90000000e+01	7.70000000e+01	1.00000000e+02
79	3.96234000e+05	7.90000000e+01	7.70000000e+01	1.00000000e+02
80	3.97555000e+05	7.90000000e+01	7.70000000e+01	1.00000000e+02
81	3.98772000e+05	7.90000000e+01	7.70000000e+01	1.00000000e+02
82	3.99857000e+05	7.90000000e+01	7.70000000e+01	1.00000000e+02
83	4.00832000e+05	7.90000000e+01	7.70000000e+01	1.00000000e+02
84	4.01882000e+05	7.90000000e+01	7.70000000e+01	1.00000000e+02
85	4.02878000e+05	7.90000000e+01	7.70000000e+01	1.00000000e+02
86	4.03955000e+05	7.80000000e+01	7.80000000e+01	1.01000000e+02
87	4.05253000e+05	7.80000000e+01	7.80000000e+01	1.01000000e+02
88	4.07103000e+05	7.80000000e+01	7.80000000e+01	1.01000000e+02
89	4.08515000e+05	7.80000000e+01	7.80000000e+01	1.01000000e+02
90	4.10699000e+05	7.80000000e+01	7.80000000e+01	1.01000000e+02
91	4.12516000e+05	7.80000000e+01	7.80000000e+01	1.01000000e+02
92	4.14235000e+05	7.80000000e+01	7.80000000e+01	1.01000000e+02
93	4.16061000e+05	7.80000000e+01	7.80000000e+01	1.01000000e+02
94	4.17972000e+05	7.80000000e+01	7.80000000e+01	1.01000000e+02
95	4.19511000e+05	7.80000000e+01	7.80000000e+01	1.01000000e+02
96	4.20683000e+05	7.80000000e+01	7.80000000e+01	1.01000000e+02
97	4.21967000e+05	7.80000000e+01	7.80000000e+01	1.01000000e+02
98	4.23223000e+05	7.80000000e+01	7.80000000e+01	1.01000000e+02
99	4.24425000e+05	7.80000000e+01	7.80000000e+01	1.01000000e+02
100	4.25680000e+05	7.80000000e+01	7.80000000e+01	1.01000000e+02
