Day_(movie_time)	Views	Users	Rigor	Edits
-500	0.00000000e+00	0.00000000e+00	0.00000000e+00	0.00000000e+00
-499	0.00000000e+00	0.00000000e+00	0.00000000e+00	0.00000000e+00
-498	0.00000000e+00	0.00000000e+00	0.00000000e+00	0.00000000e+00
-497	0.00000000e+00	0.00000000e+00	0.00000000e+00	0.00000000e+00
-496	0.00000000e+00	0.00000000e+00	0.00000000e+00	0.00000000e+00
-495	0.00000000e+00	0.00000000e+00	0.00000000e+00	0.00000000e+00
-494	0.00000000e+00	0.00000000e+00	0.00000000e+00	0.00000000e+00
-493	0.00000000e+00	0.00000000e+00	0.00000000e+00	0.00000000e+00
-492	0.00000000e+00	0.00000000e+00	0.00000000e+00	0.00000000e+00
-491	0.00000000e+00	0.00000000e+00	0.00000000e+00	0.00000000e+00
-490	0.00000000e+00	0.00000000e+00	0.00000000e+00	0.00000000e+00
-489	0.00000000e+00	0.00000000e+00	0.00000000e+00	0.00000000e+00
-488	0.00000000e+00	0.00000000e+00	0.00000000e+00	0.00000000e+00
-487	0.00000000e+00	0.00000000e+00	0.00000000e+00	0.00000000e+00
-486	0.00000000e+00	0.00000000e+00	0.00000000e+00	0.00000000e+00
-485	0.00000000e+00	0.00000000e+00	0.00000000e+00	0.00000000e+00
-484	0.00000000e+00	0.00000000e+00	0.00000000e+00	0.00000000e+00
-483	0.00000000e+00	0.00000000e+00	0.00000000e+00	0.00000000e+00
-482	0.00000000e+00	0.00000000e+00	0.00000000e+00	0.00000000e+00
-481	0.00000000e+00	0.00000000e+00	0.00000000e+00	0.00000000e+00
-480	0.00000000e+00	0.00000000e+00	0.00000000e+00	0.00000000e+00
-479	0.00000000e+00	0.00000000e+00	0.00000000e+00	0.00000000e+00
-478	0.00000000e+00	0.00000000e+00	0.00000000e+00	0.00000000e+00
-477	0.00000000e+00	0.00000000e+00	0.00000000e+00	0.00000000e+00
-476	0.00000000e+00	0.00000000e+00	0.00000000e+00	0.00000000e+00
-475	0.00000000e+00	0.00000000e+00	0.00000000e+00	0.00000000e+00
-474	0.00000000e+00	0.00000000e+00	0.00000000e+00	0.00000000e+00
-473	0.00000000e+00	0.00000000e+00	0.00000000e+00	0.00000000e+00
-472	0.00000000e+00	0.00000000e+00	0.00000000e+00	0.00000000e+00
-471	0.00000000e+00	0.00000000e+00	0.00000000e+00	0.00000000e+00
-470	0.00000000e+00	0.00000000e+00	0.00000000e+00	0.00000000e+00
-469	0.00000000e+00	0.00000000e+00	0.00000000e+00	0.00000000e+00
-468	0.00000000e+00	0.00000000e+00	0.00000000e+00	0.00000000e+00
-467	0.00000000e+00	0.00000000e+00	0.00000000e+00	0.00000000e+00
-466	0.00000000e+00	0.00000000e+00	0.00000000e+00	0.00000000e+00
-465	0.00000000e+00	0.00000000e+00	0.00000000e+00	0.00000000e+00
-464	0.00000000e+00	0.00000000e+00	0.00000000e+00	0.00000000e+00
-463	0.00000000e+00	0.00000000e+00	0.00000000e+00	0.00000000e+00
-462	0.00000000e+00	0.00000000e+00	0.00000000e+00	0.00000000e+00
-461	0.00000000e+00	0.00000000e+00	0.00000000e+00	0.00000000e+00
-460	0.00000000e+00	0.00000000e+00	0.00000000e+00	0.00000000e+00
-459	0.00000000e+00	0.00000000e+00	0.00000000e+00	0.00000000e+00
-458	0.00000000e+00	0.00000000e+00	0.00000000e+00	0.00000000e+00
-457	0.00000000e+00	0.00000000e+00	0.00000000e+00	0.00000000e+00
-456	0.00000000e+00	0.00000000e+00	0.00000000e+00	0.00000000e+00
-455	0.00000000e+00	0.00000000e+00	0.00000000e+00	0.00000000e+00
-454	0.00000000e+00	0.00000000e+00	0.00000000e+00	0.00000000e+00
-453	0.00000000e+00	0.00000000e+00	0.00000000e+00	0.00000000e+00
-452	0.00000000e+00	0.00000000e+00	0.00000000e+00	0.00000000e+00
-451	0.00000000e+00	0.00000000e+00	0.00000000e+00	0.00000000e+00
-450	0.00000000e+00	0.00000000e+00	0.00000000e+00	0.00000000e+00
-449	0.00000000e+00	0.00000000e+00	0.00000000e+00	0.00000000e+00
-448	0.00000000e+00	0.00000000e+00	0.00000000e+00	0.00000000e+00
-447	0.00000000e+00	0.00000000e+00	0.00000000e+00	0.00000000e+00
-446	0.00000000e+00	0.00000000e+00	0.00000000e+00	0.00000000e+00
-445	0.00000000e+00	0.00000000e+00	0.00000000e+00	0.00000000e+00
-444	0.00000000e+00	0.00000000e+00	0.00000000e+00	0.00000000e+00
-443	0.00000000e+00	0.00000000e+00	0.00000000e+00	0.00000000e+00
-442	0.00000000e+00	0.00000000e+00	0.00000000e+00	0.00000000e+00
-441	0.00000000e+00	0.00000000e+00	0.00000000e+00	0.00000000e+00
-440	0.00000000e+00	0.00000000e+00	0.00000000e+00	0.00000000e+00
-439	0.00000000e+00	0.00000000e+00	0.00000000e+00	0.00000000e+00
-438	0.00000000e+00	0.00000000e+00	0.00000000e+00	0.00000000e+00
-437	0.00000000e+00	0.00000000e+00	0.00000000e+00	0.00000000e+00
-436	0.00000000e+00	0.00000000e+00	0.00000000e+00	0.00000000e+00
-435	0.00000000e+00	0.00000000e+00	0.00000000e+00	0.00000000e+00
-434	0.00000000e+00	0.00000000e+00	0.00000000e+00	0.00000000e+00
-433	0.00000000e+00	0.00000000e+00	0.00000000e+00	0.00000000e+00
-432	0.00000000e+00	0.00000000e+00	0.00000000e+00	0.00000000e+00
-431	0.00000000e+00	0.00000000e+00	0.00000000e+00	0.00000000e+00
-430	0.00000000e+00	0.00000000e+00	0.00000000e+00	0.00000000e+00
-429	0.00000000e+00	0.00000000e+00	0.00000000e+00	0.00000000e+00
-428	0.00000000e+00	0.00000000e+00	0.00000000e+00	0.00000000e+00
-427	0.00000000e+00	0.00000000e+00	0.00000000e+00	0.00000000e+00
-426	0.00000000e+00	0.00000000e+00	0.00000000e+00	0.00000000e+00
-425	0.00000000e+00	0.00000000e+00	0.00000000e+00	0.00000000e+00
-424	0.00000000e+00	0.00000000e+00	0.00000000e+00	0.00000000e+00
-423	0.00000000e+00	0.00000000e+00	0.00000000e+00	0.00000000e+00
-422	0.00000000e+00	0.00000000e+00	0.00000000e+00	0.00000000e+00
-421	0.00000000e+00	0.00000000e+00	0.00000000e+00	0.00000000e+00
-420	0.00000000e+00	0.00000000e+00	0.00000000e+00	0.00000000e+00
-419	0.00000000e+00	0.00000000e+00	0.00000000e+00	0.00000000e+00
-418	0.00000000e+00	0.00000000e+00	0.00000000e+00	0.00000000e+00
-417	0.00000000e+00	0.00000000e+00	0.00000000e+00	0.00000000e+00
-416	0.00000000e+00	0.00000000e+00	0.00000000e+00	0.00000000e+00
-415	0.00000000e+00	0.00000000e+00	0.00000000e+00	0.00000000e+00
-414	0.00000000e+00	0.00000000e+00	0.00000000e+00	0.00000000e+00
-413	0.00000000e+00	0.00000000e+00	0.00000000e+00	0.00000000e+00
-412	0.00000000e+00	0.00000000e+00	0.00000000e+00	0.00000000e+00
-411	0.00000000e+00	0.00000000e+00	0.00000000e+00	0.00000000e+00
-410	0.00000000e+00	0.00000000e+00	0.00000000e+00	0.00000000e+00
-409	0.00000000e+00	0.00000000e+00	0.00000000e+00	0.00000000e+00
-408	0.00000000e+00	0.00000000e+00	0.00000000e+00	0.00000000e+00
-407	0.00000000e+00	0.00000000e+00	0.00000000e+00	0.00000000e+00
-406	0.00000000e+00	0.00000000e+00	0.00000000e+00	0.00000000e+00
-405	0.00000000e+00	0.00000000e+00	0.00000000e+00	0.00000000e+00
-404	0.00000000e+00	0.00000000e+00	0.00000000e+00	0.00000000e+00
-403	0.00000000e+00	0.00000000e+00	0.00000000e+00	0.00000000e+00
-402	0.00000000e+00	0.00000000e+00	0.00000000e+00	0.00000000e+00
-401	0.00000000e+00	0.00000000e+00	0.00000000e+00	0.00000000e+00
-400	0.00000000e+00	0.00000000e+00	0.00000000e+00	0.00000000e+00
-399	0.00000000e+00	0.00000000e+00	0.00000000e+00	0.00000000e+00
-398	0.00000000e+00	0.00000000e+00	0.00000000e+00	0.00000000e+00
-397	0.00000000e+00	0.00000000e+00	0.00000000e+00	0.00000000e+00
-396	0.00000000e+00	0.00000000e+00	0.00000000e+00	0.00000000e+00
-395	0.00000000e+00	0.00000000e+00	0.00000000e+00	0.00000000e+00
-394	0.00000000e+00	0.00000000e+00	0.00000000e+00	0.00000000e+00
-393	0.00000000e+00	0.00000000e+00	0.00000000e+00	0.00000000e+00
-392	0.00000000e+00	0.00000000e+00	0.00000000e+00	0.00000000e+00
-391	0.00000000e+00	0.00000000e+00	0.00000000e+00	0.00000000e+00
-390	0.00000000e+00	0.00000000e+00	0.00000000e+00	0.00000000e+00
-389	0.00000000e+00	0.00000000e+00	0.00000000e+00	0.00000000e+00
-388	0.00000000e+00	0.00000000e+00	0.00000000e+00	0.00000000e+00
-387	0.00000000e+00	0.00000000e+00	0.00000000e+00	0.00000000e+00
-386	0.00000000e+00	0.00000000e+00	0.00000000e+00	0.00000000e+00
-385	0.00000000e+00	0.00000000e+00	0.00000000e+00	0.00000000e+00
-384	0.00000000e+00	0.00000000e+00	0.00000000e+00	0.00000000e+00
-383	0.00000000e+00	0.00000000e+00	0.00000000e+00	0.00000000e+00
-382	0.00000000e+00	0.00000000e+00	0.00000000e+00	0.00000000e+00
-381	0.00000000e+00	0.00000000e+00	0.00000000e+00	0.00000000e+00
-380	0.00000000e+00	0.00000000e+00	0.00000000e+00	0.00000000e+00
-379	0.00000000e+00	0.00000000e+00	0.00000000e+00	0.00000000e+00
-378	0.00000000e+00	0.00000000e+00	0.00000000e+00	0.00000000e+00
-377	0.00000000e+00	0.00000000e+00	0.00000000e+00	0.00000000e+00
-376	0.00000000e+00	0.00000000e+00	0.00000000e+00	0.00000000e+00
-375	0.00000000e+00	0.00000000e+00	0.00000000e+00	0.00000000e+00
-374	0.00000000e+00	0.00000000e+00	0.00000000e+00	0.00000000e+00
-373	0.00000000e+00	0.00000000e+00	0.00000000e+00	0.00000000e+00
-372	0.00000000e+00	0.00000000e+00	0.00000000e+00	0.00000000e+00
-371	0.00000000e+00	0.00000000e+00	0.00000000e+00	0.00000000e+00
-370	0.00000000e+00	0.00000000e+00	0.00000000e+00	0.00000000e+00
-369	0.00000000e+00	0.00000000e+00	0.00000000e+00	0.00000000e+00
-368	0.00000000e+00	0.00000000e+00	0.00000000e+00	0.00000000e+00
-367	0.00000000e+00	0.00000000e+00	0.00000000e+00	0.00000000e+00
-366	0.00000000e+00	0.00000000e+00	0.00000000e+00	0.00000000e+00
-365	0.00000000e+00	0.00000000e+00	0.00000000e+00	0.00000000e+00
-364	0.00000000e+00	0.00000000e+00	0.00000000e+00	0.00000000e+00
-363	0.00000000e+00	0.00000000e+00	0.00000000e+00	0.00000000e+00
-362	0.00000000e+00	0.00000000e+00	0.00000000e+00	0.00000000e+00
-361	0.00000000e+00	0.00000000e+00	0.00000000e+00	0.00000000e+00
-360	0.00000000e+00	0.00000000e+00	0.00000000e+00	0.00000000e+00
-359	0.00000000e+00	0.00000000e+00	0.00000000e+00	0.00000000e+00
-358	0.00000000e+00	0.00000000e+00	0.00000000e+00	0.00000000e+00
-357	0.00000000e+00	0.00000000e+00	0.00000000e+00	0.00000000e+00
-356	0.00000000e+00	0.00000000e+00	0.00000000e+00	0.00000000e+00
-355	0.00000000e+00	0.00000000e+00	0.00000000e+00	0.00000000e+00
-354	0.00000000e+00	0.00000000e+00	0.00000000e+00	0.00000000e+00
-353	0.00000000e+00	0.00000000e+00	0.00000000e+00	0.00000000e+00
-352	0.00000000e+00	0.00000000e+00	0.00000000e+00	0.00000000e+00
-351	0.00000000e+00	0.00000000e+00	0.00000000e+00	0.00000000e+00
-350	0.00000000e+00	0.00000000e+00	0.00000000e+00	0.00000000e+00
-349	0.00000000e+00	0.00000000e+00	0.00000000e+00	0.00000000e+00
-348	0.00000000e+00	0.00000000e+00	0.00000000e+00	0.00000000e+00
-347	0.00000000e+00	0.00000000e+00	0.00000000e+00	0.00000000e+00
-346	0.00000000e+00	0.00000000e+00	0.00000000e+00	0.00000000e+00
-345	0.00000000e+00	0.00000000e+00	0.00000000e+00	0.00000000e+00
-344	0.00000000e+00	0.00000000e+00	0.00000000e+00	0.00000000e+00
-343	0.00000000e+00	0.00000000e+00	0.00000000e+00	0.00000000e+00
-342	0.00000000e+00	0.00000000e+00	0.00000000e+00	0.00000000e+00
-341	0.00000000e+00	0.00000000e+00	0.00000000e+00	0.00000000e+00
-340	0.00000000e+00	0.00000000e+00	0.00000000e+00	0.00000000e+00
-339	0.00000000e+00	0.00000000e+00	0.00000000e+00	0.00000000e+00
-338	0.00000000e+00	0.00000000e+00	0.00000000e+00	0.00000000e+00
-337	0.00000000e+00	0.00000000e+00	0.00000000e+00	0.00000000e+00
-336	0.00000000e+00	0.00000000e+00	0.00000000e+00	0.00000000e+00
-335	0.00000000e+00	0.00000000e+00	0.00000000e+00	0.00000000e+00
-334	0.00000000e+00	0.00000000e+00	0.00000000e+00	0.00000000e+00
-333	0.00000000e+00	0.00000000e+00	0.00000000e+00	0.00000000e+00
-332	0.00000000e+00	0.00000000e+00	0.00000000e+00	0.00000000e+00
-331	0.00000000e+00	0.00000000e+00	0.00000000e+00	0.00000000e+00
-330	0.00000000e+00	0.00000000e+00	0.00000000e+00	0.00000000e+00
-329	0.00000000e+00	0.00000000e+00	0.00000000e+00	0.00000000e+00
-328	0.00000000e+00	0.00000000e+00	0.00000000e+00	0.00000000e+00
-327	0.00000000e+00	0.00000000e+00	0.00000000e+00	0.00000000e+00
-326	0.00000000e+00	0.00000000e+00	0.00000000e+00	0.00000000e+00
-325	0.00000000e+00	0.00000000e+00	0.00000000e+00	0.00000000e+00
-324	0.00000000e+00	0.00000000e+00	0.00000000e+00	0.00000000e+00
-323	0.00000000e+00	0.00000000e+00	0.00000000e+00	0.00000000e+00
-322	0.00000000e+00	0.00000000e+00	0.00000000e+00	0.00000000e+00
-321	0.00000000e+00	0.00000000e+00	0.00000000e+00	0.00000000e+00
-320	0.00000000e+00	0.00000000e+00	0.00000000e+00	0.00000000e+00
-319	0.00000000e+00	0.00000000e+00	0.00000000e+00	0.00000000e+00
-318	0.00000000e+00	0.00000000e+00	0.00000000e+00	0.00000000e+00
-317	0.00000000e+00	0.00000000e+00	0.00000000e+00	0.00000000e+00
-316	0.00000000e+00	0.00000000e+00	0.00000000e+00	0.00000000e+00
-315	0.00000000e+00	0.00000000e+00	0.00000000e+00	0.00000000e+00
-314	0.00000000e+00	0.00000000e+00	0.00000000e+00	0.00000000e+00
-313	0.00000000e+00	0.00000000e+00	0.00000000e+00	0.00000000e+00
-312	0.00000000e+00	0.00000000e+00	0.00000000e+00	0.00000000e+00
-311	0.00000000e+00	0.00000000e+00	0.00000000e+00	0.00000000e+00
-310	0.00000000e+00	0.00000000e+00	0.00000000e+00	0.00000000e+00
-309	0.00000000e+00	0.00000000e+00	0.00000000e+00	0.00000000e+00
-308	0.00000000e+00	0.00000000e+00	0.00000000e+00	0.00000000e+00
-307	0.00000000e+00	0.00000000e+00	0.00000000e+00	0.00000000e+00
-306	0.00000000e+00	0.00000000e+00	0.00000000e+00	0.00000000e+00
-305	0.00000000e+00	0.00000000e+00	0.00000000e+00	0.00000000e+00
-304	0.00000000e+00	0.00000000e+00	0.00000000e+00	0.00000000e+00
-303	0.00000000e+00	0.00000000e+00	0.00000000e+00	0.00000000e+00
-302	0.00000000e+00	0.00000000e+00	0.00000000e+00	0.00000000e+00
-301	0.00000000e+00	0.00000000e+00	0.00000000e+00	0.00000000e+00
-300	0.00000000e+00	0.00000000e+00	0.00000000e+00	0.00000000e+00
-299	0.00000000e+00	0.00000000e+00	0.00000000e+00	0.00000000e+00
-298	0.00000000e+00	0.00000000e+00	0.00000000e+00	0.00000000e+00
-297	0.00000000e+00	0.00000000e+00	0.00000000e+00	0.00000000e+00
-296	0.00000000e+00	0.00000000e+00	0.00000000e+00	0.00000000e+00
-295	0.00000000e+00	0.00000000e+00	0.00000000e+00	0.00000000e+00
-294	0.00000000e+00	0.00000000e+00	0.00000000e+00	0.00000000e+00
-293	0.00000000e+00	0.00000000e+00	0.00000000e+00	0.00000000e+00
-292	0.00000000e+00	0.00000000e+00	0.00000000e+00	0.00000000e+00
-291	0.00000000e+00	0.00000000e+00	0.00000000e+00	0.00000000e+00
-290	0.00000000e+00	0.00000000e+00	0.00000000e+00	0.00000000e+00
-289	0.00000000e+00	0.00000000e+00	0.00000000e+00	0.00000000e+00
-288	0.00000000e+00	0.00000000e+00	0.00000000e+00	0.00000000e+00
-287	0.00000000e+00	0.00000000e+00	0.00000000e+00	0.00000000e+00
-286	0.00000000e+00	0.00000000e+00	0.00000000e+00	0.00000000e+00
-285	0.00000000e+00	0.00000000e+00	0.00000000e+00	0.00000000e+00
-284	0.00000000e+00	0.00000000e+00	0.00000000e+00	0.00000000e+00
-283	0.00000000e+00	0.00000000e+00	0.00000000e+00	0.00000000e+00
-282	0.00000000e+00	0.00000000e+00	0.00000000e+00	0.00000000e+00
-281	0.00000000e+00	0.00000000e+00	0.00000000e+00	0.00000000e+00
-280	0.00000000e+00	0.00000000e+00	0.00000000e+00	0.00000000e+00
-279	0.00000000e+00	0.00000000e+00	0.00000000e+00	0.00000000e+00
-278	0.00000000e+00	0.00000000e+00	0.00000000e+00	0.00000000e+00
-277	0.00000000e+00	0.00000000e+00	0.00000000e+00	0.00000000e+00
-276	0.00000000e+00	0.00000000e+00	0.00000000e+00	0.00000000e+00
-275	0.00000000e+00	0.00000000e+00	0.00000000e+00	0.00000000e+00
-274	0.00000000e+00	0.00000000e+00	0.00000000e+00	0.00000000e+00
-273	1.96000000e+02	1.00000000e+00	1.00000000e+00	3.00000000e+00
-272	1.00800000e+03	1.00000000e+00	1.00000000e+00	3.00000000e+00
-271	1.84100000e+03	1.00000000e+00	1.00000000e+00	3.00000000e+00
-270	3.07400000e+03	1.00000000e+00	1.00000000e+00	3.00000000e+00
-269	4.19600000e+03	1.00000000e+00	1.00000000e+00	3.00000000e+00
-268	4.97600000e+03	1.00000000e+00	1.00000000e+00	4.00000000e+00
-267	5.71700000e+03	1.00000000e+00	1.00000000e+00	4.00000000e+00
-266	6.36900000e+03	1.00000000e+00	1.00000000e+00	4.00000000e+00
-265	7.10500000e+03	1.00000000e+00	1.00000000e+00	4.00000000e+00
-264	7.96300000e+03	1.00000000e+00	1.00000000e+00	4.00000000e+00
-263	9.01100000e+03	1.00000000e+00	1.00000000e+00	4.00000000e+00
-262	1.00730000e+04	1.00000000e+00	1.00000000e+00	4.00000000e+00
-261	1.09240000e+04	1.00000000e+00	1.00000000e+00	4.00000000e+00
-260	1.17110000e+04	1.00000000e+00	1.00000000e+00	4.00000000e+00
-259	1.24270000e+04	2.00000000e+00	3.00000000e+00	6.00000000e+00
-258	1.31250000e+04	2.00000000e+00	3.00000000e+00	6.00000000e+00
-257	1.39440000e+04	2.00000000e+00	3.00000000e+00	6.00000000e+00
-256	1.48690000e+04	6.00000000e+00	7.00000000e+00	1.20000000e+01
-255	1.55930000e+04	6.00000000e+00	7.00000000e+00	1.20000000e+01
-254	1.63970000e+04	6.00000000e+00	7.00000000e+00	1.20000000e+01
-253	1.71760000e+04	6.00000000e+00	7.00000000e+00	1.20000000e+01
-252	1.79610000e+04	6.00000000e+00	7.00000000e+00	1.20000000e+01
-251	1.86380000e+04	6.00000000e+00	7.00000000e+00	1.20000000e+01
-250	1.92560000e+04	6.00000000e+00	7.00000000e+00	1.20000000e+01
-249	2.01300000e+04	6.00000000e+00	7.00000000e+00	1.20000000e+01
-248	2.09770000e+04	6.00000000e+00	7.00000000e+00	1.20000000e+01
-247	2.16800000e+04	6.00000000e+00	7.00000000e+00	1.20000000e+01
-246	2.31120000e+04	6.00000000e+00	7.00000000e+00	1.20000000e+01
-245	2.39030000e+04	6.00000000e+00	7.00000000e+00	1.20000000e+01
-244	2.47810000e+04	6.00000000e+00	7.00000000e+00	1.20000000e+01
-243	2.57090000e+04	7.00000000e+00	8.00000000e+00	1.50000000e+01
-242	2.67790000e+04	7.00000000e+00	8.00000000e+00	1.50000000e+01
-241	2.76790000e+04	9.00000000e+00	9.00000000e+00	1.60000000e+01
-240	2.86560000e+04	9.00000000e+00	9.00000000e+00	1.60000000e+01
-239	2.94810000e+04	9.00000000e+00	9.00000000e+00	1.60000000e+01
-238	3.05860000e+04	9.00000000e+00	9.00000000e+00	1.60000000e+01
-237	3.16820000e+04	9.00000000e+00	9.00000000e+00	1.60000000e+01
-236	3.27390000e+04	9.00000000e+00	9.00000000e+00	1.60000000e+01
-235	3.37510000e+04	9.00000000e+00	9.00000000e+00	1.60000000e+01
-234	3.48310000e+04	9.00000000e+00	9.00000000e+00	1.60000000e+01
-233	3.58220000e+04	9.00000000e+00	9.00000000e+00	1.60000000e+01
-232	3.67820000e+04	9.00000000e+00	9.00000000e+00	1.60000000e+01
-231	3.77040000e+04	9.00000000e+00	9.00000000e+00	1.60000000e+01
-230	3.86290000e+04	9.00000000e+00	9.00000000e+00	1.60000000e+01
-229	3.96380000e+04	9.00000000e+00	9.00000000e+00	1.60000000e+01
-228	4.07940000e+04	9.00000000e+00	9.00000000e+00	1.60000000e+01
-227	4.18310000e+04	9.00000000e+00	9.00000000e+00	1.60000000e+01
-226	4.28950000e+04	9.00000000e+00	9.00000000e+00	1.60000000e+01
-225	4.41110000e+04	9.00000000e+00	9.00000000e+00	1.60000000e+01
-224	4.51530000e+04	9.00000000e+00	9.00000000e+00	1.60000000e+01
-223	4.61290000e+04	9.00000000e+00	9.00000000e+00	1.60000000e+01
-222	4.71330000e+04	9.00000000e+00	9.00000000e+00	1.60000000e+01
-221	4.84180000e+04	9.00000000e+00	9.00000000e+00	1.60000000e+01
-220	4.96070000e+04	9.00000000e+00	9.00000000e+00	1.60000000e+01
-219	5.07120000e+04	9.00000000e+00	9.00000000e+00	1.60000000e+01
-218	5.17620000e+04	9.00000000e+00	9.00000000e+00	1.60000000e+01
-217	5.28070000e+04	9.00000000e+00	9.00000000e+00	1.60000000e+01
-216	5.37520000e+04	9.00000000e+00	9.00000000e+00	1.60000000e+01
-215	5.47270000e+04	9.00000000e+00	9.00000000e+00	1.60000000e+01
-214	5.59210000e+04	9.00000000e+00	9.00000000e+00	1.60000000e+01
-213	5.70670000e+04	9.00000000e+00	9.00000000e+00	1.60000000e+01
-212	5.81620000e+04	9.00000000e+00	9.00000000e+00	1.60000000e+01
-211	5.93020000e+04	9.00000000e+00	9.00000000e+00	1.60000000e+01
-210	6.02670000e+04	9.00000000e+00	9.00000000e+00	1.60000000e+01
-209	6.11630000e+04	9.00000000e+00	9.00000000e+00	1.60000000e+01
-208	6.20600000e+04	9.00000000e+00	9.00000000e+00	1.60000000e+01
-207	6.31890000e+04	9.00000000e+00	9.00000000e+00	1.60000000e+01
-206	6.43470000e+04	9.00000000e+00	9.00000000e+00	1.60000000e+01
-205	6.54680000e+04	9.00000000e+00	9.00000000e+00	1.60000000e+01
-204	6.65070000e+04	9.00000000e+00	9.00000000e+00	1.60000000e+01
-203	6.74700000e+04	9.00000000e+00	9.00000000e+00	1.60000000e+01
-202	6.85760000e+04	9.00000000e+00	9.00000000e+00	1.60000000e+01
-201	6.95410000e+04	9.00000000e+00	9.00000000e+00	1.60000000e+01
-200	7.04600000e+04	9.00000000e+00	9.00000000e+00	1.60000000e+01
-199	7.16780000e+04	9.00000000e+00	9.00000000e+00	1.60000000e+01
-198	7.28240000e+04	9.00000000e+00	9.00000000e+00	1.60000000e+01
-197	7.38780000e+04	9.00000000e+00	9.00000000e+00	1.60000000e+01
-196	7.49280000e+04	9.00000000e+00	9.00000000e+00	1.60000000e+01
-195	7.60100000e+04	9.00000000e+00	9.00000000e+00	1.60000000e+01
-194	7.68750000e+04	9.00000000e+00	9.00000000e+00	1.60000000e+01
-193	7.79760000e+04	9.00000000e+00	9.00000000e+00	1.60000000e+01
-192	7.93620000e+04	8.00000000e+00	1.00000000e+01	1.80000000e+01
-191	8.05030000e+04	8.00000000e+00	1.00000000e+01	1.80000000e+01
-190	8.15370000e+04	8.00000000e+00	1.00000000e+01	1.80000000e+01
-189	8.26990000e+04	8.00000000e+00	1.00000000e+01	1.80000000e+01
-188	8.37950000e+04	8.00000000e+00	1.00000000e+01	1.80000000e+01
-187	8.47940000e+04	8.00000000e+00	1.00000000e+01	1.80000000e+01
-186	8.60380000e+04	8.00000000e+00	1.00000000e+01	1.80000000e+01
-185	8.73310000e+04	8.00000000e+00	1.00000000e+01	1.80000000e+01
-184	8.85920000e+04	8.00000000e+00	1.00000000e+01	1.80000000e+01
-183	8.99590000e+04	1.00000000e+01	1.20000000e+01	2.00000000e+01
-182	9.11780000e+04	1.00000000e+01	1.20000000e+01	2.00000000e+01
-181	9.25250000e+04	1.00000000e+01	1.20000000e+01	2.00000000e+01
-180	9.37860000e+04	1.00000000e+01	1.20000000e+01	2.00000000e+01
-179	9.51920000e+04	1.00000000e+01	1.20000000e+01	2.00000000e+01
-178	9.67640000e+04	1.10000000e+01	1.30000000e+01	2.10000000e+01
-177	9.82130000e+04	1.10000000e+01	1.30000000e+01	2.10000000e+01
-176	9.96330000e+04	1.10000000e+01	1.30000000e+01	2.10000000e+01
-175	1.00980000e+05	1.10000000e+01	1.30000000e+01	2.10000000e+01
-174	1.02141000e+05	1.10000000e+01	1.30000000e+01	2.10000000e+01
-173	1.03497000e+05	1.10000000e+01	1.30000000e+01	2.10000000e+01
-172	1.04933000e+05	1.10000000e+01	1.30000000e+01	2.10000000e+01
-171	1.06345000e+05	1.10000000e+01	1.30000000e+01	2.10000000e+01
-170	1.07704000e+05	1.10000000e+01	1.30000000e+01	2.10000000e+01
-169	1.09229000e+05	1.10000000e+01	1.30000000e+01	2.10000000e+01
-168	1.10457000e+05	1.10000000e+01	1.30000000e+01	2.10000000e+01
-167	1.11723000e+05	1.10000000e+01	1.30000000e+01	2.10000000e+01
-166	1.12987000e+05	1.10000000e+01	1.30000000e+01	2.10000000e+01
-165	1.14479000e+05	1.30000000e+01	1.40000000e+01	2.20000000e+01
-164	1.15868000e+05	1.30000000e+01	1.40000000e+01	2.20000000e+01
-163	1.17186000e+05	1.30000000e+01	1.40000000e+01	2.20000000e+01
-162	1.18479000e+05	1.30000000e+01	1.40000000e+01	2.20000000e+01
-161	1.19693000e+05	1.30000000e+01	1.40000000e+01	2.20000000e+01
-160	1.20979000e+05	1.30000000e+01	1.40000000e+01	2.20000000e+01
-159	1.22212000e+05	1.30000000e+01	1.40000000e+01	2.20000000e+01
-158	1.23377000e+05	1.30000000e+01	1.40000000e+01	2.20000000e+01
-157	1.24694000e+05	1.30000000e+01	1.40000000e+01	2.20000000e+01
-156	1.25916000e+05	1.30000000e+01	1.40000000e+01	2.20000000e+01
-155	1.27034000e+05	1.30000000e+01	1.40000000e+01	2.20000000e+01
-154	1.28125000e+05	1.30000000e+01	1.40000000e+01	2.20000000e+01
-153	1.29275000e+05	1.30000000e+01	1.40000000e+01	2.20000000e+01
-152	1.30625000e+05	1.50000000e+01	1.60000000e+01	2.60000000e+01
-151	1.32036000e+05	1.60000000e+01	1.80000000e+01	2.90000000e+01
-150	1.33301000e+05	2.00000000e+01	1.90000000e+01	3.00000000e+01
-149	1.34562000e+05	2.00000000e+01	2.00000000e+01	3.10000000e+01
-148	1.35601000e+05	2.00000000e+01	2.00000000e+01	3.10000000e+01
-147	1.36697000e+05	2.00000000e+01	2.00000000e+01	3.10000000e+01
-146	1.37827000e+05	2.00000000e+01	2.00000000e+01	3.10000000e+01
-145	1.39072000e+05	2.00000000e+01	2.00000000e+01	3.10000000e+01
-144	1.40290000e+05	1.90000000e+01	2.10000000e+01	3.20000000e+01
-143	1.41622000e+05	1.90000000e+01	2.10000000e+01	3.20000000e+01
-142	1.42840000e+05	2.10000000e+01	2.30000000e+01	3.40000000e+01
-141	1.43990000e+05	2.10000000e+01	2.30000000e+01	3.40000000e+01
-140	1.45272000e+05	2.30000000e+01	2.50000000e+01	3.80000000e+01
-139	1.46500000e+05	2.40000000e+01	2.70000000e+01	4.10000000e+01
-138	1.47694000e+05	2.40000000e+01	2.70000000e+01	4.10000000e+01
-137	1.49044000e+05	2.40000000e+01	2.70000000e+01	4.10000000e+01
-136	1.50322000e+05	2.40000000e+01	2.70000000e+01	4.10000000e+01
-135	1.51526000e+05	2.40000000e+01	2.70000000e+01	4.10000000e+01
-134	1.52529000e+05	2.40000000e+01	2.80000000e+01	4.60000000e+01
-133	1.53426000e+05	2.50000000e+01	2.80000000e+01	4.80000000e+01
-132	1.54396000e+05	2.60000000e+01	2.90000000e+01	4.90000000e+01
-131	1.55727000e+05	2.60000000e+01	2.90000000e+01	4.90000000e+01
-130	1.56972000e+05	2.60000000e+01	2.90000000e+01	5.10000000e+01
-129	1.57921000e+05	2.90000000e+01	3.10000000e+01	5.30000000e+01
-128	1.58965000e+05	2.90000000e+01	3.10000000e+01	5.30000000e+01
-127	1.59981000e+05	2.90000000e+01	3.10000000e+01	5.30000000e+01
-126	1.60948000e+05	2.90000000e+01	3.10000000e+01	5.30000000e+01
-125	1.61969000e+05	3.20000000e+01	3.60000000e+01	6.10000000e+01
-124	1.63163000e+05	3.40000000e+01	3.80000000e+01	6.30000000e+01
-123	1.64336000e+05	3.10000000e+01	4.00000000e+01	6.50000000e+01
-122	1.64336000e+05	3.10000000e+01	4.00000000e+01	6.50000000e+01
-121	1.65642000e+05	3.10000000e+01	4.00000000e+01	6.50000000e+01
-120	1.65642000e+05	3.10000000e+01	4.00000000e+01	6.50000000e+01
-119	1.65642000e+05	3.10000000e+01	4.00000000e+01	6.50000000e+01
-118	1.65642000e+05	3.10000000e+01	4.00000000e+01	6.50000000e+01
-117	1.65642000e+05	3.10000000e+01	4.00000000e+01	6.50000000e+01
-116	1.65642000e+05	3.10000000e+01	4.00000000e+01	6.50000000e+01
-115	1.66913000e+05	3.10000000e+01	4.00000000e+01	6.50000000e+01
-114	1.68100000e+05	3.10000000e+01	4.00000000e+01	6.50000000e+01
-113	1.69226000e+05	3.10000000e+01	4.00000000e+01	6.50000000e+01
-112	1.70364000e+05	3.10000000e+01	4.00000000e+01	6.50000000e+01
-111	1.72530000e+05	3.40000000e+01	4.10000000e+01	6.60000000e+01
-110	1.75187000e+05	3.40000000e+01	4.10000000e+01	6.60000000e+01
-109	1.77449000e+05	3.40000000e+01	4.20000000e+01	6.70000000e+01
-108	1.79384000e+05	3.40000000e+01	4.20000000e+01	6.70000000e+01
-107	1.81002000e+05	3.60000000e+01	4.40000000e+01	6.90000000e+01
-106	1.82401000e+05	3.80000000e+01	4.50000000e+01	7.00000000e+01
-105	1.83973000e+05	3.70000000e+01	4.60000000e+01	7.10000000e+01
-104	1.85206000e+05	3.70000000e+01	4.60000000e+01	7.10000000e+01
-103	1.86714000e+05	3.70000000e+01	4.60000000e+01	7.10000000e+01
-102	1.88271000e+05	3.70000000e+01	4.60000000e+01	7.10000000e+01
-101	1.89714000e+05	4.10000000e+01	5.00000000e+01	7.60000000e+01
-100	1.91156000e+05	4.10000000e+01	5.00000000e+01	7.60000000e+01
-99	1.91156000e+05	4.30000000e+01	5.20000000e+01	7.80000000e+01
-98	1.91156000e+05	4.30000000e+01	5.20000000e+01	7.80000000e+01
-97	1.91156000e+05	4.30000000e+01	5.20000000e+01	7.80000000e+01
-96	1.92346000e+05	4.30000000e+01	5.20000000e+01	7.80000000e+01
-95	1.93583000e+05	4.30000000e+01	5.20000000e+01	7.80000000e+01
-94	1.94820000e+05	4.30000000e+01	5.20000000e+01	7.80000000e+01
-93	1.95898000e+05	4.30000000e+01	5.20000000e+01	7.80000000e+01
-92	1.96876000e+05	4.30000000e+01	5.20000000e+01	7.80000000e+01
-91	1.97958000e+05	4.50000000e+01	5.30000000e+01	7.90000000e+01
-90	1.99007000e+05	4.50000000e+01	5.30000000e+01	7.90000000e+01
-89	2.00238000e+05	4.50000000e+01	5.30000000e+01	7.90000000e+01
-88	2.01661000e+05	4.50000000e+01	5.30000000e+01	7.90000000e+01
-87	2.02960000e+05	4.50000000e+01	5.30000000e+01	7.90000000e+01
-86	2.04316000e+05	4.50000000e+01	5.30000000e+01	7.90000000e+01
-85	2.05575000e+05	4.50000000e+01	5.30000000e+01	7.90000000e+01
-84	2.06729000e+05	4.50000000e+01	5.30000000e+01	7.90000000e+01
-83	2.07960000e+05	4.50000000e+01	5.30000000e+01	7.90000000e+01
-82	2.09182000e+05	4.50000000e+01	5.30000000e+01	7.90000000e+01
-81	2.10375000e+05	4.50000000e+01	5.40000000e+01	8.00000000e+01
-80	2.11525000e+05	4.80000000e+01	5.60000000e+01	8.20000000e+01
-79	2.12730000e+05	4.80000000e+01	5.80000000e+01	8.50000000e+01
-78	2.13929000e+05	4.70000000e+01	5.90000000e+01	8.70000000e+01
-77	2.15049000e+05	4.70000000e+01	5.90000000e+01	8.70000000e+01
-76	2.16145000e+05	4.90000000e+01	6.00000000e+01	8.80000000e+01
-75	2.17655000e+05	4.80000000e+01	6.10000000e+01	8.90000000e+01
-74	2.19137000e+05	4.80000000e+01	6.10000000e+01	8.90000000e+01
-73	2.20402000e+05	4.80000000e+01	6.10000000e+01	8.90000000e+01
-72	2.21630000e+05	4.90000000e+01	6.20000000e+01	9.00000000e+01
-71	2.22878000e+05	4.90000000e+01	6.20000000e+01	9.00000000e+01
-70	2.24043000e+05	4.90000000e+01	6.20000000e+01	9.00000000e+01
-69	2.25145000e+05	4.90000000e+01	6.20000000e+01	9.00000000e+01
-68	2.26551000e+05	5.20000000e+01	6.30000000e+01	9.10000000e+01
-67	2.26551000e+05	5.20000000e+01	6.30000000e+01	9.10000000e+01
-66	2.28045000e+05	5.20000000e+01	6.30000000e+01	9.10000000e+01
-65	2.29089000e+05	5.20000000e+01	6.30000000e+01	9.10000000e+01
-64	2.30199000e+05	5.20000000e+01	6.30000000e+01	9.10000000e+01
-63	2.31137000e+05	5.20000000e+01	6.30000000e+01	9.10000000e+01
-62	2.32273000e+05	5.20000000e+01	6.30000000e+01	9.10000000e+01
-61	2.33509000e+05	5.20000000e+01	6.30000000e+01	9.10000000e+01
-60	2.33509000e+05	5.20000000e+01	6.30000000e+01	9.10000000e+01
-59	2.34678000e+05	5.20000000e+01	6.30000000e+01	9.10000000e+01
-58	2.35603000e+05	5.20000000e+01	6.30000000e+01	9.10000000e+01
-57	2.36501000e+05	5.20000000e+01	6.30000000e+01	9.10000000e+01
-56	2.37496000e+05	5.20000000e+01	6.30000000e+01	9.10000000e+01
-55	2.38720000e+05	5.20000000e+01	6.30000000e+01	9.10000000e+01
-54	2.39883000e+05	5.20000000e+01	6.30000000e+01	9.10000000e+01
-53	2.41449000e+05	5.20000000e+01	6.30000000e+01	9.10000000e+01
-52	2.42662000e+05	5.20000000e+01	6.30000000e+01	9.10000000e+01
-51	2.43622000e+05	5.20000000e+01	6.30000000e+01	9.10000000e+01
-50	2.44584000e+05	5.20000000e+01	6.30000000e+01	9.10000000e+01
-49	2.45590000e+05	5.20000000e+01	6.30000000e+01	9.10000000e+01
-48	2.46676000e+05	5.20000000e+01	6.30000000e+01	9.10000000e+01
-47	2.47979000e+05	5.20000000e+01	6.30000000e+01	9.10000000e+01
-46	2.49782000e+05	5.20000000e+01	6.40000000e+01	9.30000000e+01
-45	2.51005000e+05	5.20000000e+01	6.40000000e+01	9.30000000e+01
-44	2.51904000e+05	5.60000000e+01	6.60000000e+01	9.50000000e+01
-43	2.52900000e+05	5.60000000e+01	6.60000000e+01	9.50000000e+01
-42	2.53821000e+05	5.80000000e+01	6.70000000e+01	9.60000000e+01
-41	2.54806000e+05	5.80000000e+01	6.80000000e+01	9.70000000e+01
-40	2.56008000e+05	5.80000000e+01	6.90000000e+01	9.80000000e+01
-39	2.57330000e+05	5.80000000e+01	6.90000000e+01	9.80000000e+01
-38	2.58378000e+05	5.80000000e+01	6.90000000e+01	9.80000000e+01
-37	2.59376000e+05	6.10000000e+01	7.00000000e+01	9.90000000e+01
-36	2.60256000e+05	5.80000000e+01	7.10000000e+01	1.00000000e+02
-35	2.61253000e+05	5.80000000e+01	7.10000000e+01	1.00000000e+02
-34	2.62407000e+05	6.10000000e+01	7.20000000e+01	1.01000000e+02
-33	2.64186000e+05	6.20000000e+01	7.30000000e+01	1.02000000e+02
-32	2.65598000e+05	6.30000000e+01	7.40000000e+01	1.06000000e+02
-31	2.67335000e+05	6.30000000e+01	7.40000000e+01	1.06000000e+02
-30	2.68936000e+05	6.60000000e+01	7.50000000e+01	1.08000000e+02
-29	2.70507000e+05	6.60000000e+01	7.50000000e+01	1.08000000e+02
-28	2.72121000e+05	6.60000000e+01	7.50000000e+01	1.08000000e+02
-27	2.73693000e+05	6.60000000e+01	7.50000000e+01	1.08000000e+02
-26	2.75470000e+05	6.60000000e+01	7.60000000e+01	1.09000000e+02
-25	2.77365000e+05	6.80000000e+01	7.70000000e+01	1.10000000e+02
-24	2.79726000e+05	6.80000000e+01	7.70000000e+01	1.10000000e+02
-23	2.82380000e+05	7.10000000e+01	7.80000000e+01	1.11000000e+02
-22	2.84946000e+05	6.80000000e+01	7.90000000e+01	1.12000000e+02
-21	2.87562000e+05	7.20000000e+01	8.00000000e+01	1.15000000e+02
-20	2.90505000e+05	7.20000000e+01	8.00000000e+01	1.15000000e+02
-19	2.93453000e+05	7.30000000e+01	8.20000000e+01	1.17000000e+02
-18	2.96034000e+05	7.30000000e+01	8.20000000e+01	1.17000000e+02
-17	2.98460000e+05	7.30000000e+01	8.20000000e+01	1.17000000e+02
-16	3.00578000e+05	7.30000000e+01	8.20000000e+01	1.17000000e+02
-15	3.02650000e+05	7.30000000e+01	8.20000000e+01	1.17000000e+02
-14	3.04613000e+05	7.30000000e+01	8.20000000e+01	1.17000000e+02
-13	3.07235000e+05	7.40000000e+01	8.30000000e+01	1.18000000e+02
-12	3.11045000e+05	7.70000000e+01	8.40000000e+01	1.23000000e+02
-11	3.14432000e+05	7.70000000e+01	8.40000000e+01	1.23000000e+02
-10	3.19079000e+05	8.00000000e+01	8.70000000e+01	1.26000000e+02
-9	3.22495000e+05	8.00000000e+01	8.70000000e+01	1.26000000e+02
-8	3.25870000e+05	8.30000000e+01	8.90000000e+01	1.28000000e+02
-7	3.29021000e+05	8.30000000e+01	9.20000000e+01	1.31000000e+02
-6	3.32777000e+05	8.40000000e+01	9.30000000e+01	1.32000000e+02
-5	3.36880000e+05	8.50000000e+01	9.50000000e+01	1.34000000e+02
-4	3.40962000e+05	8.50000000e+01	9.50000000e+01	1.34000000e+02
-3	3.45030000e+05	8.50000000e+01	9.50000000e+01	1.34000000e+02
-2	3.48912000e+05	8.70000000e+01	9.60000000e+01	1.35000000e+02
-1	3.52298000e+05	8.70000000e+01	9.60000000e+01	1.35000000e+02
0	3.56857000e+05	8.70000000e+01	9.60000000e+01	1.35000000e+02
1	3.65399000e+05	9.20000000e+01	1.04000000e+02	1.46000000e+02
2	3.65399000e+05	9.80000000e+01	1.13000000e+02	1.58000000e+02
3	3.65399000e+05	9.70000000e+01	1.15000000e+02	1.60000000e+02
4	3.73280000e+05	1.02000000e+02	1.19000000e+02	1.65000000e+02
5	3.78379000e+05	1.02000000e+02	1.19000000e+02	1.65000000e+02
6	3.82776000e+05	1.07000000e+02	1.22000000e+02	1.73000000e+02
7	3.86898000e+05	1.06000000e+02	1.30000000e+02	1.84000000e+02
8	3.91095000e+05	1.19000000e+02	1.36000000e+02	1.90000000e+02
9	3.96242000e+05	1.21000000e+02	1.40000000e+02	1.94000000e+02
10	4.01762000e+05	1.21000000e+02	1.40000000e+02	1.94000000e+02
11	4.05827000e+05	1.17000000e+02	1.41000000e+02	1.95000000e+02
12	4.09137000e+05	1.21000000e+02	1.46000000e+02	2.02000000e+02
13	4.11978000e+05	1.26000000e+02	1.49000000e+02	2.06000000e+02
14	4.14917000e+05	1.29000000e+02	1.54000000e+02	2.12000000e+02
15	4.17998000e+05	1.35000000e+02	1.57000000e+02	2.16000000e+02
16	4.21948000e+05	1.41000000e+02	1.62000000e+02	2.23000000e+02
17	4.25918000e+05	1.35000000e+02	1.65000000e+02	2.26000000e+02
18	4.25918000e+05	1.35000000e+02	1.65000000e+02	2.26000000e+02
19	4.28420000e+05	1.38000000e+02	1.67000000e+02	2.30000000e+02
20	4.30862000e+05	1.44000000e+02	1.68000000e+02	2.31000000e+02
21	4.33119000e+05	1.44000000e+02	1.68000000e+02	2.31000000e+02
22	4.35482000e+05	1.43000000e+02	1.68000000e+02	2.32000000e+02
23	4.38447000e+05	1.43000000e+02	1.68000000e+02	2.32000000e+02
24	4.41225000e+05	1.41000000e+02	1.70000000e+02	2.34000000e+02
25	4.44290000e+05	1.43000000e+02	1.71000000e+02	2.36000000e+02
26	4.46775000e+05	1.45000000e+02	1.72000000e+02	2.40000000e+02
27	4.48844000e+05	1.39000000e+02	1.73000000e+02	2.41000000e+02
28	4.50861000e+05	1.46000000e+02	1.75000000e+02	2.43000000e+02
29	4.52761000e+05	1.46000000e+02	1.75000000e+02	2.43000000e+02
30	4.55209000e+05	1.53000000e+02	1.76000000e+02	2.45000000e+02
31	4.59228000e+05	1.54000000e+02	1.78000000e+02	2.47000000e+02
32	4.62684000e+05	1.58000000e+02	1.84000000e+02	2.55000000e+02
33	4.62684000e+05	1.58000000e+02	1.84000000e+02	2.55000000e+02
34	4.65067000e+05	1.58000000e+02	1.84000000e+02	2.55000000e+02
35	4.67047000e+05	1.56000000e+02	1.87000000e+02	2.59000000e+02
36	4.69410000e+05	1.57000000e+02	1.88000000e+02	2.60000000e+02
37	4.72615000e+05	1.63000000e+02	1.90000000e+02	2.65000000e+02
38	4.75702000e+05	1.63000000e+02	1.90000000e+02	2.65000000e+02
39	4.78181000e+05	1.70000000e+02	1.94000000e+02	2.69000000e+02
40	4.80314000e+05	1.70000000e+02	1.94000000e+02	2.69000000e+02
41	4.82220000e+05	1.66000000e+02	1.96000000e+02	2.71000000e+02
42	4.84324000e+05	1.66000000e+02	1.96000000e+02	2.71000000e+02
43	4.86549000e+05	1.76000000e+02	2.00000000e+02	2.76000000e+02
44	4.89216000e+05	1.68000000e+02	2.01000000e+02	2.79000000e+02
45	4.91880000e+05	1.68000000e+02	2.01000000e+02	2.79000000e+02
46	4.93911000e+05	1.70000000e+02	2.03000000e+02	2.81000000e+02
47	4.95704000e+05	1.70000000e+02	2.03000000e+02	2.81000000e+02
48	4.97253000e+05	1.71000000e+02	2.03000000e+02	2.82000000e+02
49	4.98864000e+05	1.71000000e+02	2.03000000e+02	2.82000000e+02
50	5.00647000e+05	1.80000000e+02	2.05000000e+02	2.84000000e+02
51	5.03238000e+05	1.81000000e+02	2.06000000e+02	2.87000000e+02
52	5.05681000e+05	1.79000000e+02	2.07000000e+02	2.90000000e+02
53	5.07701000e+05	1.79000000e+02	2.07000000e+02	2.90000000e+02
54	5.09389000e+05	1.79000000e+02	2.07000000e+02	2.90000000e+02
55	5.11147000e+05	1.76000000e+02	2.10000000e+02	2.93000000e+02
56	5.12860000e+05	1.76000000e+02	2.10000000e+02	2.93000000e+02
57	5.14629000e+05	1.76000000e+02	2.10000000e+02	2.93000000e+02
58	5.16815000e+05	1.83000000e+02	2.11000000e+02	2.94000000e+02
59	5.19067000e+05	1.82000000e+02	2.11000000e+02	2.95000000e+02
60	5.20614000e+05	1.82000000e+02	2.11000000e+02	2.95000000e+02
61	5.22099000e+05	1.82000000e+02	2.12000000e+02	2.96000000e+02
62	5.23452000e+05	1.79000000e+02	2.13000000e+02	2.97000000e+02
63	5.24711000e+05	1.83000000e+02	2.14000000e+02	2.98000000e+02
64	5.26296000e+05	1.83000000e+02	2.14000000e+02	2.98000000e+02
65	5.28265000e+05	1.81000000e+02	2.16000000e+02	3.00000000e+02
66	5.30192000e+05	1.81000000e+02	2.16000000e+02	3.00000000e+02
67	5.31754000e+05	1.84000000e+02	2.17000000e+02	3.01000000e+02
68	5.33246000e+05	1.84000000e+02	2.17000000e+02	3.01000000e+02
69	5.34786000e+05	1.80000000e+02	2.21000000e+02	3.05000000e+02
70	5.36456000e+05	1.80000000e+02	2.21000000e+02	3.05000000e+02
71	5.38495000e+05	1.93000000e+02	2.22000000e+02	3.07000000e+02
72	5.40563000e+05	1.93000000e+02	2.23000000e+02	3.08000000e+02
73	5.43053000e+05	1.89000000e+02	2.24000000e+02	3.13000000e+02
74	5.45285000e+05	1.89000000e+02	2.24000000e+02	3.13000000e+02
75	5.47115000e+05	1.92000000e+02	2.27000000e+02	3.16000000e+02
76	5.48844000e+05	1.95000000e+02	2.31000000e+02	3.20000000e+02
77	5.50613000e+05	1.93000000e+02	2.32000000e+02	3.21000000e+02
78	5.52578000e+05	1.93000000e+02	2.32000000e+02	3.21000000e+02
79	5.54460000e+05	1.93000000e+02	2.32000000e+02	3.21000000e+02
80	5.56636000e+05	1.98000000e+02	2.33000000e+02	3.22000000e+02
81	5.58308000e+05	1.98000000e+02	2.33000000e+02	3.22000000e+02
82	5.59930000e+05	2.03000000e+02	2.35000000e+02	3.25000000e+02
83	5.61386000e+05	2.00000000e+02	2.36000000e+02	3.27000000e+02
84	5.62828000e+05	2.00000000e+02	2.36000000e+02	3.27000000e+02
85	5.64639000e+05	2.00000000e+02	2.36000000e+02	3.27000000e+02
86	5.66643000e+05	2.00000000e+02	2.37000000e+02	3.28000000e+02
87	5.68494000e+05	2.08000000e+02	2.38000000e+02	3.29000000e+02
88	5.69790000e+05	2.08000000e+02	2.38000000e+02	3.29000000e+02
89	5.70936000e+05	2.08000000e+02	2.38000000e+02	3.29000000e+02
90	5.71995000e+05	2.01000000e+02	2.39000000e+02	3.31000000e+02
91	5.73076000e+05	2.11000000e+02	2.41000000e+02	3.33000000e+02
92	5.74499000e+05	2.11000000e+02	2.41000000e+02	3.33000000e+02
93	5.76542000e+05	2.11000000e+02	2.41000000e+02	3.33000000e+02
94	5.78605000e+05	2.11000000e+02	2.41000000e+02	3.33000000e+02
95	5.80448000e+05	2.11000000e+02	2.41000000e+02	3.33000000e+02
96	5.81963000e+05	2.11000000e+02	2.41000000e+02	3.33000000e+02
97	5.83273000e+05	2.11000000e+02	2.41000000e+02	3.33000000e+02
98	5.84752000e+05	2.11000000e+02	2.41000000e+02	3.33000000e+02
99	5.86589000e+05	2.11000000e+02	2.41000000e+02	3.33000000e+02
100	5.88673000e+05	2.11000000e+02	2.41000000e+02	3.33000000e+02
