Day_(movie_time)	Views	Users	Rigor	Edits
-500	0.00000000e+00	1.19000000e+02	1.81000000e+02	2.86000000e+02
-499	9.75000000e+03	1.23000000e+02	1.85000000e+02	2.91000000e+02
-498	1.89390000e+04	1.26000000e+02	1.89000000e+02	2.97000000e+02
-497	2.65520000e+04	1.25000000e+02	1.91000000e+02	2.99000000e+02
-496	3.38670000e+04	1.25000000e+02	1.91000000e+02	2.99000000e+02
-495	3.88030000e+04	1.25000000e+02	1.91000000e+02	2.99000000e+02
-494	4.38780000e+04	1.25000000e+02	1.91000000e+02	2.99000000e+02
-493	4.93070000e+04	1.25000000e+02	1.91000000e+02	2.99000000e+02
-492	5.44410000e+04	1.25000000e+02	1.91000000e+02	2.99000000e+02
-491	5.92770000e+04	1.33000000e+02	1.95000000e+02	3.03000000e+02
-490	6.34220000e+04	1.33000000e+02	1.95000000e+02	3.03000000e+02
-489	6.79010000e+04	1.32000000e+02	1.96000000e+02	3.04000000e+02
-488	7.16370000e+04	1.30000000e+02	1.99000000e+02	3.09000000e+02
-487	7.54150000e+04	1.30000000e+02	1.99000000e+02	3.09000000e+02
-486	8.01190000e+04	1.30000000e+02	1.99000000e+02	3.09000000e+02
-485	8.43480000e+04	1.35000000e+02	2.00000000e+02	3.10000000e+02
-484	8.83870000e+04	1.36000000e+02	2.01000000e+02	3.12000000e+02
-483	9.20900000e+04	1.36000000e+02	2.01000000e+02	3.12000000e+02
-482	9.62000000e+04	1.36000000e+02	2.01000000e+02	3.12000000e+02
-481	9.94940000e+04	1.36000000e+02	2.01000000e+02	3.12000000e+02
-480	1.02934000e+05	1.36000000e+02	2.01000000e+02	3.12000000e+02
-479	1.06575000e+05	1.36000000e+02	2.01000000e+02	3.12000000e+02
-478	1.10026000e+05	1.36000000e+02	2.01000000e+02	3.12000000e+02
-477	1.13038000e+05	1.36000000e+02	2.01000000e+02	3.12000000e+02
-476	1.16181000e+05	1.36000000e+02	2.01000000e+02	3.12000000e+02
-475	1.19290000e+05	1.36000000e+02	2.02000000e+02	3.13000000e+02
-474	1.22409000e+05	1.39000000e+02	2.03000000e+02	3.14000000e+02
-473	1.26056000e+05	1.35000000e+02	2.04000000e+02	3.15000000e+02
-472	1.30038000e+05	1.38000000e+02	2.06000000e+02	3.18000000e+02
-471	1.33586000e+05	1.38000000e+02	2.06000000e+02	3.18000000e+02
-470	1.37482000e+05	1.38000000e+02	2.06000000e+02	3.18000000e+02
-469	1.41255000e+05	1.38000000e+02	2.06000000e+02	3.18000000e+02
-468	1.46257000e+05	1.41000000e+02	2.14000000e+02	3.27000000e+02
-467	1.50380000e+05	1.43000000e+02	2.17000000e+02	3.31000000e+02
-466	1.54417000e+05	1.43000000e+02	2.17000000e+02	3.31000000e+02
-465	1.58123000e+05	1.48000000e+02	2.18000000e+02	3.32000000e+02
-464	1.61745000e+05	1.48000000e+02	2.18000000e+02	3.32000000e+02
-463	1.65057000e+05	1.47000000e+02	2.20000000e+02	3.34000000e+02
-462	1.68098000e+05	1.46000000e+02	2.21000000e+02	3.35000000e+02
-461	1.71819000e+05	1.44000000e+02	2.24000000e+02	3.39000000e+02
-460	1.75427000e+05	1.44000000e+02	2.24000000e+02	3.39000000e+02
-459	1.80897000e+05	1.44000000e+02	2.24000000e+02	3.39000000e+02
-458	1.85510000e+05	1.47000000e+02	2.27000000e+02	3.42000000e+02
-457	1.89532000e+05	1.51000000e+02	2.28000000e+02	3.44000000e+02
-456	1.92960000e+05	1.51000000e+02	2.28000000e+02	3.44000000e+02
-455	1.96168000e+05	1.52000000e+02	2.29000000e+02	3.45000000e+02
-454	1.99615000e+05	1.52000000e+02	2.29000000e+02	3.45000000e+02
-453	2.02762000e+05	1.52000000e+02	2.29000000e+02	3.45000000e+02
-452	2.05739000e+05	1.52000000e+02	2.31000000e+02	3.47000000e+02
-451	2.05739000e+05	1.52000000e+02	2.31000000e+02	3.47000000e+02
-450	2.08636000e+05	1.52000000e+02	2.31000000e+02	3.47000000e+02
-449	2.08636000e+05	1.52000000e+02	2.31000000e+02	3.47000000e+02
-448	2.08636000e+05	1.52000000e+02	2.31000000e+02	3.47000000e+02
-447	2.08636000e+05	1.52000000e+02	2.31000000e+02	3.47000000e+02
-446	2.08636000e+05	1.55000000e+02	2.32000000e+02	3.48000000e+02
-445	2.08636000e+05	1.55000000e+02	2.32000000e+02	3.48000000e+02
-444	2.11398000e+05	1.55000000e+02	2.32000000e+02	3.48000000e+02
-443	2.14165000e+05	1.55000000e+02	2.32000000e+02	3.48000000e+02
-442	2.16528000e+05	1.57000000e+02	2.34000000e+02	3.50000000e+02
-441	2.18759000e+05	1.58000000e+02	2.35000000e+02	3.52000000e+02
-440	2.21104000e+05	1.58000000e+02	2.35000000e+02	3.52000000e+02
-439	2.23571000e+05	1.57000000e+02	2.36000000e+02	3.53000000e+02
-438	2.26159000e+05	1.57000000e+02	2.36000000e+02	3.53000000e+02
-437	2.28763000e+05	1.57000000e+02	2.36000000e+02	3.53000000e+02
-436	2.31674000e+05	1.60000000e+02	2.39000000e+02	3.58000000e+02
-435	2.34648000e+05	1.60000000e+02	2.39000000e+02	3.58000000e+02
-434	2.37287000e+05	1.60000000e+02	2.39000000e+02	3.58000000e+02
-433	2.40050000e+05	1.61000000e+02	2.45000000e+02	3.69000000e+02
-432	2.42351000e+05	1.61000000e+02	2.45000000e+02	3.69000000e+02
-431	2.44841000e+05	1.64000000e+02	2.46000000e+02	3.72000000e+02
-430	2.47760000e+05	1.64000000e+02	2.46000000e+02	3.72000000e+02
-429	2.50852000e+05	1.64000000e+02	2.46000000e+02	3.72000000e+02
-428	2.50852000e+05	1.64000000e+02	2.46000000e+02	3.72000000e+02
-427	2.50852000e+05	1.64000000e+02	2.46000000e+02	3.72000000e+02
-426	2.50852000e+05	1.67000000e+02	2.47000000e+02	3.74000000e+02
-425	2.52977000e+05	1.67000000e+02	2.47000000e+02	3.74000000e+02
-424	2.55165000e+05	1.67000000e+02	2.47000000e+02	3.74000000e+02
-423	2.57520000e+05	1.67000000e+02	2.47000000e+02	3.74000000e+02
-422	2.59852000e+05	1.67000000e+02	2.47000000e+02	3.74000000e+02
-421	2.62184000e+05	1.67000000e+02	2.47000000e+02	3.74000000e+02
-420	2.64737000e+05	1.73000000e+02	2.52000000e+02	3.79000000e+02
-419	2.67181000e+05	1.73000000e+02	2.52000000e+02	3.79000000e+02
-418	2.69750000e+05	1.73000000e+02	2.52000000e+02	3.79000000e+02
-417	2.72311000e+05	1.73000000e+02	2.52000000e+02	3.79000000e+02
-416	2.75119000e+05	1.73000000e+02	2.52000000e+02	3.79000000e+02
-415	2.77821000e+05	1.73000000e+02	2.52000000e+02	3.79000000e+02
-414	2.80476000e+05	1.73000000e+02	2.54000000e+02	3.81000000e+02
-413	2.82918000e+05	1.73000000e+02	2.54000000e+02	3.81000000e+02
-412	2.85371000e+05	1.71000000e+02	2.56000000e+02	3.83000000e+02
-411	2.87565000e+05	1.71000000e+02	2.56000000e+02	3.83000000e+02
-410	2.89776000e+05	1.73000000e+02	2.57000000e+02	3.84000000e+02
-409	2.92318000e+05	1.73000000e+02	2.57000000e+02	3.84000000e+02
-408	2.95212000e+05	1.73000000e+02	2.57000000e+02	3.84000000e+02
-407	2.98063000e+05	1.73000000e+02	2.57000000e+02	3.84000000e+02
-406	3.00870000e+05	1.73000000e+02	2.57000000e+02	3.84000000e+02
-405	3.03872000e+05	1.73000000e+02	2.57000000e+02	3.84000000e+02
-404	3.06563000e+05	1.73000000e+02	2.58000000e+02	3.85000000e+02
-403	3.09707000e+05	1.73000000e+02	2.58000000e+02	3.85000000e+02
-402	3.12611000e+05	1.73000000e+02	2.58000000e+02	3.85000000e+02
-401	3.15073000e+05	1.73000000e+02	2.58000000e+02	3.85000000e+02
-400	3.17641000e+05	1.73000000e+02	2.58000000e+02	3.85000000e+02
-399	3.20103000e+05	1.73000000e+02	2.58000000e+02	3.85000000e+02
-398	3.22515000e+05	1.73000000e+02	2.58000000e+02	3.85000000e+02
-397	3.24845000e+05	1.73000000e+02	2.58000000e+02	3.85000000e+02
-396	3.24845000e+05	1.73000000e+02	2.58000000e+02	3.85000000e+02
-395	3.27367000e+05	1.78000000e+02	2.62000000e+02	3.91000000e+02
-394	3.29460000e+05	1.78000000e+02	2.62000000e+02	3.91000000e+02
-393	3.31323000e+05	1.78000000e+02	2.62000000e+02	3.91000000e+02
-392	3.33539000e+05	1.78000000e+02	2.62000000e+02	3.91000000e+02
-391	3.35939000e+05	1.78000000e+02	2.62000000e+02	3.91000000e+02
-390	3.38037000e+05	1.78000000e+02	2.62000000e+02	3.91000000e+02
-389	3.38037000e+05	1.78000000e+02	2.62000000e+02	3.91000000e+02
-388	3.40607000e+05	1.78000000e+02	2.62000000e+02	3.91000000e+02
-387	3.42986000e+05	1.78000000e+02	2.62000000e+02	3.91000000e+02
-386	3.45519000e+05	1.77000000e+02	2.65000000e+02	3.94000000e+02
-385	3.47524000e+05	1.77000000e+02	2.65000000e+02	3.94000000e+02
-384	3.49766000e+05	1.77000000e+02	2.65000000e+02	3.94000000e+02
-383	3.52073000e+05	1.77000000e+02	2.65000000e+02	3.94000000e+02
-382	3.54518000e+05	1.77000000e+02	2.65000000e+02	3.94000000e+02
-381	3.57010000e+05	1.77000000e+02	2.65000000e+02	3.94000000e+02
-380	3.59515000e+05	1.77000000e+02	2.65000000e+02	3.94000000e+02
-379	3.61825000e+05	1.81000000e+02	2.66000000e+02	3.95000000e+02
-378	3.64361000e+05	1.79000000e+02	2.68000000e+02	3.97000000e+02
-377	3.67033000e+05	1.83000000e+02	2.70000000e+02	3.99000000e+02
-376	3.69394000e+05	1.83000000e+02	2.70000000e+02	3.99000000e+02
-375	3.71874000e+05	1.82000000e+02	2.71000000e+02	4.00000000e+02
-374	3.74420000e+05	1.82000000e+02	2.71000000e+02	4.00000000e+02
-373	3.76712000e+05	1.88000000e+02	2.73000000e+02	4.02000000e+02
-372	3.80042000e+05	1.86000000e+02	2.76000000e+02	4.06000000e+02
-371	3.86869000e+05	1.90000000e+02	2.77000000e+02	4.07000000e+02
-370	3.92117000e+05	1.90000000e+02	2.77000000e+02	4.07000000e+02
-369	3.96292000e+05	1.85000000e+02	2.78000000e+02	4.09000000e+02
-368	4.01769000e+05	1.86000000e+02	2.81000000e+02	4.12000000e+02
-367	4.06958000e+05	1.91000000e+02	2.85000000e+02	4.16000000e+02
-366	4.10813000e+05	1.86000000e+02	2.88000000e+02	4.20000000e+02
-365	4.14337000e+05	1.86000000e+02	2.88000000e+02	4.20000000e+02
-364	4.18027000e+05	1.86000000e+02	2.88000000e+02	4.20000000e+02
-363	4.21977000e+05	1.86000000e+02	2.91000000e+02	4.24000000e+02
-362	4.25245000e+05	1.86000000e+02	2.91000000e+02	4.24000000e+02
-361	4.28490000e+05	1.86000000e+02	2.91000000e+02	4.24000000e+02
-360	4.32448000e+05	1.86000000e+02	2.91000000e+02	4.24000000e+02
-359	4.35829000e+05	1.86000000e+02	2.91000000e+02	4.24000000e+02
-358	4.39783000e+05	1.86000000e+02	2.91000000e+02	4.24000000e+02
-357	4.42629000e+05	1.97000000e+02	2.92000000e+02	4.25000000e+02
-356	4.44665000e+05	1.97000000e+02	2.92000000e+02	4.25000000e+02
-355	4.47119000e+05	1.97000000e+02	2.92000000e+02	4.25000000e+02
-354	4.49807000e+05	1.97000000e+02	2.92000000e+02	4.25000000e+02
-353	4.53250000e+05	1.97000000e+02	2.92000000e+02	4.25000000e+02
-352	4.56740000e+05	1.97000000e+02	2.92000000e+02	4.25000000e+02
-351	4.59915000e+05	1.97000000e+02	2.92000000e+02	4.25000000e+02
-350	4.63587000e+05	1.97000000e+02	2.92000000e+02	4.25000000e+02
-349	4.67083000e+05	1.97000000e+02	2.92000000e+02	4.25000000e+02
-348	4.71169000e+05	1.97000000e+02	2.92000000e+02	4.25000000e+02
-347	4.75105000e+05	1.95000000e+02	2.93000000e+02	4.26000000e+02
-346	4.78793000e+05	1.95000000e+02	2.93000000e+02	4.26000000e+02
-345	4.82118000e+05	1.98000000e+02	2.94000000e+02	4.27000000e+02
-344	4.86090000e+05	1.98000000e+02	2.94000000e+02	4.27000000e+02
-343	4.90008000e+05	1.98000000e+02	2.94000000e+02	4.27000000e+02
-342	4.93776000e+05	1.98000000e+02	2.94000000e+02	4.27000000e+02
-341	4.97424000e+05	1.93000000e+02	2.95000000e+02	4.28000000e+02
-340	5.00718000e+05	1.93000000e+02	2.95000000e+02	4.28000000e+02
-339	5.04293000e+05	1.93000000e+02	2.95000000e+02	4.28000000e+02
-338	5.08022000e+05	1.93000000e+02	2.95000000e+02	4.28000000e+02
-337	5.11759000e+05	1.97000000e+02	2.98000000e+02	4.31000000e+02
-336	5.15062000e+05	2.00000000e+02	3.01000000e+02	4.34000000e+02
-335	5.18917000e+05	2.04000000e+02	3.03000000e+02	4.38000000e+02
-334	5.22849000e+05	2.05000000e+02	3.05000000e+02	4.41000000e+02
-333	5.26615000e+05	2.05000000e+02	3.05000000e+02	4.41000000e+02
-332	5.32878000e+05	1.96000000e+02	3.07000000e+02	4.43000000e+02
-331	5.36986000e+05	1.96000000e+02	3.07000000e+02	4.43000000e+02
-330	5.40502000e+05	2.03000000e+02	3.09000000e+02	4.45000000e+02
-329	5.44297000e+05	2.04000000e+02	3.09000000e+02	4.46000000e+02
-328	5.48363000e+05	2.08000000e+02	3.14000000e+02	4.51000000e+02
-327	5.48363000e+05	2.08000000e+02	3.14000000e+02	4.51000000e+02
-326	5.48363000e+05	2.06000000e+02	3.15000000e+02	4.52000000e+02
-325	5.53740000e+05	2.08000000e+02	3.16000000e+02	4.53000000e+02
-324	5.58031000e+05	2.08000000e+02	3.16000000e+02	4.53000000e+02
-323	5.62406000e+05	2.08000000e+02	3.16000000e+02	4.53000000e+02
-322	5.66460000e+05	2.11000000e+02	3.17000000e+02	4.54000000e+02
-321	5.70100000e+05	2.11000000e+02	3.17000000e+02	4.54000000e+02
-320	5.73619000e+05	2.11000000e+02	3.17000000e+02	4.54000000e+02
-319	5.76946000e+05	2.13000000e+02	3.18000000e+02	4.55000000e+02
-318	5.81184000e+05	2.13000000e+02	3.18000000e+02	4.55000000e+02
-317	5.84799000e+05	2.13000000e+02	3.18000000e+02	4.55000000e+02
-316	5.89243000e+05	2.13000000e+02	3.18000000e+02	4.55000000e+02
-315	5.92870000e+05	2.05000000e+02	3.20000000e+02	4.57000000e+02
-314	5.96271000e+05	2.08000000e+02	3.22000000e+02	4.59000000e+02
-313	5.99494000e+05	2.08000000e+02	3.22000000e+02	4.59000000e+02
-312	6.03212000e+05	2.08000000e+02	3.22000000e+02	4.59000000e+02
-311	6.03212000e+05	2.12000000e+02	3.25000000e+02	4.62000000e+02
-310	6.06579000e+05	2.12000000e+02	3.25000000e+02	4.62000000e+02
-309	6.09896000e+05	2.12000000e+02	3.25000000e+02	4.62000000e+02
-308	6.13123000e+05	2.12000000e+02	3.25000000e+02	4.62000000e+02
-307	6.16384000e+05	2.14000000e+02	3.27000000e+02	4.64000000e+02
-306	6.20739000e+05	2.14000000e+02	3.27000000e+02	4.64000000e+02
-305	6.25194000e+05	2.14000000e+02	3.27000000e+02	4.64000000e+02
-304	6.29779000e+05	2.14000000e+02	3.27000000e+02	4.64000000e+02
-303	6.33389000e+05	2.14000000e+02	3.27000000e+02	4.64000000e+02
-302	6.36299000e+05	2.14000000e+02	3.27000000e+02	4.64000000e+02
-301	6.39626000e+05	2.14000000e+02	3.27000000e+02	4.64000000e+02
-300	6.42617000e+05	2.14000000e+02	3.27000000e+02	4.64000000e+02
-299	6.45732000e+05	2.14000000e+02	3.28000000e+02	4.65000000e+02
-298	6.49064000e+05	2.14000000e+02	3.29000000e+02	4.67000000e+02
-297	6.52416000e+05	2.14000000e+02	3.31000000e+02	4.69000000e+02
-296	6.52416000e+05	2.14000000e+02	3.31000000e+02	4.69000000e+02
-295	6.55550000e+05	2.14000000e+02	3.31000000e+02	4.69000000e+02
-294	6.58611000e+05	2.23000000e+02	3.34000000e+02	4.72000000e+02
-293	6.61720000e+05	2.19000000e+02	3.36000000e+02	4.74000000e+02
-292	6.65419000e+05	2.19000000e+02	3.36000000e+02	4.74000000e+02
-291	6.71130000e+05	2.19000000e+02	3.36000000e+02	4.74000000e+02
-290	6.76091000e+05	2.27000000e+02	3.37000000e+02	4.75000000e+02
-289	6.80124000e+05	2.29000000e+02	3.38000000e+02	4.76000000e+02
-288	6.83647000e+05	2.27000000e+02	3.40000000e+02	4.78000000e+02
-287	6.88247000e+05	2.23000000e+02	3.43000000e+02	4.81000000e+02
-286	6.93488000e+05	2.24000000e+02	3.46000000e+02	4.84000000e+02
-285	6.98989000e+05	2.31000000e+02	3.49000000e+02	4.87000000e+02
-284	7.05144000e+05	2.30000000e+02	3.51000000e+02	4.89000000e+02
-283	7.18436000e+05	2.30000000e+02	3.51000000e+02	4.89000000e+02
-282	7.51475000e+05	2.31000000e+02	3.57000000e+02	4.97000000e+02
-281	7.87689000e+05	2.38000000e+02	3.64000000e+02	5.05000000e+02
-280	8.13073000e+05	2.48000000e+02	3.72000000e+02	5.18000000e+02
-279	8.33627000e+05	2.44000000e+02	3.75000000e+02	5.22000000e+02
-278	8.48869000e+05	2.53000000e+02	3.77000000e+02	5.24000000e+02
-277	8.61273000e+05	2.50000000e+02	3.80000000e+02	5.27000000e+02
-276	8.72378000e+05	2.51000000e+02	4.05000000e+02	5.54000000e+02
-275	8.81212000e+05	2.57000000e+02	4.07000000e+02	5.56000000e+02
-274	8.88964000e+05	2.55000000e+02	4.12000000e+02	5.65000000e+02
-273	8.89277000e+05	2.55000000e+02	4.12000000e+02	5.65000000e+02
-272	8.89720000e+05	2.55000000e+02	4.12000000e+02	5.65000000e+02
-271	8.90223000e+05	2.55000000e+02	4.12000000e+02	5.65000000e+02
-270	8.90787000e+05	2.55000000e+02	4.12000000e+02	5.65000000e+02
-269	8.91342000e+05	2.52000000e+02	4.15000000e+02	5.69000000e+02
-268	8.91925000e+05	2.63000000e+02	4.18000000e+02	5.75000000e+02
-267	8.92657000e+05	2.63000000e+02	4.18000000e+02	5.75000000e+02
-266	8.93779000e+05	2.63000000e+02	4.18000000e+02	5.75000000e+02
-265	8.94988000e+05	2.63000000e+02	4.18000000e+02	5.75000000e+02
-264	8.96274000e+05	2.67000000e+02	4.20000000e+02	5.77000000e+02
-263	8.97695000e+05	2.64000000e+02	4.21000000e+02	5.79000000e+02
-262	8.99053000e+05	2.64000000e+02	4.22000000e+02	5.80000000e+02
-261	9.00178000e+05	2.64000000e+02	4.22000000e+02	5.80000000e+02
-260	9.01423000e+05	2.71000000e+02	4.23000000e+02	5.81000000e+02
-259	9.02450000e+05	2.71000000e+02	4.23000000e+02	5.81000000e+02
-258	9.03766000e+05	2.71000000e+02	4.23000000e+02	5.81000000e+02
-257	9.04841000e+05	2.72000000e+02	4.25000000e+02	5.83000000e+02
-256	9.05992000e+05	2.70000000e+02	4.26000000e+02	5.84000000e+02
-255	9.07204000e+05	2.74000000e+02	4.27000000e+02	5.85000000e+02
-254	9.08281000e+05	2.70000000e+02	4.28000000e+02	5.86000000e+02
-253	9.09622000e+05	2.66000000e+02	4.29000000e+02	5.87000000e+02
-252	9.11901000e+05	2.67000000e+02	4.30000000e+02	5.88000000e+02
-251	9.13740000e+05	2.67000000e+02	4.30000000e+02	5.88000000e+02
-250	9.14947000e+05	2.70000000e+02	4.32000000e+02	5.92000000e+02
-249	9.16078000e+05	2.70000000e+02	4.32000000e+02	5.92000000e+02
-248	9.17198000e+05	2.83000000e+02	4.36000000e+02	5.96000000e+02
-247	9.18397000e+05	2.83000000e+02	4.36000000e+02	5.96000000e+02
-246	9.19285000e+05	2.87000000e+02	4.37000000e+02	5.98000000e+02
-245	9.20369000e+05	2.87000000e+02	4.37000000e+02	5.98000000e+02
-244	9.21357000e+05	2.79000000e+02	4.40000000e+02	6.01000000e+02
-243	9.22445000e+05	2.79000000e+02	4.40000000e+02	6.01000000e+02
-242	9.23430000e+05	2.76000000e+02	4.43000000e+02	6.04000000e+02
-241	9.24305000e+05	2.76000000e+02	4.43000000e+02	6.04000000e+02
-240	9.25194000e+05	2.88000000e+02	4.44000000e+02	6.06000000e+02
-239	9.26444000e+05	2.88000000e+02	4.44000000e+02	6.06000000e+02
-238	9.27244000e+05	2.90000000e+02	4.45000000e+02	6.07000000e+02
-237	9.28174000e+05	2.90000000e+02	4.45000000e+02	6.07000000e+02
-236	9.29117000e+05	2.86000000e+02	4.46000000e+02	6.08000000e+02
-235	9.30069000e+05	2.92000000e+02	4.47000000e+02	6.09000000e+02
-234	9.31063000e+05	2.98000000e+02	4.48000000e+02	6.10000000e+02
-233	9.32159000e+05	2.98000000e+02	4.48000000e+02	6.10000000e+02
-232	9.33235000e+05	2.98000000e+02	4.48000000e+02	6.10000000e+02
-231	9.34266000e+05	2.98000000e+02	4.48000000e+02	6.10000000e+02
-230	9.35182000e+05	2.98000000e+02	4.48000000e+02	6.10000000e+02
-229	9.36451000e+05	2.98000000e+02	4.48000000e+02	6.10000000e+02
-228	9.37876000e+05	2.98000000e+02	4.48000000e+02	6.10000000e+02
-227	9.39233000e+05	2.98000000e+02	4.48000000e+02	6.10000000e+02
-226	9.40435000e+05	2.84000000e+02	4.49000000e+02	6.11000000e+02
-225	9.41550000e+05	2.84000000e+02	4.49000000e+02	6.11000000e+02
-224	9.42717000e+05	2.88000000e+02	4.54000000e+02	6.16000000e+02
-223	9.44132000e+05	2.88000000e+02	4.54000000e+02	6.16000000e+02
-222	9.45331000e+05	2.88000000e+02	4.54000000e+02	6.16000000e+02
-221	9.46691000e+05	2.88000000e+02	4.54000000e+02	6.16000000e+02
-220	9.48117000e+05	2.88000000e+02	4.54000000e+02	6.16000000e+02
-219	9.49312000e+05	2.88000000e+02	4.54000000e+02	6.16000000e+02
-218	9.50420000e+05	2.88000000e+02	4.54000000e+02	6.16000000e+02
-217	9.51251000e+05	2.88000000e+02	4.54000000e+02	6.16000000e+02
-216	9.52351000e+05	2.88000000e+02	4.54000000e+02	6.16000000e+02
-215	9.53488000e+05	2.88000000e+02	4.54000000e+02	6.16000000e+02
-214	9.54710000e+05	2.88000000e+02	4.54000000e+02	6.16000000e+02
-213	9.55831000e+05	2.88000000e+02	4.54000000e+02	6.16000000e+02
-212	9.56730000e+05	2.88000000e+02	4.54000000e+02	6.16000000e+02
-211	9.57596000e+05	2.88000000e+02	4.54000000e+02	6.16000000e+02
-210	9.58692000e+05	2.88000000e+02	4.54000000e+02	6.16000000e+02
-209	9.59834000e+05	2.88000000e+02	4.54000000e+02	6.16000000e+02
-208	9.61113000e+05	2.88000000e+02	4.54000000e+02	6.16000000e+02
-207	9.62554000e+05	2.94000000e+02	4.58000000e+02	6.20000000e+02
-206	9.63797000e+05	2.94000000e+02	4.58000000e+02	6.20000000e+02
-205	9.64986000e+05	2.94000000e+02	4.58000000e+02	6.20000000e+02
-204	9.66141000e+05	2.94000000e+02	4.58000000e+02	6.20000000e+02
-203	9.67230000e+05	2.94000000e+02	4.58000000e+02	6.20000000e+02
-202	9.68321000e+05	2.96000000e+02	4.59000000e+02	6.21000000e+02
-201	9.69893000e+05	2.96000000e+02	4.59000000e+02	6.21000000e+02
-200	9.71485000e+05	2.96000000e+02	4.59000000e+02	6.21000000e+02
-199	9.73149000e+05	2.96000000e+02	4.59000000e+02	6.21000000e+02
-198	9.74727000e+05	2.96000000e+02	4.59000000e+02	6.21000000e+02
-197	9.76344000e+05	2.96000000e+02	4.59000000e+02	6.21000000e+02
-196	9.77925000e+05	2.96000000e+02	4.59000000e+02	6.21000000e+02
-195	9.79790000e+05	2.89000000e+02	4.63000000e+02	6.25000000e+02
-194	9.81924000e+05	2.91000000e+02	4.65000000e+02	6.30000000e+02
-193	9.83803000e+05	2.91000000e+02	4.65000000e+02	6.30000000e+02
-192	9.85525000e+05	2.91000000e+02	4.65000000e+02	6.30000000e+02
-191	9.87035000e+05	2.91000000e+02	4.65000000e+02	6.30000000e+02
-190	9.88477000e+05	2.91000000e+02	4.65000000e+02	6.30000000e+02
-189	9.89977000e+05	2.91000000e+02	4.65000000e+02	6.30000000e+02
-188	9.90899000e+05	2.91000000e+02	4.65000000e+02	6.30000000e+02
-187	9.91191000e+05	2.91000000e+02	4.65000000e+02	6.30000000e+02
-186	9.91464000e+05	2.98000000e+02	4.66000000e+02	6.31000000e+02
-185	9.91747000e+05	2.98000000e+02	4.66000000e+02	6.31000000e+02
-184	9.92426000e+05	2.98000000e+02	4.69000000e+02	6.34000000e+02
-183	9.93596000e+05	2.98000000e+02	4.69000000e+02	6.34000000e+02
-182	9.95368000e+05	2.97000000e+02	4.70000000e+02	6.35000000e+02
-181	9.97342000e+05	2.97000000e+02	4.70000000e+02	6.35000000e+02
-180	9.99409000e+05	3.05000000e+02	4.71000000e+02	6.36000000e+02
-179	1.00132300e+06	3.05000000e+02	4.71000000e+02	6.36000000e+02
-178	1.00331100e+06	3.05000000e+02	4.71000000e+02	6.36000000e+02
-177	1.00500200e+06	3.03000000e+02	4.73000000e+02	6.38000000e+02
-176	1.00655900e+06	3.11000000e+02	4.75000000e+02	6.40000000e+02
-175	1.00792800e+06	3.11000000e+02	4.75000000e+02	6.40000000e+02
-174	1.00921600e+06	3.11000000e+02	4.75000000e+02	6.40000000e+02
-173	1.00921600e+06	3.11000000e+02	4.75000000e+02	6.40000000e+02
-172	1.00985600e+06	3.11000000e+02	4.76000000e+02	6.41000000e+02
-171	1.00985600e+06	3.04000000e+02	4.77000000e+02	6.42000000e+02
-170	1.01142600e+06	3.08000000e+02	4.79000000e+02	6.51000000e+02
-169	1.01304900e+06	3.08000000e+02	4.79000000e+02	6.51000000e+02
-168	1.01463500e+06	3.11000000e+02	4.81000000e+02	6.53000000e+02
-167	1.01615500e+06	3.11000000e+02	4.81000000e+02	6.53000000e+02
-166	1.01744500e+06	3.11000000e+02	4.81000000e+02	6.53000000e+02
-165	1.01871600e+06	3.10000000e+02	4.83000000e+02	6.58000000e+02
-164	1.01871600e+06	3.10000000e+02	4.83000000e+02	6.58000000e+02
-163	1.02043900e+06	3.10000000e+02	4.84000000e+02	6.59000000e+02
-162	1.02043900e+06	3.10000000e+02	4.84000000e+02	6.59000000e+02
-161	1.02043900e+06	3.11000000e+02	4.87000000e+02	6.63000000e+02
-160	1.02043900e+06	3.13000000e+02	4.92000000e+02	6.69000000e+02
-159	1.02043900e+06	3.13000000e+02	4.92000000e+02	6.69000000e+02
-158	1.02217200e+06	3.18000000e+02	4.94000000e+02	6.72000000e+02
-157	1.02390900e+06	3.21000000e+02	4.95000000e+02	6.73000000e+02
-156	1.02604100e+06	3.22000000e+02	4.96000000e+02	6.74000000e+02
-155	1.02802500e+06	3.22000000e+02	4.96000000e+02	6.74000000e+02
-154	1.02960500e+06	3.22000000e+02	4.96000000e+02	6.74000000e+02
-153	1.03127100e+06	3.22000000e+02	4.96000000e+02	6.74000000e+02
-152	1.03399400e+06	3.22000000e+02	4.96000000e+02	6.74000000e+02
-151	1.03721300e+06	3.22000000e+02	4.96000000e+02	6.74000000e+02
-150	1.04152800e+06	3.14000000e+02	4.97000000e+02	6.75000000e+02
-149	1.04552700e+06	3.22000000e+02	4.99000000e+02	6.81000000e+02
-148	1.04919600e+06	3.22000000e+02	4.99000000e+02	6.81000000e+02
-147	1.05819200e+06	3.22000000e+02	5.01000000e+02	6.83000000e+02
-146	1.08088000e+06	3.33000000e+02	5.19000000e+02	7.10000000e+02
-145	1.09454200e+06	3.36000000e+02	5.23000000e+02	7.14000000e+02
-144	1.10681700e+06	3.45000000e+02	5.26000000e+02	7.17000000e+02
-143	1.12263600e+06	3.43000000e+02	5.37000000e+02	7.32000000e+02
-142	1.13441000e+06	3.47000000e+02	5.39000000e+02	7.34000000e+02
-141	1.14323100e+06	3.47000000e+02	5.39000000e+02	7.34000000e+02
-140	1.15145400e+06	3.55000000e+02	5.44000000e+02	7.42000000e+02
-139	1.15871400e+06	3.55000000e+02	5.44000000e+02	7.42000000e+02
-138	1.16484200e+06	3.55000000e+02	5.44000000e+02	7.42000000e+02
-137	1.17032500e+06	3.55000000e+02	5.44000000e+02	7.42000000e+02
-136	1.17656000e+06	3.55000000e+02	5.44000000e+02	7.42000000e+02
-135	1.18237900e+06	3.55000000e+02	5.44000000e+02	7.42000000e+02
-134	1.18797800e+06	3.55000000e+02	5.46000000e+02	7.45000000e+02
-133	1.19278000e+06	3.57000000e+02	5.49000000e+02	7.48000000e+02
-132	1.19786900e+06	3.64000000e+02	5.51000000e+02	7.50000000e+02
-131	1.20175100e+06	3.69000000e+02	5.52000000e+02	7.52000000e+02
-130	1.20562400e+06	3.66000000e+02	5.55000000e+02	7.56000000e+02
-129	1.21021100e+06	3.57000000e+02	5.58000000e+02	7.61000000e+02
-128	1.21437200e+06	3.73000000e+02	5.62000000e+02	7.65000000e+02
-127	1.21834400e+06	3.69000000e+02	5.64000000e+02	7.67000000e+02
-126	1.22205900e+06	3.69000000e+02	5.64000000e+02	7.67000000e+02
-125	1.22589900e+06	3.73000000e+02	5.66000000e+02	7.72000000e+02
-124	1.22957500e+06	3.59000000e+02	5.68000000e+02	7.74000000e+02
-123	1.23372800e+06	3.79000000e+02	5.69000000e+02	7.75000000e+02
-122	1.23811100e+06	3.80000000e+02	5.76000000e+02	7.84000000e+02
-121	1.24228900e+06	3.69000000e+02	5.77000000e+02	7.85000000e+02
-120	1.24604600e+06	3.69000000e+02	5.77000000e+02	7.85000000e+02
-119	1.25018600e+06	3.81000000e+02	5.78000000e+02	7.86000000e+02
-118	1.25375900e+06	3.92000000e+02	5.79000000e+02	7.87000000e+02
-117	1.25757700e+06	3.74000000e+02	5.81000000e+02	7.89000000e+02
-116	1.26165400e+06	3.82000000e+02	5.83000000e+02	7.92000000e+02
-115	1.26563900e+06	3.82000000e+02	5.83000000e+02	7.92000000e+02
-114	1.26985300e+06	3.82000000e+02	5.83000000e+02	7.92000000e+02
-113	1.27362600e+06	3.82000000e+02	5.83000000e+02	7.92000000e+02
-112	1.27756600e+06	3.82000000e+02	5.83000000e+02	7.92000000e+02
-111	1.28113100e+06	3.87000000e+02	5.86000000e+02	7.95000000e+02
-110	1.28460700e+06	3.85000000e+02	5.88000000e+02	7.97000000e+02
-109	1.28862900e+06	3.85000000e+02	5.88000000e+02	7.97000000e+02
-108	1.29314200e+06	3.83000000e+02	5.89000000e+02	7.98000000e+02
-107	1.29765900e+06	3.81000000e+02	5.92000000e+02	8.01000000e+02
-106	1.30201100e+06	3.92000000e+02	5.97000000e+02	8.07000000e+02
-105	1.30644100e+06	3.92000000e+02	5.97000000e+02	8.07000000e+02
-104	1.31056700e+06	3.96000000e+02	5.98000000e+02	8.08000000e+02
-103	1.31519300e+06	3.96000000e+02	5.99000000e+02	8.09000000e+02
-102	1.31938700e+06	3.96000000e+02	5.99000000e+02	8.09000000e+02
-101	1.32395600e+06	3.96000000e+02	5.99000000e+02	8.09000000e+02
-100	1.32814600e+06	3.96000000e+02	5.99000000e+02	8.09000000e+02
-99	1.33212200e+06	3.96000000e+02	5.99000000e+02	8.09000000e+02
-98	1.33625900e+06	3.96000000e+02	5.99000000e+02	8.09000000e+02
-97	1.34021600e+06	3.93000000e+02	6.01000000e+02	8.11000000e+02
-96	1.34560200e+06	3.94000000e+02	6.02000000e+02	8.12000000e+02
-95	1.35095500e+06	3.94000000e+02	6.02000000e+02	8.12000000e+02
-94	1.35601800e+06	3.93000000e+02	6.03000000e+02	8.13000000e+02
-93	1.36020400e+06	3.93000000e+02	6.03000000e+02	8.13000000e+02
-92	1.36441100e+06	3.95000000e+02	6.04000000e+02	8.14000000e+02
-91	1.36851900e+06	3.90000000e+02	6.05000000e+02	8.15000000e+02
-90	1.37279800e+06	3.90000000e+02	6.05000000e+02	8.15000000e+02
-89	1.37756400e+06	4.05000000e+02	6.08000000e+02	8.18000000e+02
-88	1.38193500e+06	4.05000000e+02	6.08000000e+02	8.18000000e+02
-87	1.38629300e+06	3.98000000e+02	6.10000000e+02	8.20000000e+02
-86	1.39081500e+06	3.98000000e+02	6.10000000e+02	8.20000000e+02
-85	1.39476900e+06	3.98000000e+02	6.10000000e+02	8.20000000e+02
-84	1.39878900e+06	4.05000000e+02	6.11000000e+02	8.21000000e+02
-83	1.40301200e+06	4.09000000e+02	6.12000000e+02	8.24000000e+02
-82	1.40688500e+06	4.10000000e+02	6.14000000e+02	8.27000000e+02
-81	1.41114800e+06	4.06000000e+02	6.16000000e+02	8.29000000e+02
-80	1.41650000e+06	4.12000000e+02	6.20000000e+02	8.36000000e+02
-79	1.42241800e+06	4.12000000e+02	6.20000000e+02	8.36000000e+02
-78	1.42833100e+06	4.16000000e+02	6.21000000e+02	8.37000000e+02
-77	1.43361300e+06	4.21000000e+02	6.22000000e+02	8.38000000e+02
-76	1.43831700e+06	4.08000000e+02	6.23000000e+02	8.39000000e+02
-75	1.44280900e+06	4.08000000e+02	6.23000000e+02	8.39000000e+02
-74	1.44798600e+06	4.22000000e+02	6.26000000e+02	8.42000000e+02
-73	1.45288700e+06	4.16000000e+02	6.27000000e+02	8.43000000e+02
-72	1.45773800e+06	4.11000000e+02	6.28000000e+02	8.44000000e+02
-71	1.46234600e+06	4.16000000e+02	6.30000000e+02	8.46000000e+02
-70	1.46717400e+06	4.16000000e+02	6.30000000e+02	8.46000000e+02
-69	1.47186800e+06	4.16000000e+02	6.30000000e+02	8.46000000e+02
-68	1.47662000e+06	4.16000000e+02	6.30000000e+02	8.46000000e+02
-67	1.48186700e+06	4.32000000e+02	6.34000000e+02	8.51000000e+02
-66	1.48775900e+06	4.31000000e+02	6.36000000e+02	8.53000000e+02
-65	1.49405200e+06	4.35000000e+02	6.41000000e+02	8.60000000e+02
-64	1.50154200e+06	4.35000000e+02	6.41000000e+02	8.60000000e+02
-63	1.50842500e+06	4.29000000e+02	6.42000000e+02	8.61000000e+02
-62	1.51426400e+06	4.30000000e+02	6.43000000e+02	8.62000000e+02
-61	1.51948400e+06	4.41000000e+02	6.48000000e+02	8.69000000e+02
-60	1.52505500e+06	4.41000000e+02	6.48000000e+02	8.69000000e+02
-59	1.53125100e+06	4.37000000e+02	6.49000000e+02	8.71000000e+02
-58	1.53747500e+06	4.37000000e+02	6.49000000e+02	8.71000000e+02
-57	1.54435800e+06	4.50000000e+02	6.54000000e+02	8.76000000e+02
-56	1.55103800e+06	4.42000000e+02	6.55000000e+02	8.77000000e+02
-55	1.55804800e+06	4.38000000e+02	6.56000000e+02	8.78000000e+02
-54	1.56497700e+06	4.49000000e+02	6.57000000e+02	8.79000000e+02
-53	1.57201800e+06	4.42000000e+02	6.60000000e+02	8.82000000e+02
-52	1.57936000e+06	4.42000000e+02	6.60000000e+02	8.82000000e+02
-51	1.58865900e+06	4.52000000e+02	6.64000000e+02	8.88000000e+02
-50	1.60426900e+06	4.52000000e+02	6.67000000e+02	8.91000000e+02
-49	1.62495600e+06	4.61000000e+02	6.70000000e+02	8.95000000e+02
-48	1.63795700e+06	4.38000000e+02	6.75000000e+02	9.00000000e+02
-47	1.64872300e+06	4.55000000e+02	6.82000000e+02	9.08000000e+02
-46	1.66002000e+06	4.45000000e+02	6.84000000e+02	9.11000000e+02
-45	1.67235800e+06	4.45000000e+02	6.84000000e+02	9.11000000e+02
-44	1.68344100e+06	4.43000000e+02	6.87000000e+02	9.15000000e+02
-43	1.69317500e+06	4.64000000e+02	6.90000000e+02	9.20000000e+02
-42	1.70335800e+06	4.73000000e+02	6.92000000e+02	9.23000000e+02
-41	1.71319300e+06	4.84000000e+02	6.94000000e+02	9.25000000e+02
-40	1.72270100e+06	4.69000000e+02	6.97000000e+02	9.28000000e+02
-39	1.73213300e+06	4.69000000e+02	6.97000000e+02	9.28000000e+02
-38	1.74368900e+06	4.69000000e+02	6.97000000e+02	9.28000000e+02
-37	1.76122500e+06	4.65000000e+02	7.00000000e+02	9.31000000e+02
-36	1.78686600e+06	4.72000000e+02	7.04000000e+02	9.35000000e+02
-35	1.80143500e+06	4.86000000e+02	7.10000000e+02	9.42000000e+02
-34	1.81297700e+06	4.87000000e+02	7.21000000e+02	9.54000000e+02
-33	1.82273900e+06	4.99000000e+02	7.24000000e+02	9.57000000e+02
-32	1.83314600e+06	4.82000000e+02	7.25000000e+02	9.58000000e+02
-31	1.84524600e+06	4.82000000e+02	7.25000000e+02	9.58000000e+02
-30	1.85591800e+06	4.82000000e+02	7.25000000e+02	9.58000000e+02
-29	1.86731800e+06	4.82000000e+02	7.33000000e+02	9.68000000e+02
-28	1.88008500e+06	4.99000000e+02	7.38000000e+02	9.73000000e+02
-27	1.89189900e+06	4.98000000e+02	7.44000000e+02	9.79000000e+02
-26	1.90437500e+06	5.13000000e+02	7.45000000e+02	9.80000000e+02
-25	1.92130000e+06	5.15000000e+02	7.47000000e+02	9.83000000e+02
-24	1.93912300e+06	4.93000000e+02	7.50000000e+02	9.86000000e+02
-23	1.95749900e+06	4.95000000e+02	7.52000000e+02	9.89000000e+02
-22	1.97533100e+06	5.20000000e+02	7.60000000e+02	9.98000000e+02
-21	1.99386000e+06	4.86000000e+02	7.64000000e+02	1.00400000e+03
-20	2.01316400e+06	4.88000000e+02	7.67000000e+02	1.00700000e+03
-19	2.03126200e+06	4.90000000e+02	7.69000000e+02	1.00900000e+03
-18	2.05176600e+06	4.98000000e+02	7.79000000e+02	1.02200000e+03
-17	2.07676600e+06	4.99000000e+02	7.81000000e+02	1.02500000e+03
-16	2.09946400e+06	5.02000000e+02	7.85000000e+02	1.02900000e+03
-15	2.12263300e+06	5.06000000e+02	7.92000000e+02	1.03800000e+03
-14	2.14768200e+06	5.07000000e+02	7.95000000e+02	1.04200000e+03
-13	2.17271200e+06	5.10000000e+02	7.99000000e+02	1.04600000e+03
-12	2.19670100e+06	5.16000000e+02	8.07000000e+02	1.05700000e+03
-11	2.22505500e+06	5.21000000e+02	8.14000000e+02	1.06400000e+03
-10	2.25796100e+06	5.27000000e+02	8.24000000e+02	1.07700000e+03
-9	2.29482900e+06	5.33000000e+02	8.36000000e+02	1.09000000e+03
-8	2.33613900e+06	5.47000000e+02	8.60000000e+02	1.12000000e+03
-7	2.37466000e+06	5.54000000e+02	8.77000000e+02	1.14300000e+03
-6	2.41018400e+06	5.60000000e+02	8.88000000e+02	1.15500000e+03
-5	2.44366300e+06	5.65000000e+02	8.94000000e+02	1.16100000e+03
-4	2.48409100e+06	5.72000000e+02	9.02000000e+02	1.16900000e+03
-3	2.52654700e+06	5.81000000e+02	9.17000000e+02	1.18400000e+03
-2	2.56883400e+06	5.98000000e+02	9.39000000e+02	1.21100000e+03
-1	2.61680500e+06	6.15000000e+02	9.61000000e+02	1.24100000e+03
0	2.68125200e+06	6.32000000e+02	9.90000000e+02	1.27700000e+03
1	2.78493700e+06	6.86000000e+02	1.05500000e+03	1.36300000e+03
2	2.91465200e+06	7.53000000e+02	1.14200000e+03	1.46800000e+03
3	3.03672800e+06	8.07000000e+02	1.22500000e+03	1.58900000e+03
4	3.16841300e+06	8.58000000e+02	1.29000000e+03	1.67500000e+03
5	3.25889000e+06	8.80000000e+02	1.31800000e+03	1.71300000e+03
6	3.34434600e+06	8.98000000e+02	1.35300000e+03	1.75800000e+03
7	3.41848500e+06	9.27000000e+02	1.38700000e+03	1.79800000e+03
8	3.47864700e+06	9.44000000e+02	1.42400000e+03	1.85000000e+03
9	3.52295500e+06	9.55000000e+02	1.44500000e+03	1.87900000e+03
10	3.58012600e+06	9.64000000e+02	1.45900000e+03	1.89500000e+03
11	3.64376400e+06	9.76000000e+02	1.48100000e+03	1.91800000e+03
12	3.70429400e+06	9.91000000e+02	1.51300000e+03	1.96600000e+03
13	3.76864800e+06	1.01300000e+03	1.55500000e+03	2.03100000e+03
14	3.82922700e+06	1.03100000e+03	1.58800000e+03	2.07700000e+03
15	3.88026100e+06	1.04000000e+03	1.61400000e+03	2.11800000e+03
16	3.92274600e+06	1.05400000e+03	1.64000000e+03	2.14700000e+03
17	3.97699500e+06	1.06300000e+03	1.65400000e+03	2.16300000e+03
18	4.02778400e+06	1.07100000e+03	1.66600000e+03	2.17700000e+03
19	4.06673100e+06	1.08400000e+03	1.68600000e+03	2.20600000e+03
20	4.10210200e+06	1.09100000e+03	1.69900000e+03	2.22000000e+03
21	4.13523700e+06	1.10200000e+03	1.72000000e+03	2.24400000e+03
22	4.16665800e+06	1.10400000e+03	1.72600000e+03	2.25000000e+03
23	4.19748800e+06	1.10800000e+03	1.73800000e+03	2.26700000e+03
24	4.23217200e+06	1.11100000e+03	1.74600000e+03	2.27500000e+03
25	4.26272800e+06	1.11700000e+03	1.75900000e+03	2.29600000e+03
26	4.28643900e+06	1.12400000e+03	1.77200000e+03	2.31300000e+03
27	4.30798200e+06	1.12900000e+03	1.78200000e+03	2.32500000e+03
28	4.32948800e+06	1.13300000e+03	1.78900000e+03	2.33300000e+03
29	4.34979700e+06	1.13600000e+03	1.79500000e+03	2.34200000e+03
30	4.37020700e+06	1.14400000e+03	1.80500000e+03	2.35400000e+03
31	4.39363200e+06	1.14900000e+03	1.81500000e+03	2.37100000e+03
32	4.41632600e+06	1.15100000e+03	1.81900000e+03	2.37600000e+03
33	4.43545100e+06	1.15500000e+03	1.82600000e+03	2.38300000e+03
34	4.45132400e+06	1.15900000e+03	1.83400000e+03	2.39400000e+03
35	4.46663300e+06	1.16600000e+03	1.84200000e+03	2.40300000e+03
36	4.48045800e+06	1.16900000e+03	1.84900000e+03	2.41200000e+03
37	4.49607600e+06	1.17000000e+03	1.85100000e+03	2.41500000e+03
38	4.51430700e+06	1.17300000e+03	1.85500000e+03	2.41900000e+03
39	4.53050700e+06	1.17300000e+03	1.85900000e+03	2.42400000e+03
40	4.54440900e+06	1.17500000e+03	1.86400000e+03	2.43100000e+03
41	4.55734000e+06	1.17600000e+03	1.86900000e+03	2.43700000e+03
42	4.56976800e+06	1.18100000e+03	1.87800000e+03	2.44700000e+03
43	4.58236300e+06	1.18700000e+03	1.88700000e+03	2.45800000e+03
44	4.59587100e+06	1.18900000e+03	1.89200000e+03	2.46400000e+03
45	4.61123100e+06	1.19400000e+03	1.89900000e+03	2.47100000e+03
46	4.62614800e+06	1.19600000e+03	1.91300000e+03	2.49300000e+03
47	4.63893200e+06	1.20000000e+03	1.91800000e+03	2.49900000e+03
48	4.65051500e+06	1.20000000e+03	1.92100000e+03	2.50300000e+03
49	4.66238400e+06	1.20100000e+03	1.92400000e+03	2.50700000e+03
50	4.67430500e+06	1.20400000e+03	1.92900000e+03	2.51300000e+03
51	4.68470800e+06	1.20800000e+03	1.93800000e+03	2.52700000e+03
52	4.69644300e+06	1.21100000e+03	1.94400000e+03	2.53400000e+03
53	4.70745500e+06	1.21300000e+03	1.94900000e+03	2.54100000e+03
54	4.71745200e+06	1.21400000e+03	1.95800000e+03	2.55400000e+03
55	4.72686800e+06	1.21400000e+03	1.96300000e+03	2.55900000e+03
56	4.73544000e+06	1.21700000e+03	1.97000000e+03	2.56600000e+03
57	4.74333900e+06	1.21700000e+03	1.97500000e+03	2.57200000e+03
58	4.75212900e+06	1.22000000e+03	1.98000000e+03	2.57800000e+03
59	4.76161400e+06	1.22100000e+03	1.98200000e+03	2.58000000e+03
60	4.77021800e+06	1.22200000e+03	1.98400000e+03	2.58400000e+03
61	4.77743300e+06	1.22500000e+03	1.98900000e+03	2.59000000e+03
62	4.78470500e+06	1.22500000e+03	1.99000000e+03	2.59200000e+03
63	4.79154900e+06	1.22700000e+03	1.99800000e+03	2.60400000e+03
64	4.79829100e+06	1.22900000e+03	2.00300000e+03	2.61100000e+03
65	4.80528800e+06	1.23300000e+03	2.01000000e+03	2.61900000e+03
66	4.81350800e+06	1.23300000e+03	2.01100000e+03	2.62000000e+03
67	4.82160300e+06	1.23300000e+03	2.01200000e+03	2.62200000e+03
68	4.82843500e+06	1.23400000e+03	2.01600000e+03	2.62800000e+03
69	4.83460300e+06	1.23500000e+03	2.01900000e+03	2.63100000e+03
70	4.84088500e+06	1.23900000e+03	2.02400000e+03	2.63600000e+03
71	4.84703000e+06	1.24200000e+03	2.02800000e+03	2.64000000e+03
72	4.85385500e+06	1.24400000e+03	2.03100000e+03	2.64500000e+03
73	4.86240400e+06	1.24500000e+03	2.03300000e+03	2.64700000e+03
74	4.87397500e+06	1.24700000e+03	2.04000000e+03	2.65400000e+03
75	4.88135000e+06	1.24800000e+03	2.04300000e+03	2.65700000e+03
76	4.89377800e+06	1.24800000e+03	2.04400000e+03	2.65800000e+03
77	4.90877300e+06	1.25000000e+03	2.04800000e+03	2.66200000e+03
78	4.92383900e+06	1.25200000e+03	2.05400000e+03	2.67200000e+03
79	4.94035000e+06	1.25300000e+03	2.05500000e+03	2.67300000e+03
80	4.95841700e+06	1.25600000e+03	2.06100000e+03	2.69000000e+03
81	4.97370300e+06	1.25600000e+03	2.06500000e+03	2.69600000e+03
82	4.98522400e+06	1.25600000e+03	2.06500000e+03	2.69600000e+03
83	4.99666600e+06	1.25800000e+03	2.07000000e+03	2.70400000e+03
84	5.00895600e+06	1.26000000e+03	2.07200000e+03	2.70700000e+03
85	5.02021300e+06	1.26100000e+03	2.07300000e+03	2.71000000e+03
86	5.03314700e+06	1.26200000e+03	2.07400000e+03	2.71200000e+03
87	5.05120700e+06	1.26800000e+03	2.08700000e+03	2.72700000e+03
88	5.06740000e+06	1.27200000e+03	2.09300000e+03	2.73500000e+03
89	5.07912800e+06	1.27300000e+03	2.09800000e+03	2.74300000e+03
90	5.08896400e+06	1.27300000e+03	2.10200000e+03	2.74700000e+03
91	5.09846600e+06	1.27300000e+03	2.10300000e+03	2.74800000e+03
92	5.10792000e+06	1.27400000e+03	2.10400000e+03	2.74900000e+03
93	5.11866500e+06	1.27700000e+03	2.11100000e+03	2.75600000e+03
94	5.13057500e+06	1.27700000e+03	2.11200000e+03	2.75800000e+03
95	5.14166900e+06	1.27800000e+03	2.11300000e+03	2.75900000e+03
96	5.15077700e+06	1.28200000e+03	2.12000000e+03	2.76700000e+03
97	5.15917000e+06	1.28200000e+03	2.12000000e+03	2.76700000e+03
98	5.16767800e+06	1.28400000e+03	2.12500000e+03	2.77300000e+03
99	5.17588200e+06	1.28600000e+03	2.12900000e+03	2.78000000e+03
100	5.18535300e+06	1.28800000e+03	2.13200000e+03	2.78300000e+03
