Day_(movie_time)	Views	Users	Rigor	Edits
-500	0.00000000e+00	0.00000000e+00	0.00000000e+00	0.00000000e+00
-499	0.00000000e+00	0.00000000e+00	0.00000000e+00	0.00000000e+00
-498	0.00000000e+00	0.00000000e+00	0.00000000e+00	0.00000000e+00
-497	0.00000000e+00	0.00000000e+00	0.00000000e+00	0.00000000e+00
-496	0.00000000e+00	0.00000000e+00	0.00000000e+00	0.00000000e+00
-495	0.00000000e+00	0.00000000e+00	0.00000000e+00	0.00000000e+00
-494	0.00000000e+00	0.00000000e+00	0.00000000e+00	0.00000000e+00
-493	0.00000000e+00	0.00000000e+00	0.00000000e+00	0.00000000e+00
-492	0.00000000e+00	0.00000000e+00	0.00000000e+00	0.00000000e+00
-491	0.00000000e+00	0.00000000e+00	0.00000000e+00	0.00000000e+00
-490	0.00000000e+00	0.00000000e+00	0.00000000e+00	0.00000000e+00
-489	0.00000000e+00	0.00000000e+00	0.00000000e+00	0.00000000e+00
-488	0.00000000e+00	0.00000000e+00	0.00000000e+00	0.00000000e+00
-487	0.00000000e+00	0.00000000e+00	0.00000000e+00	0.00000000e+00
-486	0.00000000e+00	0.00000000e+00	0.00000000e+00	0.00000000e+00
-485	0.00000000e+00	0.00000000e+00	0.00000000e+00	0.00000000e+00
-484	0.00000000e+00	0.00000000e+00	0.00000000e+00	0.00000000e+00
-483	0.00000000e+00	0.00000000e+00	0.00000000e+00	0.00000000e+00
-482	0.00000000e+00	0.00000000e+00	0.00000000e+00	0.00000000e+00
-481	0.00000000e+00	0.00000000e+00	0.00000000e+00	0.00000000e+00
-480	0.00000000e+00	0.00000000e+00	0.00000000e+00	0.00000000e+00
-479	0.00000000e+00	0.00000000e+00	0.00000000e+00	0.00000000e+00
-478	0.00000000e+00	0.00000000e+00	0.00000000e+00	0.00000000e+00
-477	0.00000000e+00	0.00000000e+00	0.00000000e+00	0.00000000e+00
-476	0.00000000e+00	0.00000000e+00	0.00000000e+00	0.00000000e+00
-475	0.00000000e+00	0.00000000e+00	0.00000000e+00	0.00000000e+00
-474	0.00000000e+00	0.00000000e+00	0.00000000e+00	0.00000000e+00
-473	0.00000000e+00	0.00000000e+00	0.00000000e+00	0.00000000e+00
-472	0.00000000e+00	0.00000000e+00	0.00000000e+00	0.00000000e+00
-471	0.00000000e+00	0.00000000e+00	0.00000000e+00	0.00000000e+00
-470	0.00000000e+00	0.00000000e+00	0.00000000e+00	0.00000000e+00
-469	0.00000000e+00	0.00000000e+00	0.00000000e+00	0.00000000e+00
-468	0.00000000e+00	0.00000000e+00	0.00000000e+00	0.00000000e+00
-467	0.00000000e+00	0.00000000e+00	0.00000000e+00	0.00000000e+00
-466	0.00000000e+00	0.00000000e+00	0.00000000e+00	0.00000000e+00
-465	0.00000000e+00	0.00000000e+00	0.00000000e+00	0.00000000e+00
-464	0.00000000e+00	0.00000000e+00	0.00000000e+00	0.00000000e+00
-463	0.00000000e+00	0.00000000e+00	0.00000000e+00	0.00000000e+00
-462	0.00000000e+00	0.00000000e+00	0.00000000e+00	0.00000000e+00
-461	0.00000000e+00	0.00000000e+00	0.00000000e+00	0.00000000e+00
-460	0.00000000e+00	0.00000000e+00	0.00000000e+00	0.00000000e+00
-459	0.00000000e+00	0.00000000e+00	0.00000000e+00	0.00000000e+00
-458	0.00000000e+00	0.00000000e+00	0.00000000e+00	0.00000000e+00
-457	0.00000000e+00	0.00000000e+00	0.00000000e+00	0.00000000e+00
-456	0.00000000e+00	0.00000000e+00	0.00000000e+00	0.00000000e+00
-455	0.00000000e+00	0.00000000e+00	0.00000000e+00	0.00000000e+00
-454	0.00000000e+00	0.00000000e+00	0.00000000e+00	0.00000000e+00
-453	0.00000000e+00	0.00000000e+00	0.00000000e+00	0.00000000e+00
-452	0.00000000e+00	0.00000000e+00	0.00000000e+00	0.00000000e+00
-451	0.00000000e+00	0.00000000e+00	0.00000000e+00	0.00000000e+00
-450	0.00000000e+00	0.00000000e+00	0.00000000e+00	0.00000000e+00
-449	0.00000000e+00	0.00000000e+00	0.00000000e+00	0.00000000e+00
-448	0.00000000e+00	0.00000000e+00	0.00000000e+00	0.00000000e+00
-447	0.00000000e+00	0.00000000e+00	0.00000000e+00	0.00000000e+00
-446	0.00000000e+00	0.00000000e+00	0.00000000e+00	0.00000000e+00
-445	0.00000000e+00	0.00000000e+00	0.00000000e+00	0.00000000e+00
-444	0.00000000e+00	0.00000000e+00	0.00000000e+00	0.00000000e+00
-443	0.00000000e+00	0.00000000e+00	0.00000000e+00	0.00000000e+00
-442	0.00000000e+00	0.00000000e+00	0.00000000e+00	0.00000000e+00
-441	0.00000000e+00	0.00000000e+00	0.00000000e+00	0.00000000e+00
-440	0.00000000e+00	0.00000000e+00	0.00000000e+00	0.00000000e+00
-439	0.00000000e+00	0.00000000e+00	0.00000000e+00	0.00000000e+00
-438	0.00000000e+00	0.00000000e+00	0.00000000e+00	0.00000000e+00
-437	0.00000000e+00	0.00000000e+00	0.00000000e+00	0.00000000e+00
-436	0.00000000e+00	0.00000000e+00	0.00000000e+00	0.00000000e+00
-435	0.00000000e+00	0.00000000e+00	0.00000000e+00	0.00000000e+00
-434	0.00000000e+00	0.00000000e+00	0.00000000e+00	0.00000000e+00
-433	0.00000000e+00	0.00000000e+00	0.00000000e+00	0.00000000e+00
-432	0.00000000e+00	0.00000000e+00	0.00000000e+00	0.00000000e+00
-431	0.00000000e+00	0.00000000e+00	0.00000000e+00	0.00000000e+00
-430	0.00000000e+00	0.00000000e+00	0.00000000e+00	0.00000000e+00
-429	0.00000000e+00	0.00000000e+00	0.00000000e+00	0.00000000e+00
-428	0.00000000e+00	0.00000000e+00	0.00000000e+00	0.00000000e+00
-427	0.00000000e+00	0.00000000e+00	0.00000000e+00	0.00000000e+00
-426	0.00000000e+00	0.00000000e+00	0.00000000e+00	0.00000000e+00
-425	0.00000000e+00	0.00000000e+00	0.00000000e+00	0.00000000e+00
-424	0.00000000e+00	0.00000000e+00	0.00000000e+00	0.00000000e+00
-423	0.00000000e+00	0.00000000e+00	0.00000000e+00	0.00000000e+00
-422	0.00000000e+00	0.00000000e+00	0.00000000e+00	0.00000000e+00
-421	0.00000000e+00	0.00000000e+00	0.00000000e+00	0.00000000e+00
-420	0.00000000e+00	0.00000000e+00	0.00000000e+00	0.00000000e+00
-419	0.00000000e+00	0.00000000e+00	0.00000000e+00	0.00000000e+00
-418	0.00000000e+00	0.00000000e+00	0.00000000e+00	0.00000000e+00
-417	0.00000000e+00	0.00000000e+00	0.00000000e+00	0.00000000e+00
-416	0.00000000e+00	0.00000000e+00	0.00000000e+00	0.00000000e+00
-415	0.00000000e+00	0.00000000e+00	0.00000000e+00	0.00000000e+00
-414	0.00000000e+00	0.00000000e+00	0.00000000e+00	0.00000000e+00
-413	0.00000000e+00	0.00000000e+00	0.00000000e+00	0.00000000e+00
-412	0.00000000e+00	0.00000000e+00	0.00000000e+00	0.00000000e+00
-411	0.00000000e+00	0.00000000e+00	0.00000000e+00	0.00000000e+00
-410	0.00000000e+00	0.00000000e+00	0.00000000e+00	0.00000000e+00
-409	0.00000000e+00	0.00000000e+00	0.00000000e+00	0.00000000e+00
-408	0.00000000e+00	0.00000000e+00	0.00000000e+00	0.00000000e+00
-407	0.00000000e+00	0.00000000e+00	0.00000000e+00	0.00000000e+00
-406	0.00000000e+00	0.00000000e+00	0.00000000e+00	0.00000000e+00
-405	0.00000000e+00	0.00000000e+00	0.00000000e+00	0.00000000e+00
-404	0.00000000e+00	0.00000000e+00	0.00000000e+00	0.00000000e+00
-403	0.00000000e+00	0.00000000e+00	0.00000000e+00	0.00000000e+00
-402	0.00000000e+00	0.00000000e+00	0.00000000e+00	0.00000000e+00
-401	0.00000000e+00	0.00000000e+00	0.00000000e+00	0.00000000e+00
-400	0.00000000e+00	0.00000000e+00	0.00000000e+00	0.00000000e+00
-399	0.00000000e+00	0.00000000e+00	0.00000000e+00	0.00000000e+00
-398	0.00000000e+00	0.00000000e+00	0.00000000e+00	0.00000000e+00
-397	0.00000000e+00	0.00000000e+00	0.00000000e+00	0.00000000e+00
-396	0.00000000e+00	0.00000000e+00	0.00000000e+00	0.00000000e+00
-395	0.00000000e+00	0.00000000e+00	0.00000000e+00	0.00000000e+00
-394	0.00000000e+00	0.00000000e+00	0.00000000e+00	0.00000000e+00
-393	0.00000000e+00	0.00000000e+00	0.00000000e+00	0.00000000e+00
-392	0.00000000e+00	0.00000000e+00	0.00000000e+00	0.00000000e+00
-391	0.00000000e+00	0.00000000e+00	0.00000000e+00	0.00000000e+00
-390	0.00000000e+00	0.00000000e+00	0.00000000e+00	0.00000000e+00
-389	0.00000000e+00	0.00000000e+00	0.00000000e+00	0.00000000e+00
-388	0.00000000e+00	0.00000000e+00	0.00000000e+00	0.00000000e+00
-387	0.00000000e+00	0.00000000e+00	0.00000000e+00	0.00000000e+00
-386	0.00000000e+00	0.00000000e+00	0.00000000e+00	0.00000000e+00
-385	0.00000000e+00	0.00000000e+00	0.00000000e+00	0.00000000e+00
-384	0.00000000e+00	0.00000000e+00	0.00000000e+00	0.00000000e+00
-383	0.00000000e+00	0.00000000e+00	0.00000000e+00	0.00000000e+00
-382	0.00000000e+00	0.00000000e+00	0.00000000e+00	0.00000000e+00
-381	0.00000000e+00	0.00000000e+00	0.00000000e+00	0.00000000e+00
-380	0.00000000e+00	0.00000000e+00	0.00000000e+00	0.00000000e+00
-379	0.00000000e+00	0.00000000e+00	0.00000000e+00	0.00000000e+00
-378	0.00000000e+00	0.00000000e+00	0.00000000e+00	0.00000000e+00
-377	0.00000000e+00	0.00000000e+00	0.00000000e+00	0.00000000e+00
-376	0.00000000e+00	0.00000000e+00	0.00000000e+00	0.00000000e+00
-375	0.00000000e+00	0.00000000e+00	0.00000000e+00	0.00000000e+00
-374	0.00000000e+00	0.00000000e+00	0.00000000e+00	0.00000000e+00
-373	0.00000000e+00	0.00000000e+00	0.00000000e+00	0.00000000e+00
-372	0.00000000e+00	0.00000000e+00	0.00000000e+00	0.00000000e+00
-371	0.00000000e+00	0.00000000e+00	0.00000000e+00	0.00000000e+00
-370	0.00000000e+00	0.00000000e+00	0.00000000e+00	0.00000000e+00
-369	0.00000000e+00	0.00000000e+00	0.00000000e+00	0.00000000e+00
-368	0.00000000e+00	0.00000000e+00	0.00000000e+00	0.00000000e+00
-367	0.00000000e+00	0.00000000e+00	0.00000000e+00	0.00000000e+00
-366	0.00000000e+00	0.00000000e+00	0.00000000e+00	0.00000000e+00
-365	0.00000000e+00	0.00000000e+00	0.00000000e+00	0.00000000e+00
-364	0.00000000e+00	0.00000000e+00	0.00000000e+00	0.00000000e+00
-363	0.00000000e+00	0.00000000e+00	0.00000000e+00	0.00000000e+00
-362	0.00000000e+00	0.00000000e+00	0.00000000e+00	0.00000000e+00
-361	0.00000000e+00	0.00000000e+00	0.00000000e+00	0.00000000e+00
-360	0.00000000e+00	0.00000000e+00	0.00000000e+00	0.00000000e+00
-359	0.00000000e+00	0.00000000e+00	0.00000000e+00	0.00000000e+00
-358	0.00000000e+00	0.00000000e+00	0.00000000e+00	0.00000000e+00
-357	0.00000000e+00	0.00000000e+00	0.00000000e+00	0.00000000e+00
-356	0.00000000e+00	0.00000000e+00	0.00000000e+00	0.00000000e+00
-355	0.00000000e+00	0.00000000e+00	0.00000000e+00	0.00000000e+00
-354	0.00000000e+00	0.00000000e+00	0.00000000e+00	0.00000000e+00
-353	0.00000000e+00	0.00000000e+00	0.00000000e+00	0.00000000e+00
-352	0.00000000e+00	0.00000000e+00	0.00000000e+00	0.00000000e+00
-351	0.00000000e+00	0.00000000e+00	0.00000000e+00	0.00000000e+00
-350	0.00000000e+00	0.00000000e+00	0.00000000e+00	0.00000000e+00
-349	0.00000000e+00	0.00000000e+00	0.00000000e+00	0.00000000e+00
-348	0.00000000e+00	0.00000000e+00	0.00000000e+00	0.00000000e+00
-347	0.00000000e+00	0.00000000e+00	0.00000000e+00	0.00000000e+00
-346	0.00000000e+00	0.00000000e+00	0.00000000e+00	0.00000000e+00
-345	0.00000000e+00	0.00000000e+00	0.00000000e+00	0.00000000e+00
-344	0.00000000e+00	0.00000000e+00	0.00000000e+00	0.00000000e+00
-343	0.00000000e+00	0.00000000e+00	0.00000000e+00	0.00000000e+00
-342	0.00000000e+00	0.00000000e+00	0.00000000e+00	0.00000000e+00
-341	0.00000000e+00	0.00000000e+00	0.00000000e+00	0.00000000e+00
-340	0.00000000e+00	0.00000000e+00	0.00000000e+00	0.00000000e+00
-339	0.00000000e+00	0.00000000e+00	0.00000000e+00	0.00000000e+00
-338	0.00000000e+00	0.00000000e+00	0.00000000e+00	0.00000000e+00
-337	0.00000000e+00	0.00000000e+00	0.00000000e+00	0.00000000e+00
-336	0.00000000e+00	0.00000000e+00	0.00000000e+00	0.00000000e+00
-335	0.00000000e+00	0.00000000e+00	0.00000000e+00	0.00000000e+00
-334	0.00000000e+00	0.00000000e+00	0.00000000e+00	0.00000000e+00
-333	0.00000000e+00	0.00000000e+00	0.00000000e+00	0.00000000e+00
-332	0.00000000e+00	0.00000000e+00	0.00000000e+00	0.00000000e+00
-331	0.00000000e+00	0.00000000e+00	0.00000000e+00	0.00000000e+00
-330	0.00000000e+00	0.00000000e+00	0.00000000e+00	0.00000000e+00
-329	0.00000000e+00	0.00000000e+00	0.00000000e+00	0.00000000e+00
-328	0.00000000e+00	0.00000000e+00	0.00000000e+00	0.00000000e+00
-327	0.00000000e+00	0.00000000e+00	0.00000000e+00	0.00000000e+00
-326	0.00000000e+00	0.00000000e+00	0.00000000e+00	0.00000000e+00
-325	0.00000000e+00	0.00000000e+00	0.00000000e+00	0.00000000e+00
-324	0.00000000e+00	0.00000000e+00	0.00000000e+00	0.00000000e+00
-323	0.00000000e+00	0.00000000e+00	0.00000000e+00	0.00000000e+00
-322	0.00000000e+00	0.00000000e+00	0.00000000e+00	0.00000000e+00
-321	0.00000000e+00	0.00000000e+00	0.00000000e+00	0.00000000e+00
-320	0.00000000e+00	0.00000000e+00	0.00000000e+00	0.00000000e+00
-319	0.00000000e+00	0.00000000e+00	0.00000000e+00	0.00000000e+00
-318	0.00000000e+00	0.00000000e+00	0.00000000e+00	0.00000000e+00
-317	0.00000000e+00	0.00000000e+00	0.00000000e+00	0.00000000e+00
-316	0.00000000e+00	0.00000000e+00	0.00000000e+00	0.00000000e+00
-315	0.00000000e+00	0.00000000e+00	0.00000000e+00	0.00000000e+00
-314	0.00000000e+00	0.00000000e+00	0.00000000e+00	0.00000000e+00
-313	0.00000000e+00	0.00000000e+00	0.00000000e+00	0.00000000e+00
-312	0.00000000e+00	0.00000000e+00	0.00000000e+00	0.00000000e+00
-311	0.00000000e+00	0.00000000e+00	0.00000000e+00	0.00000000e+00
-310	0.00000000e+00	0.00000000e+00	0.00000000e+00	0.00000000e+00
-309	0.00000000e+00	0.00000000e+00	0.00000000e+00	0.00000000e+00
-308	0.00000000e+00	0.00000000e+00	0.00000000e+00	0.00000000e+00
-307	0.00000000e+00	0.00000000e+00	0.00000000e+00	0.00000000e+00
-306	0.00000000e+00	0.00000000e+00	0.00000000e+00	0.00000000e+00
-305	0.00000000e+00	0.00000000e+00	0.00000000e+00	0.00000000e+00
-304	0.00000000e+00	0.00000000e+00	0.00000000e+00	0.00000000e+00
-303	0.00000000e+00	0.00000000e+00	0.00000000e+00	0.00000000e+00
-302	0.00000000e+00	0.00000000e+00	0.00000000e+00	0.00000000e+00
-301	0.00000000e+00	0.00000000e+00	0.00000000e+00	0.00000000e+00
-300	0.00000000e+00	0.00000000e+00	0.00000000e+00	0.00000000e+00
-299	0.00000000e+00	0.00000000e+00	0.00000000e+00	0.00000000e+00
-298	0.00000000e+00	0.00000000e+00	0.00000000e+00	0.00000000e+00
-297	0.00000000e+00	0.00000000e+00	0.00000000e+00	0.00000000e+00
-296	0.00000000e+00	0.00000000e+00	0.00000000e+00	0.00000000e+00
-295	0.00000000e+00	0.00000000e+00	0.00000000e+00	0.00000000e+00
-294	0.00000000e+00	0.00000000e+00	0.00000000e+00	0.00000000e+00
-293	0.00000000e+00	0.00000000e+00	0.00000000e+00	0.00000000e+00
-292	0.00000000e+00	0.00000000e+00	0.00000000e+00	0.00000000e+00
-291	0.00000000e+00	0.00000000e+00	0.00000000e+00	0.00000000e+00
-290	0.00000000e+00	0.00000000e+00	0.00000000e+00	0.00000000e+00
-289	0.00000000e+00	0.00000000e+00	0.00000000e+00	0.00000000e+00
-288	0.00000000e+00	0.00000000e+00	0.00000000e+00	0.00000000e+00
-287	0.00000000e+00	0.00000000e+00	0.00000000e+00	0.00000000e+00
-286	0.00000000e+00	0.00000000e+00	0.00000000e+00	0.00000000e+00
-285	0.00000000e+00	0.00000000e+00	0.00000000e+00	0.00000000e+00
-284	0.00000000e+00	0.00000000e+00	0.00000000e+00	0.00000000e+00
-283	0.00000000e+00	0.00000000e+00	0.00000000e+00	0.00000000e+00
-282	0.00000000e+00	0.00000000e+00	0.00000000e+00	0.00000000e+00
-281	0.00000000e+00	0.00000000e+00	0.00000000e+00	0.00000000e+00
-280	0.00000000e+00	0.00000000e+00	0.00000000e+00	0.00000000e+00
-279	0.00000000e+00	0.00000000e+00	0.00000000e+00	0.00000000e+00
-278	0.00000000e+00	0.00000000e+00	0.00000000e+00	0.00000000e+00
-277	0.00000000e+00	0.00000000e+00	0.00000000e+00	0.00000000e+00
-276	0.00000000e+00	0.00000000e+00	0.00000000e+00	0.00000000e+00
-275	0.00000000e+00	0.00000000e+00	0.00000000e+00	0.00000000e+00
-274	0.00000000e+00	0.00000000e+00	0.00000000e+00	0.00000000e+00
-273	0.00000000e+00	0.00000000e+00	0.00000000e+00	0.00000000e+00
-272	0.00000000e+00	0.00000000e+00	0.00000000e+00	0.00000000e+00
-271	0.00000000e+00	0.00000000e+00	0.00000000e+00	0.00000000e+00
-270	0.00000000e+00	0.00000000e+00	0.00000000e+00	0.00000000e+00
-269	0.00000000e+00	0.00000000e+00	0.00000000e+00	0.00000000e+00
-268	0.00000000e+00	0.00000000e+00	0.00000000e+00	0.00000000e+00
-267	0.00000000e+00	0.00000000e+00	0.00000000e+00	0.00000000e+00
-266	0.00000000e+00	0.00000000e+00	0.00000000e+00	0.00000000e+00
-265	0.00000000e+00	0.00000000e+00	0.00000000e+00	0.00000000e+00
-264	0.00000000e+00	0.00000000e+00	0.00000000e+00	0.00000000e+00
-263	0.00000000e+00	0.00000000e+00	0.00000000e+00	0.00000000e+00
-262	0.00000000e+00	0.00000000e+00	0.00000000e+00	0.00000000e+00
-261	0.00000000e+00	0.00000000e+00	0.00000000e+00	0.00000000e+00
-260	0.00000000e+00	0.00000000e+00	0.00000000e+00	0.00000000e+00
-259	0.00000000e+00	0.00000000e+00	0.00000000e+00	0.00000000e+00
-258	0.00000000e+00	0.00000000e+00	0.00000000e+00	0.00000000e+00
-257	0.00000000e+00	0.00000000e+00	0.00000000e+00	0.00000000e+00
-256	0.00000000e+00	0.00000000e+00	0.00000000e+00	0.00000000e+00
-255	0.00000000e+00	0.00000000e+00	0.00000000e+00	0.00000000e+00
-254	0.00000000e+00	0.00000000e+00	0.00000000e+00	0.00000000e+00
-253	0.00000000e+00	0.00000000e+00	0.00000000e+00	0.00000000e+00
-252	0.00000000e+00	0.00000000e+00	0.00000000e+00	0.00000000e+00
-251	0.00000000e+00	0.00000000e+00	0.00000000e+00	0.00000000e+00
-250	0.00000000e+00	0.00000000e+00	0.00000000e+00	0.00000000e+00
-249	0.00000000e+00	0.00000000e+00	0.00000000e+00	0.00000000e+00
-248	0.00000000e+00	0.00000000e+00	0.00000000e+00	0.00000000e+00
-247	0.00000000e+00	0.00000000e+00	0.00000000e+00	0.00000000e+00
-246	0.00000000e+00	0.00000000e+00	0.00000000e+00	0.00000000e+00
-245	0.00000000e+00	0.00000000e+00	0.00000000e+00	0.00000000e+00
-244	0.00000000e+00	0.00000000e+00	0.00000000e+00	0.00000000e+00
-243	0.00000000e+00	0.00000000e+00	0.00000000e+00	0.00000000e+00
-242	0.00000000e+00	0.00000000e+00	0.00000000e+00	0.00000000e+00
-241	0.00000000e+00	0.00000000e+00	0.00000000e+00	0.00000000e+00
-240	0.00000000e+00	0.00000000e+00	0.00000000e+00	0.00000000e+00
-239	0.00000000e+00	0.00000000e+00	0.00000000e+00	0.00000000e+00
-238	0.00000000e+00	0.00000000e+00	0.00000000e+00	0.00000000e+00
-237	0.00000000e+00	0.00000000e+00	0.00000000e+00	0.00000000e+00
-236	0.00000000e+00	0.00000000e+00	0.00000000e+00	0.00000000e+00
-235	0.00000000e+00	0.00000000e+00	0.00000000e+00	0.00000000e+00
-234	0.00000000e+00	0.00000000e+00	0.00000000e+00	0.00000000e+00
-233	0.00000000e+00	0.00000000e+00	0.00000000e+00	0.00000000e+00
-232	0.00000000e+00	0.00000000e+00	0.00000000e+00	0.00000000e+00
-231	0.00000000e+00	0.00000000e+00	0.00000000e+00	0.00000000e+00
-230	0.00000000e+00	0.00000000e+00	0.00000000e+00	0.00000000e+00
-229	0.00000000e+00	0.00000000e+00	0.00000000e+00	0.00000000e+00
-228	0.00000000e+00	0.00000000e+00	0.00000000e+00	0.00000000e+00
-227	0.00000000e+00	0.00000000e+00	0.00000000e+00	0.00000000e+00
-226	0.00000000e+00	0.00000000e+00	0.00000000e+00	0.00000000e+00
-225	0.00000000e+00	0.00000000e+00	0.00000000e+00	0.00000000e+00
-224	0.00000000e+00	0.00000000e+00	0.00000000e+00	0.00000000e+00
-223	0.00000000e+00	0.00000000e+00	0.00000000e+00	0.00000000e+00
-222	0.00000000e+00	0.00000000e+00	0.00000000e+00	0.00000000e+00
-221	0.00000000e+00	0.00000000e+00	0.00000000e+00	0.00000000e+00
-220	0.00000000e+00	0.00000000e+00	0.00000000e+00	0.00000000e+00
-219	0.00000000e+00	0.00000000e+00	0.00000000e+00	0.00000000e+00
-218	0.00000000e+00	0.00000000e+00	0.00000000e+00	0.00000000e+00
-217	0.00000000e+00	0.00000000e+00	0.00000000e+00	0.00000000e+00
-216	0.00000000e+00	0.00000000e+00	0.00000000e+00	0.00000000e+00
-215	0.00000000e+00	0.00000000e+00	0.00000000e+00	0.00000000e+00
-214	0.00000000e+00	0.00000000e+00	0.00000000e+00	0.00000000e+00
-213	0.00000000e+00	0.00000000e+00	0.00000000e+00	0.00000000e+00
-212	0.00000000e+00	0.00000000e+00	0.00000000e+00	0.00000000e+00
-211	0.00000000e+00	0.00000000e+00	0.00000000e+00	0.00000000e+00
-210	0.00000000e+00	0.00000000e+00	0.00000000e+00	0.00000000e+00
-209	0.00000000e+00	0.00000000e+00	0.00000000e+00	0.00000000e+00
-208	0.00000000e+00	0.00000000e+00	0.00000000e+00	0.00000000e+00
-207	0.00000000e+00	0.00000000e+00	0.00000000e+00	0.00000000e+00
-206	0.00000000e+00	0.00000000e+00	0.00000000e+00	0.00000000e+00
-205	0.00000000e+00	0.00000000e+00	0.00000000e+00	0.00000000e+00
-204	0.00000000e+00	0.00000000e+00	0.00000000e+00	0.00000000e+00
-203	0.00000000e+00	0.00000000e+00	0.00000000e+00	0.00000000e+00
-202	0.00000000e+00	0.00000000e+00	0.00000000e+00	0.00000000e+00
-201	0.00000000e+00	0.00000000e+00	0.00000000e+00	0.00000000e+00
-200	0.00000000e+00	0.00000000e+00	0.00000000e+00	0.00000000e+00
-199	0.00000000e+00	0.00000000e+00	0.00000000e+00	0.00000000e+00
-198	0.00000000e+00	0.00000000e+00	0.00000000e+00	0.00000000e+00
-197	0.00000000e+00	0.00000000e+00	0.00000000e+00	0.00000000e+00
-196	0.00000000e+00	0.00000000e+00	0.00000000e+00	0.00000000e+00
-195	0.00000000e+00	0.00000000e+00	0.00000000e+00	0.00000000e+00
-194	0.00000000e+00	0.00000000e+00	0.00000000e+00	0.00000000e+00
-193	0.00000000e+00	0.00000000e+00	0.00000000e+00	0.00000000e+00
-192	0.00000000e+00	0.00000000e+00	0.00000000e+00	0.00000000e+00
-191	0.00000000e+00	0.00000000e+00	0.00000000e+00	0.00000000e+00
-190	0.00000000e+00	0.00000000e+00	0.00000000e+00	0.00000000e+00
-189	0.00000000e+00	0.00000000e+00	0.00000000e+00	0.00000000e+00
-188	0.00000000e+00	0.00000000e+00	0.00000000e+00	0.00000000e+00
-187	0.00000000e+00	0.00000000e+00	0.00000000e+00	0.00000000e+00
-186	0.00000000e+00	0.00000000e+00	0.00000000e+00	0.00000000e+00
-185	0.00000000e+00	0.00000000e+00	0.00000000e+00	0.00000000e+00
-184	0.00000000e+00	0.00000000e+00	0.00000000e+00	0.00000000e+00
-183	0.00000000e+00	0.00000000e+00	0.00000000e+00	0.00000000e+00
-182	0.00000000e+00	0.00000000e+00	0.00000000e+00	0.00000000e+00
-181	0.00000000e+00	0.00000000e+00	0.00000000e+00	0.00000000e+00
-180	0.00000000e+00	0.00000000e+00	0.00000000e+00	0.00000000e+00
-179	0.00000000e+00	0.00000000e+00	0.00000000e+00	0.00000000e+00
-178	0.00000000e+00	0.00000000e+00	0.00000000e+00	0.00000000e+00
-177	0.00000000e+00	0.00000000e+00	0.00000000e+00	0.00000000e+00
-176	0.00000000e+00	0.00000000e+00	0.00000000e+00	0.00000000e+00
-175	0.00000000e+00	0.00000000e+00	0.00000000e+00	0.00000000e+00
-174	0.00000000e+00	0.00000000e+00	0.00000000e+00	0.00000000e+00
-173	0.00000000e+00	0.00000000e+00	0.00000000e+00	0.00000000e+00
-172	0.00000000e+00	0.00000000e+00	0.00000000e+00	0.00000000e+00
-171	0.00000000e+00	0.00000000e+00	0.00000000e+00	0.00000000e+00
-170	0.00000000e+00	0.00000000e+00	0.00000000e+00	0.00000000e+00
-169	0.00000000e+00	0.00000000e+00	0.00000000e+00	0.00000000e+00
-168	0.00000000e+00	0.00000000e+00	0.00000000e+00	0.00000000e+00
-167	0.00000000e+00	0.00000000e+00	0.00000000e+00	0.00000000e+00
-166	0.00000000e+00	0.00000000e+00	0.00000000e+00	0.00000000e+00
-165	0.00000000e+00	0.00000000e+00	0.00000000e+00	0.00000000e+00
-164	0.00000000e+00	0.00000000e+00	0.00000000e+00	0.00000000e+00
-163	0.00000000e+00	0.00000000e+00	0.00000000e+00	0.00000000e+00
-162	0.00000000e+00	0.00000000e+00	0.00000000e+00	0.00000000e+00
-161	0.00000000e+00	0.00000000e+00	0.00000000e+00	0.00000000e+00
-160	0.00000000e+00	0.00000000e+00	0.00000000e+00	0.00000000e+00
-159	0.00000000e+00	0.00000000e+00	0.00000000e+00	0.00000000e+00
-158	0.00000000e+00	0.00000000e+00	0.00000000e+00	0.00000000e+00
-157	0.00000000e+00	0.00000000e+00	0.00000000e+00	0.00000000e+00
-156	0.00000000e+00	0.00000000e+00	0.00000000e+00	0.00000000e+00
-155	0.00000000e+00	0.00000000e+00	0.00000000e+00	0.00000000e+00
-154	0.00000000e+00	0.00000000e+00	0.00000000e+00	0.00000000e+00
-153	0.00000000e+00	0.00000000e+00	0.00000000e+00	0.00000000e+00
-152	0.00000000e+00	0.00000000e+00	0.00000000e+00	0.00000000e+00
-151	0.00000000e+00	0.00000000e+00	0.00000000e+00	0.00000000e+00
-150	0.00000000e+00	0.00000000e+00	0.00000000e+00	0.00000000e+00
-149	0.00000000e+00	0.00000000e+00	0.00000000e+00	0.00000000e+00
-148	0.00000000e+00	0.00000000e+00	0.00000000e+00	0.00000000e+00
-147	0.00000000e+00	0.00000000e+00	0.00000000e+00	0.00000000e+00
-146	0.00000000e+00	0.00000000e+00	0.00000000e+00	0.00000000e+00
-145	0.00000000e+00	0.00000000e+00	0.00000000e+00	0.00000000e+00
-144	0.00000000e+00	0.00000000e+00	0.00000000e+00	0.00000000e+00
-143	0.00000000e+00	0.00000000e+00	0.00000000e+00	0.00000000e+00
-142	0.00000000e+00	0.00000000e+00	0.00000000e+00	0.00000000e+00
-141	0.00000000e+00	0.00000000e+00	0.00000000e+00	0.00000000e+00
-140	0.00000000e+00	0.00000000e+00	0.00000000e+00	0.00000000e+00
-139	0.00000000e+00	0.00000000e+00	0.00000000e+00	0.00000000e+00
-138	0.00000000e+00	0.00000000e+00	0.00000000e+00	0.00000000e+00
-137	0.00000000e+00	0.00000000e+00	0.00000000e+00	0.00000000e+00
-136	0.00000000e+00	0.00000000e+00	0.00000000e+00	0.00000000e+00
-135	0.00000000e+00	0.00000000e+00	0.00000000e+00	0.00000000e+00
-134	0.00000000e+00	0.00000000e+00	0.00000000e+00	0.00000000e+00
-133	0.00000000e+00	0.00000000e+00	0.00000000e+00	0.00000000e+00
-132	0.00000000e+00	0.00000000e+00	0.00000000e+00	0.00000000e+00
-131	0.00000000e+00	0.00000000e+00	0.00000000e+00	0.00000000e+00
-130	0.00000000e+00	0.00000000e+00	0.00000000e+00	0.00000000e+00
-129	0.00000000e+00	0.00000000e+00	0.00000000e+00	0.00000000e+00
-128	0.00000000e+00	0.00000000e+00	0.00000000e+00	0.00000000e+00
-127	0.00000000e+00	0.00000000e+00	0.00000000e+00	0.00000000e+00
-126	0.00000000e+00	0.00000000e+00	0.00000000e+00	0.00000000e+00
-125	0.00000000e+00	0.00000000e+00	0.00000000e+00	0.00000000e+00
-124	0.00000000e+00	0.00000000e+00	0.00000000e+00	0.00000000e+00
-123	0.00000000e+00	0.00000000e+00	0.00000000e+00	0.00000000e+00
-122	0.00000000e+00	0.00000000e+00	0.00000000e+00	0.00000000e+00
-121	0.00000000e+00	0.00000000e+00	0.00000000e+00	0.00000000e+00
-120	0.00000000e+00	0.00000000e+00	0.00000000e+00	0.00000000e+00
-119	0.00000000e+00	0.00000000e+00	0.00000000e+00	0.00000000e+00
-118	0.00000000e+00	0.00000000e+00	0.00000000e+00	0.00000000e+00
-117	0.00000000e+00	0.00000000e+00	0.00000000e+00	0.00000000e+00
-116	0.00000000e+00	0.00000000e+00	0.00000000e+00	0.00000000e+00
-115	0.00000000e+00	0.00000000e+00	0.00000000e+00	0.00000000e+00
-114	0.00000000e+00	0.00000000e+00	0.00000000e+00	0.00000000e+00
-113	0.00000000e+00	0.00000000e+00	0.00000000e+00	0.00000000e+00
-112	0.00000000e+00	0.00000000e+00	0.00000000e+00	0.00000000e+00
-111	0.00000000e+00	0.00000000e+00	0.00000000e+00	0.00000000e+00
-110	0.00000000e+00	0.00000000e+00	0.00000000e+00	0.00000000e+00
-109	0.00000000e+00	0.00000000e+00	0.00000000e+00	0.00000000e+00
-108	0.00000000e+00	0.00000000e+00	0.00000000e+00	0.00000000e+00
-107	0.00000000e+00	0.00000000e+00	0.00000000e+00	0.00000000e+00
-106	0.00000000e+00	0.00000000e+00	0.00000000e+00	0.00000000e+00
-105	0.00000000e+00	0.00000000e+00	0.00000000e+00	0.00000000e+00
-104	0.00000000e+00	0.00000000e+00	0.00000000e+00	0.00000000e+00
-103	0.00000000e+00	0.00000000e+00	0.00000000e+00	0.00000000e+00
-102	0.00000000e+00	0.00000000e+00	0.00000000e+00	0.00000000e+00
-101	0.00000000e+00	0.00000000e+00	0.00000000e+00	0.00000000e+00
-100	0.00000000e+00	0.00000000e+00	0.00000000e+00	0.00000000e+00
-99	0.00000000e+00	0.00000000e+00	0.00000000e+00	0.00000000e+00
-98	0.00000000e+00	0.00000000e+00	0.00000000e+00	0.00000000e+00
-97	0.00000000e+00	0.00000000e+00	0.00000000e+00	0.00000000e+00
-96	0.00000000e+00	0.00000000e+00	0.00000000e+00	0.00000000e+00
-95	0.00000000e+00	0.00000000e+00	0.00000000e+00	0.00000000e+00
-94	0.00000000e+00	0.00000000e+00	0.00000000e+00	0.00000000e+00
-93	0.00000000e+00	0.00000000e+00	0.00000000e+00	0.00000000e+00
-92	0.00000000e+00	0.00000000e+00	0.00000000e+00	0.00000000e+00
-91	0.00000000e+00	0.00000000e+00	0.00000000e+00	0.00000000e+00
-90	0.00000000e+00	0.00000000e+00	0.00000000e+00	0.00000000e+00
-89	0.00000000e+00	0.00000000e+00	0.00000000e+00	0.00000000e+00
-88	0.00000000e+00	0.00000000e+00	0.00000000e+00	0.00000000e+00
-87	2.30000000e+01	0.00000000e+00	0.00000000e+00	0.00000000e+00
-86	5.50000000e+01	0.00000000e+00	0.00000000e+00	0.00000000e+00
-85	7.80000000e+01	0.00000000e+00	0.00000000e+00	0.00000000e+00
-84	1.05000000e+02	0.00000000e+00	0.00000000e+00	0.00000000e+00
-83	1.31000000e+02	0.00000000e+00	0.00000000e+00	0.00000000e+00
-82	1.56000000e+02	0.00000000e+00	0.00000000e+00	0.00000000e+00
-81	1.79000000e+02	0.00000000e+00	0.00000000e+00	0.00000000e+00
-80	2.12000000e+02	0.00000000e+00	0.00000000e+00	0.00000000e+00
-79	2.31000000e+02	0.00000000e+00	0.00000000e+00	0.00000000e+00
-78	2.39000000e+02	0.00000000e+00	0.00000000e+00	0.00000000e+00
-77	2.69000000e+02	0.00000000e+00	0.00000000e+00	0.00000000e+00
-76	2.90000000e+02	0.00000000e+00	0.00000000e+00	0.00000000e+00
-75	3.22000000e+02	0.00000000e+00	0.00000000e+00	0.00000000e+00
-74	3.60000000e+02	0.00000000e+00	0.00000000e+00	0.00000000e+00
-73	6.35000000e+02	1.00000000e+00	1.00000000e+00	6.00000000e+00
-72	1.01200000e+03	1.00000000e+00	1.00000000e+00	6.00000000e+00
-71	1.39300000e+03	2.00000000e+00	2.00000000e+00	7.00000000e+00
-70	1.70900000e+03	3.00000000e+00	4.00000000e+00	9.00000000e+00
-69	1.80000000e+03	5.00000000e+00	1.20000000e+01	1.90000000e+01
-68	2.45900000e+03	5.00000000e+00	1.20000000e+01	1.90000000e+01
-67	2.90000000e+03	6.00000000e+00	1.30000000e+01	2.10000000e+01
-66	3.05400000e+03	7.00000000e+00	1.40000000e+01	2.20000000e+01
-65	3.20100000e+03	9.00000000e+00	1.70000000e+01	2.50000000e+01
-64	3.32800000e+03	9.00000000e+00	1.70000000e+01	2.50000000e+01
-63	3.60500000e+03	1.20000000e+01	1.90000000e+01	2.70000000e+01
-62	4.12300000e+03	1.20000000e+01	1.90000000e+01	2.70000000e+01
-61	4.77800000e+03	1.20000000e+01	1.90000000e+01	2.70000000e+01
-60	5.39300000e+03	1.20000000e+01	2.00000000e+01	2.80000000e+01
-59	6.14200000e+03	1.20000000e+01	2.20000000e+01	3.00000000e+01
-58	6.85500000e+03	1.20000000e+01	2.20000000e+01	3.00000000e+01
-57	7.63600000e+03	1.60000000e+01	2.50000000e+01	3.30000000e+01
-56	8.26100000e+03	1.60000000e+01	2.70000000e+01	3.50000000e+01
-55	8.90600000e+03	1.90000000e+01	3.10000000e+01	3.90000000e+01
-54	9.57700000e+03	2.30000000e+01	3.50000000e+01	4.40000000e+01
-53	1.02560000e+04	2.30000000e+01	3.50000000e+01	4.40000000e+01
-52	1.02560000e+04	2.30000000e+01	3.50000000e+01	4.40000000e+01
-51	1.05830000e+04	2.30000000e+01	3.50000000e+01	4.40000000e+01
-50	1.05830000e+04	2.30000000e+01	3.60000000e+01	4.50000000e+01
-49	1.13440000e+04	2.30000000e+01	3.70000000e+01	4.60000000e+01
-48	1.21310000e+04	2.60000000e+01	3.80000000e+01	5.30000000e+01
-47	1.29280000e+04	2.60000000e+01	3.80000000e+01	5.30000000e+01
-46	1.38160000e+04	2.60000000e+01	3.90000000e+01	5.40000000e+01
-45	1.46210000e+04	2.70000000e+01	4.00000000e+01	5.50000000e+01
-44	1.55010000e+04	2.60000000e+01	4.20000000e+01	6.10000000e+01
-43	1.55010000e+04	4.80000000e+01	5.90000000e+01	9.00000000e+01
-42	1.75610000e+04	5.40000000e+01	6.50000000e+01	9.60000000e+01
-41	1.75610000e+04	4.70000000e+01	7.10000000e+01	1.02000000e+02
-40	1.75610000e+04	6.50000000e+01	9.00000000e+01	1.28000000e+02
-39	1.75610000e+04	8.20000000e+01	1.10000000e+02	1.56000000e+02
-38	1.75610000e+04	8.90000000e+01	1.24000000e+02	1.72000000e+02
-37	3.04390000e+04	1.06000000e+02	1.36000000e+02	1.93000000e+02
-36	3.90880000e+04	1.47000000e+02	1.61000000e+02	2.42000000e+02
-35	4.49540000e+04	1.39000000e+02	1.82000000e+02	2.66000000e+02
-34	5.05520000e+04	1.46000000e+02	1.93000000e+02	2.81000000e+02
-33	5.53760000e+04	1.65000000e+02	2.16000000e+02	3.19000000e+02
-32	6.00270000e+04	1.48000000e+02	2.20000000e+02	3.23000000e+02
-31	6.45420000e+04	1.77000000e+02	2.24000000e+02	3.29000000e+02
-30	6.88670000e+04	1.91000000e+02	2.37000000e+02	3.53000000e+02
-29	7.24630000e+04	1.73000000e+02	2.40000000e+02	3.57000000e+02
-28	7.78040000e+04	1.84000000e+02	2.45000000e+02	3.62000000e+02
-27	8.18420000e+04	1.87000000e+02	2.47000000e+02	3.64000000e+02
-26	8.60520000e+04	1.67000000e+02	2.48000000e+02	3.66000000e+02
-25	9.10060000e+04	1.93000000e+02	2.54000000e+02	3.75000000e+02
-24	9.55910000e+04	2.02000000e+02	2.60000000e+02	3.84000000e+02
-23	1.00702000e+05	1.94000000e+02	2.74000000e+02	4.01000000e+02
-22	1.06181000e+05	2.14000000e+02	2.77000000e+02	4.05000000e+02
-21	1.11072000e+05	2.02000000e+02	2.89000000e+02	4.20000000e+02
-20	1.15859000e+05	1.92000000e+02	2.90000000e+02	4.21000000e+02
-19	1.21781000e+05	2.22000000e+02	2.91000000e+02	4.22000000e+02
-18	1.27783000e+05	2.18000000e+02	2.96000000e+02	4.35000000e+02
-17	1.34210000e+05	2.18000000e+02	3.03000000e+02	4.44000000e+02
-16	1.40694000e+05	2.19000000e+02	3.07000000e+02	4.49000000e+02
-15	1.53730000e+05	2.31000000e+02	3.18000000e+02	4.62000000e+02
-14	1.80319000e+05	2.42000000e+02	3.33000000e+02	4.79000000e+02
-13	2.10476000e+05	2.57000000e+02	3.62000000e+02	5.19000000e+02
-12	2.38034000e+05	2.70000000e+02	3.82000000e+02	5.46000000e+02
-11	2.61381000e+05	2.68000000e+02	3.94000000e+02	5.63000000e+02
-10	2.82908000e+05	3.00000000e+02	4.09000000e+02	5.78000000e+02
-9	3.03814000e+05	2.85000000e+02	4.24000000e+02	5.94000000e+02
-8	3.26694000e+05	3.30000000e+02	4.44000000e+02	6.30000000e+02
-7	3.55281000e+05	3.07000000e+02	4.52000000e+02	6.39000000e+02
-6	3.80410000e+05	3.24000000e+02	4.56000000e+02	6.43000000e+02
-5	4.03042000e+05	3.35000000e+02	4.63000000e+02	6.50000000e+02
-4	4.27252000e+05	3.39000000e+02	4.80000000e+02	6.70000000e+02
-3	4.48928000e+05	3.57000000e+02	4.94000000e+02	6.87000000e+02
-2	4.72728000e+05	3.75000000e+02	5.06000000e+02	7.07000000e+02
-1	4.97788000e+05	3.84000000e+02	5.20000000e+02	7.26000000e+02
0	5.23693000e+05	3.71000000e+02	5.34000000e+02	7.41000000e+02
1	5.56988000e+05	4.17000000e+02	5.56000000e+02	7.71000000e+02
2	5.95921000e+05	4.38000000e+02	6.01000000e+02	8.30000000e+02
3	6.32477000e+05	4.85000000e+02	6.48000000e+02	8.81000000e+02
4	6.70071000e+05	4.96000000e+02	6.66000000e+02	9.05000000e+02
5	7.11423000e+05	4.78000000e+02	6.85000000e+02	9.30000000e+02
6	7.51931000e+05	5.27000000e+02	7.07000000e+02	9.57000000e+02
7	7.73419000e+05	5.54000000e+02	7.22000000e+02	9.76000000e+02
8	7.92164000e+05	5.41000000e+02	7.30000000e+02	9.87000000e+02
9	8.11647000e+05	4.79000000e+02	7.46000000e+02	1.00600000e+03
10	8.28012000e+05	4.86000000e+02	7.56000000e+02	1.01900000e+03
11	8.44721000e+05	4.89000000e+02	7.59000000e+02	1.02200000e+03
12	8.60291000e+05	4.94000000e+02	7.66000000e+02	1.03200000e+03
13	8.74194000e+05	4.95000000e+02	7.67000000e+02	1.03600000e+03
14	8.85588000e+05	4.99000000e+02	7.77000000e+02	1.05200000e+03
15	8.96439000e+05	5.06000000e+02	7.87000000e+02	1.06400000e+03
16	9.06487000e+05	5.12000000e+02	7.93000000e+02	1.07200000e+03
17	9.17036000e+05	5.17000000e+02	8.00000000e+02	1.08000000e+03
18	9.28869000e+05	5.20000000e+02	8.04000000e+02	1.08400000e+03
19	9.40162000e+05	5.23000000e+02	8.08000000e+02	1.08900000e+03
20	9.50738000e+05	5.27000000e+02	8.12000000e+02	1.09400000e+03
21	9.58377000e+05	5.31000000e+02	8.17000000e+02	1.10000000e+03
22	9.66141000e+05	5.32000000e+02	8.19000000e+02	1.10200000e+03
23	9.73442000e+05	5.32000000e+02	8.19000000e+02	1.10200000e+03
24	9.80367000e+05	5.35000000e+02	8.22000000e+02	1.10500000e+03
25	9.88291000e+05	5.36000000e+02	8.23000000e+02	1.10600000e+03
26	9.96505000e+05	5.41000000e+02	8.32000000e+02	1.11600000e+03
27	1.00349800e+06	5.41000000e+02	8.32000000e+02	1.11600000e+03
28	1.00939000e+06	5.43000000e+02	8.35000000e+02	1.11900000e+03
29	1.01493300e+06	5.45000000e+02	8.37000000e+02	1.12100000e+03
30	1.01981100e+06	5.45000000e+02	8.37000000e+02	1.12100000e+03
31	1.02510800e+06	5.46000000e+02	8.38000000e+02	1.12300000e+03
32	1.03167900e+06	5.47000000e+02	8.39000000e+02	1.12400000e+03
33	1.03809000e+06	5.50000000e+02	8.46000000e+02	1.13200000e+03
34	1.04297600e+06	5.54000000e+02	8.50000000e+02	1.13600000e+03
35	1.04736700e+06	5.55000000e+02	8.52000000e+02	1.13900000e+03
36	1.05232700e+06	5.57000000e+02	8.56000000e+02	1.14300000e+03
37	1.05639000e+06	5.58000000e+02	8.57000000e+02	1.14400000e+03
38	1.06089700e+06	5.62000000e+02	8.61000000e+02	1.14900000e+03
39	1.06608200e+06	5.63000000e+02	8.62000000e+02	1.15000000e+03
40	1.07166600e+06	5.64000000e+02	8.63000000e+02	1.15100000e+03
41	1.07582700e+06	5.64000000e+02	8.64000000e+02	1.15200000e+03
42	1.07988400e+06	5.66000000e+02	8.67000000e+02	1.15500000e+03
43	1.08366300e+06	5.67000000e+02	8.69000000e+02	1.15700000e+03
44	1.08799500e+06	5.69000000e+02	8.71000000e+02	1.15900000e+03
45	1.09266700e+06	5.69000000e+02	8.72000000e+02	1.16000000e+03
46	1.09837900e+06	5.72000000e+02	8.76000000e+02	1.16400000e+03
47	1.10390900e+06	5.72000000e+02	8.77000000e+02	1.16500000e+03
48	1.10880300e+06	5.73000000e+02	8.78000000e+02	1.16600000e+03
49	1.11413500e+06	5.74000000e+02	8.79000000e+02	1.16700000e+03
50	1.11941400e+06	5.75000000e+02	8.81000000e+02	1.16900000e+03
51	1.12462100e+06	5.77000000e+02	8.83000000e+02	1.17200000e+03
52	1.13132400e+06	5.80000000e+02	8.86000000e+02	1.17700000e+03
53	1.13896300e+06	5.81000000e+02	8.88000000e+02	1.17900000e+03
54	1.14707200e+06	5.83000000e+02	8.92000000e+02	1.18300000e+03
55	1.15483100e+06	5.86000000e+02	8.97000000e+02	1.18800000e+03
56	1.16136800e+06	5.86000000e+02	8.97000000e+02	1.18800000e+03
57	1.16779800e+06	5.86000000e+02	8.97000000e+02	1.18800000e+03
58	1.17404800e+06	5.89000000e+02	9.01000000e+02	1.19200000e+03
59	1.18084200e+06	5.91000000e+02	9.04000000e+02	1.19600000e+03
60	1.18795600e+06	5.92000000e+02	9.06000000e+02	1.19800000e+03
61	1.19601800e+06	5.95000000e+02	9.10000000e+02	1.20300000e+03
62	1.20160800e+06	5.98000000e+02	9.14000000e+02	1.20900000e+03
63	1.20619200e+06	6.00000000e+02	9.17000000e+02	1.21200000e+03
64	1.21058800e+06	6.03000000e+02	9.24000000e+02	1.21900000e+03
65	1.21492800e+06	6.04000000e+02	9.25000000e+02	1.22000000e+03
66	1.21949100e+06	6.05000000e+02	9.26000000e+02	1.22100000e+03
67	1.22465500e+06	6.08000000e+02	9.30000000e+02	1.22500000e+03
68	1.22956100e+06	6.12000000e+02	9.34000000e+02	1.23000000e+03
69	1.23388100e+06	6.13000000e+02	9.36000000e+02	1.23200000e+03
70	1.23827200e+06	6.15000000e+02	9.38000000e+02	1.23400000e+03
71	1.24212700e+06	6.16000000e+02	9.39000000e+02	1.23500000e+03
72	1.24599000e+06	6.17000000e+02	9.41000000e+02	1.23700000e+03
73	1.24962700e+06	6.17000000e+02	9.41000000e+02	1.23700000e+03
74	1.25408600e+06	6.19000000e+02	9.43000000e+02	1.23900000e+03
75	1.25884000e+06	6.22000000e+02	9.46000000e+02	1.24400000e+03
76	1.26311400e+06	6.23000000e+02	9.47000000e+02	1.24500000e+03
77	1.26683500e+06	6.24000000e+02	9.49000000e+02	1.24700000e+03
78	1.27014200e+06	6.27000000e+02	9.53000000e+02	1.25400000e+03
79	1.27316200e+06	6.27000000e+02	9.53000000e+02	1.25400000e+03
80	1.27645700e+06	6.28000000e+02	9.54000000e+02	1.25500000e+03
81	1.27993500e+06	6.30000000e+02	9.56000000e+02	1.25700000e+03
82	1.28361300e+06	6.30000000e+02	9.56000000e+02	1.25700000e+03
83	1.28640100e+06	6.33000000e+02	9.60000000e+02	1.26100000e+03
84	1.28916300e+06	6.33000000e+02	9.60000000e+02	1.26100000e+03
85	1.29175900e+06	6.33000000e+02	9.60000000e+02	1.26100000e+03
86	1.29440000e+06	6.34000000e+02	9.61000000e+02	1.26200000e+03
87	1.29702900e+06	6.37000000e+02	9.64000000e+02	1.26500000e+03
88	1.30012600e+06	6.38000000e+02	9.65000000e+02	1.26600000e+03
89	1.30314500e+06	6.39000000e+02	9.67000000e+02	1.26800000e+03
90	1.30543500e+06	6.39000000e+02	9.67000000e+02	1.26800000e+03
91	1.30771500e+06	6.39000000e+02	9.67000000e+02	1.26800000e+03
92	1.30993600e+06	6.39000000e+02	9.67000000e+02	1.26800000e+03
93	1.31214900e+06	6.39000000e+02	9.67000000e+02	1.26800000e+03
94	1.31442400e+06	6.39000000e+02	9.67000000e+02	1.26800000e+03
95	1.31748700e+06	6.39000000e+02	9.67000000e+02	1.26800000e+03
96	1.32070900e+06	6.40000000e+02	9.69000000e+02	1.27000000e+03
97	1.32372200e+06	6.40000000e+02	9.69000000e+02	1.27000000e+03
98	1.32644800e+06	6.41000000e+02	9.71000000e+02	1.27200000e+03
99	1.32993800e+06	6.41000000e+02	9.71000000e+02	1.27200000e+03
100	1.33318200e+06	6.41000000e+02	9.71000000e+02	1.27200000e+03
