Day_(movie_time)	Views	Users	Rigor	Edits
-500	0.00000000e+00	0.00000000e+00	0.00000000e+00	0.00000000e+00
-499	0.00000000e+00	0.00000000e+00	0.00000000e+00	0.00000000e+00
-498	0.00000000e+00	0.00000000e+00	0.00000000e+00	0.00000000e+00
-497	0.00000000e+00	0.00000000e+00	0.00000000e+00	0.00000000e+00
-496	0.00000000e+00	0.00000000e+00	0.00000000e+00	0.00000000e+00
-495	0.00000000e+00	0.00000000e+00	0.00000000e+00	0.00000000e+00
-494	0.00000000e+00	0.00000000e+00	0.00000000e+00	0.00000000e+00
-493	0.00000000e+00	0.00000000e+00	0.00000000e+00	0.00000000e+00
-492	0.00000000e+00	0.00000000e+00	0.00000000e+00	0.00000000e+00
-491	0.00000000e+00	0.00000000e+00	0.00000000e+00	0.00000000e+00
-490	2.00000000e+00	0.00000000e+00	0.00000000e+00	0.00000000e+00
-489	2.00000000e+00	0.00000000e+00	0.00000000e+00	0.00000000e+00
-488	2.00000000e+00	0.00000000e+00	0.00000000e+00	0.00000000e+00
-487	2.00000000e+00	0.00000000e+00	0.00000000e+00	0.00000000e+00
-486	3.00000000e+00	0.00000000e+00	0.00000000e+00	0.00000000e+00
-485	4.00000000e+00	0.00000000e+00	0.00000000e+00	0.00000000e+00
-484	4.00000000e+00	0.00000000e+00	0.00000000e+00	0.00000000e+00
-483	4.00000000e+00	0.00000000e+00	0.00000000e+00	0.00000000e+00
-482	4.00000000e+00	0.00000000e+00	0.00000000e+00	0.00000000e+00
-481	4.00000000e+00	0.00000000e+00	0.00000000e+00	0.00000000e+00
-480	4.00000000e+00	0.00000000e+00	0.00000000e+00	0.00000000e+00
-479	4.00000000e+00	0.00000000e+00	0.00000000e+00	0.00000000e+00
-478	4.00000000e+00	0.00000000e+00	0.00000000e+00	0.00000000e+00
-477	4.00000000e+00	0.00000000e+00	0.00000000e+00	0.00000000e+00
-476	4.00000000e+00	0.00000000e+00	0.00000000e+00	0.00000000e+00
-475	6.00000000e+00	0.00000000e+00	0.00000000e+00	0.00000000e+00
-474	6.00000000e+00	0.00000000e+00	0.00000000e+00	0.00000000e+00
-473	6.00000000e+00	0.00000000e+00	0.00000000e+00	0.00000000e+00
-472	6.00000000e+00	0.00000000e+00	0.00000000e+00	0.00000000e+00
-471	7.00000000e+00	0.00000000e+00	0.00000000e+00	0.00000000e+00
-470	7.00000000e+00	0.00000000e+00	0.00000000e+00	0.00000000e+00
-469	7.00000000e+00	0.00000000e+00	0.00000000e+00	0.00000000e+00
-468	8.00000000e+00	0.00000000e+00	0.00000000e+00	0.00000000e+00
-467	8.00000000e+00	0.00000000e+00	0.00000000e+00	0.00000000e+00
-466	1.20000000e+01	0.00000000e+00	0.00000000e+00	0.00000000e+00
-465	1.20000000e+01	0.00000000e+00	0.00000000e+00	0.00000000e+00
-464	1.20000000e+01	0.00000000e+00	0.00000000e+00	0.00000000e+00
-463	1.20000000e+01	0.00000000e+00	0.00000000e+00	0.00000000e+00
-462	1.20000000e+01	0.00000000e+00	0.00000000e+00	0.00000000e+00
-461	1.20000000e+01	0.00000000e+00	0.00000000e+00	0.00000000e+00
-460	1.20000000e+01	0.00000000e+00	0.00000000e+00	0.00000000e+00
-459	1.20000000e+01	0.00000000e+00	0.00000000e+00	0.00000000e+00
-458	1.30000000e+01	0.00000000e+00	0.00000000e+00	0.00000000e+00
-457	1.30000000e+01	0.00000000e+00	0.00000000e+00	0.00000000e+00
-456	1.30000000e+01	0.00000000e+00	0.00000000e+00	0.00000000e+00
-455	1.30000000e+01	0.00000000e+00	0.00000000e+00	0.00000000e+00
-454	1.30000000e+01	0.00000000e+00	0.00000000e+00	0.00000000e+00
-453	1.30000000e+01	0.00000000e+00	0.00000000e+00	0.00000000e+00
-452	1.30000000e+01	0.00000000e+00	0.00000000e+00	0.00000000e+00
-451	1.30000000e+01	0.00000000e+00	0.00000000e+00	0.00000000e+00
-450	1.30000000e+01	0.00000000e+00	0.00000000e+00	0.00000000e+00
-449	1.30000000e+01	0.00000000e+00	0.00000000e+00	0.00000000e+00
-448	1.30000000e+01	0.00000000e+00	0.00000000e+00	0.00000000e+00
-447	1.40000000e+01	0.00000000e+00	0.00000000e+00	0.00000000e+00
-446	1.40000000e+01	0.00000000e+00	0.00000000e+00	0.00000000e+00
-445	1.40000000e+01	0.00000000e+00	0.00000000e+00	0.00000000e+00
-444	1.40000000e+01	0.00000000e+00	0.00000000e+00	0.00000000e+00
-443	1.40000000e+01	0.00000000e+00	0.00000000e+00	0.00000000e+00
-442	1.40000000e+01	0.00000000e+00	0.00000000e+00	0.00000000e+00
-441	1.40000000e+01	0.00000000e+00	0.00000000e+00	0.00000000e+00
-440	1.40000000e+01	0.00000000e+00	0.00000000e+00	0.00000000e+00
-439	1.40000000e+01	0.00000000e+00	0.00000000e+00	0.00000000e+00
-438	1.40000000e+01	0.00000000e+00	0.00000000e+00	0.00000000e+00
-437	1.50000000e+01	0.00000000e+00	0.00000000e+00	0.00000000e+00
-436	1.50000000e+01	0.00000000e+00	0.00000000e+00	0.00000000e+00
-435	1.50000000e+01	0.00000000e+00	0.00000000e+00	0.00000000e+00
-434	1.50000000e+01	0.00000000e+00	0.00000000e+00	0.00000000e+00
-433	1.50000000e+01	0.00000000e+00	0.00000000e+00	0.00000000e+00
-432	1.50000000e+01	0.00000000e+00	0.00000000e+00	0.00000000e+00
-431	1.50000000e+01	0.00000000e+00	0.00000000e+00	0.00000000e+00
-430	1.50000000e+01	0.00000000e+00	0.00000000e+00	0.00000000e+00
-429	1.50000000e+01	0.00000000e+00	0.00000000e+00	0.00000000e+00
-428	1.50000000e+01	0.00000000e+00	0.00000000e+00	0.00000000e+00
-427	1.50000000e+01	0.00000000e+00	0.00000000e+00	0.00000000e+00
-426	1.70000000e+01	0.00000000e+00	0.00000000e+00	0.00000000e+00
-425	1.70000000e+01	0.00000000e+00	0.00000000e+00	0.00000000e+00
-424	1.70000000e+01	0.00000000e+00	0.00000000e+00	0.00000000e+00
-423	1.70000000e+01	0.00000000e+00	0.00000000e+00	0.00000000e+00
-422	1.70000000e+01	0.00000000e+00	0.00000000e+00	0.00000000e+00
-421	1.70000000e+01	0.00000000e+00	0.00000000e+00	0.00000000e+00
-420	1.70000000e+01	0.00000000e+00	0.00000000e+00	0.00000000e+00
-419	1.70000000e+01	0.00000000e+00	0.00000000e+00	0.00000000e+00
-418	1.90000000e+01	0.00000000e+00	0.00000000e+00	0.00000000e+00
-417	1.90000000e+01	0.00000000e+00	0.00000000e+00	0.00000000e+00
-416	1.90000000e+01	0.00000000e+00	0.00000000e+00	0.00000000e+00
-415	1.90000000e+01	0.00000000e+00	0.00000000e+00	0.00000000e+00
-414	1.90000000e+01	0.00000000e+00	0.00000000e+00	0.00000000e+00
-413	1.90000000e+01	0.00000000e+00	0.00000000e+00	0.00000000e+00
-412	1.90000000e+01	0.00000000e+00	0.00000000e+00	0.00000000e+00
-411	2.10000000e+01	0.00000000e+00	0.00000000e+00	0.00000000e+00
-410	2.10000000e+01	0.00000000e+00	0.00000000e+00	0.00000000e+00
-409	2.10000000e+01	0.00000000e+00	0.00000000e+00	0.00000000e+00
-408	2.10000000e+01	0.00000000e+00	0.00000000e+00	0.00000000e+00
-407	2.10000000e+01	0.00000000e+00	0.00000000e+00	0.00000000e+00
-406	2.10000000e+01	0.00000000e+00	0.00000000e+00	0.00000000e+00
-405	2.10000000e+01	0.00000000e+00	0.00000000e+00	0.00000000e+00
-404	2.10000000e+01	0.00000000e+00	0.00000000e+00	0.00000000e+00
-403	2.10000000e+01	0.00000000e+00	0.00000000e+00	0.00000000e+00
-402	2.10000000e+01	0.00000000e+00	0.00000000e+00	0.00000000e+00
-401	2.10000000e+01	0.00000000e+00	0.00000000e+00	0.00000000e+00
-400	2.10000000e+01	0.00000000e+00	0.00000000e+00	0.00000000e+00
-399	2.30000000e+01	0.00000000e+00	0.00000000e+00	0.00000000e+00
-398	2.30000000e+01	0.00000000e+00	0.00000000e+00	0.00000000e+00
-397	2.30000000e+01	0.00000000e+00	0.00000000e+00	0.00000000e+00
-396	2.60000000e+01	0.00000000e+00	0.00000000e+00	0.00000000e+00
-395	2.80000000e+01	0.00000000e+00	0.00000000e+00	0.00000000e+00
-394	2.80000000e+01	0.00000000e+00	0.00000000e+00	0.00000000e+00
-393	2.80000000e+01	0.00000000e+00	0.00000000e+00	0.00000000e+00
-392	2.80000000e+01	0.00000000e+00	0.00000000e+00	0.00000000e+00
-391	2.80000000e+01	0.00000000e+00	0.00000000e+00	0.00000000e+00
-390	2.80000000e+01	0.00000000e+00	0.00000000e+00	0.00000000e+00
-389	2.80000000e+01	0.00000000e+00	0.00000000e+00	0.00000000e+00
-388	2.80000000e+01	0.00000000e+00	0.00000000e+00	0.00000000e+00
-387	2.80000000e+01	0.00000000e+00	0.00000000e+00	0.00000000e+00
-386	2.80000000e+01	0.00000000e+00	0.00000000e+00	0.00000000e+00
-385	2.80000000e+01	0.00000000e+00	0.00000000e+00	0.00000000e+00
-384	2.80000000e+01	0.00000000e+00	0.00000000e+00	0.00000000e+00
-383	2.90000000e+01	0.00000000e+00	0.00000000e+00	0.00000000e+00
-382	3.00000000e+01	0.00000000e+00	0.00000000e+00	0.00000000e+00
-381	3.10000000e+01	0.00000000e+00	0.00000000e+00	0.00000000e+00
-380	3.10000000e+01	0.00000000e+00	0.00000000e+00	0.00000000e+00
-379	3.10000000e+01	0.00000000e+00	0.00000000e+00	0.00000000e+00
-378	3.10000000e+01	0.00000000e+00	0.00000000e+00	0.00000000e+00
-377	3.10000000e+01	0.00000000e+00	0.00000000e+00	0.00000000e+00
-376	3.10000000e+01	0.00000000e+00	0.00000000e+00	0.00000000e+00
-375	3.30000000e+01	0.00000000e+00	0.00000000e+00	0.00000000e+00
-374	3.30000000e+01	0.00000000e+00	0.00000000e+00	0.00000000e+00
-373	3.30000000e+01	0.00000000e+00	0.00000000e+00	0.00000000e+00
-372	3.30000000e+01	0.00000000e+00	0.00000000e+00	0.00000000e+00
-371	3.30000000e+01	0.00000000e+00	0.00000000e+00	0.00000000e+00
-370	3.30000000e+01	0.00000000e+00	0.00000000e+00	0.00000000e+00
-369	3.30000000e+01	0.00000000e+00	0.00000000e+00	0.00000000e+00
-368	3.50000000e+01	0.00000000e+00	0.00000000e+00	0.00000000e+00
-367	3.50000000e+01	0.00000000e+00	0.00000000e+00	0.00000000e+00
-366	3.50000000e+01	0.00000000e+00	0.00000000e+00	0.00000000e+00
-365	3.50000000e+01	0.00000000e+00	0.00000000e+00	0.00000000e+00
-364	3.60000000e+01	0.00000000e+00	0.00000000e+00	0.00000000e+00
-363	3.60000000e+01	0.00000000e+00	0.00000000e+00	0.00000000e+00
-362	3.80000000e+01	0.00000000e+00	0.00000000e+00	0.00000000e+00
-361	3.80000000e+01	0.00000000e+00	0.00000000e+00	0.00000000e+00
-360	3.80000000e+01	0.00000000e+00	0.00000000e+00	0.00000000e+00
-359	3.80000000e+01	0.00000000e+00	0.00000000e+00	0.00000000e+00
-358	3.80000000e+01	0.00000000e+00	0.00000000e+00	0.00000000e+00
-357	3.80000000e+01	0.00000000e+00	0.00000000e+00	0.00000000e+00
-356	3.80000000e+01	0.00000000e+00	0.00000000e+00	0.00000000e+00
-355	3.80000000e+01	0.00000000e+00	0.00000000e+00	0.00000000e+00
-354	3.80000000e+01	0.00000000e+00	0.00000000e+00	0.00000000e+00
-353	4.00000000e+01	0.00000000e+00	0.00000000e+00	0.00000000e+00
-352	4.10000000e+01	0.00000000e+00	0.00000000e+00	0.00000000e+00
-351	4.10000000e+01	0.00000000e+00	0.00000000e+00	0.00000000e+00
-350	4.10000000e+01	0.00000000e+00	0.00000000e+00	0.00000000e+00
-349	4.10000000e+01	0.00000000e+00	0.00000000e+00	0.00000000e+00
-348	4.10000000e+01	0.00000000e+00	0.00000000e+00	0.00000000e+00
-347	4.10000000e+01	0.00000000e+00	0.00000000e+00	0.00000000e+00
-346	4.10000000e+01	0.00000000e+00	0.00000000e+00	0.00000000e+00
-345	4.10000000e+01	0.00000000e+00	0.00000000e+00	0.00000000e+00
-344	4.20000000e+01	0.00000000e+00	0.00000000e+00	0.00000000e+00
-343	4.20000000e+01	0.00000000e+00	0.00000000e+00	0.00000000e+00
-342	4.40000000e+01	0.00000000e+00	0.00000000e+00	0.00000000e+00
-341	4.40000000e+01	0.00000000e+00	0.00000000e+00	0.00000000e+00
-340	4.40000000e+01	0.00000000e+00	0.00000000e+00	0.00000000e+00
-339	4.40000000e+01	0.00000000e+00	0.00000000e+00	0.00000000e+00
-338	4.40000000e+01	0.00000000e+00	0.00000000e+00	0.00000000e+00
-337	4.60000000e+01	0.00000000e+00	0.00000000e+00	0.00000000e+00
-336	4.60000000e+01	0.00000000e+00	0.00000000e+00	0.00000000e+00
-335	4.60000000e+01	0.00000000e+00	0.00000000e+00	0.00000000e+00
-334	4.60000000e+01	0.00000000e+00	0.00000000e+00	0.00000000e+00
-333	4.60000000e+01	0.00000000e+00	0.00000000e+00	0.00000000e+00
-332	4.70000000e+01	0.00000000e+00	0.00000000e+00	0.00000000e+00
-331	4.70000000e+01	0.00000000e+00	0.00000000e+00	0.00000000e+00
-330	4.70000000e+01	0.00000000e+00	0.00000000e+00	0.00000000e+00
-329	5.20000000e+01	0.00000000e+00	0.00000000e+00	0.00000000e+00
-328	5.20000000e+01	0.00000000e+00	0.00000000e+00	0.00000000e+00
-327	5.20000000e+01	0.00000000e+00	0.00000000e+00	0.00000000e+00
-326	5.30000000e+01	0.00000000e+00	0.00000000e+00	0.00000000e+00
-325	5.70000000e+01	0.00000000e+00	0.00000000e+00	0.00000000e+00
-324	5.80000000e+01	0.00000000e+00	0.00000000e+00	0.00000000e+00
-323	6.00000000e+01	0.00000000e+00	0.00000000e+00	0.00000000e+00
-322	6.20000000e+01	0.00000000e+00	0.00000000e+00	0.00000000e+00
-321	6.60000000e+01	0.00000000e+00	0.00000000e+00	0.00000000e+00
-320	6.70000000e+01	0.00000000e+00	0.00000000e+00	0.00000000e+00
-319	6.80000000e+01	0.00000000e+00	0.00000000e+00	0.00000000e+00
-318	8.90000000e+01	1.00000000e+00	1.00000000e+00	2.00000000e+00
-317	1.35000000e+02	1.00000000e+00	1.00000000e+00	4.00000000e+00
-316	1.77000000e+02	1.00000000e+00	1.00000000e+00	4.00000000e+00
-315	2.25000000e+02	1.00000000e+00	1.00000000e+00	4.00000000e+00
-314	2.63000000e+02	1.00000000e+00	1.00000000e+00	4.00000000e+00
-313	2.99000000e+02	2.00000000e+00	2.00000000e+00	5.00000000e+00
-312	3.47000000e+02	2.00000000e+00	2.00000000e+00	5.00000000e+00
-311	4.00000000e+02	2.00000000e+00	2.00000000e+00	5.00000000e+00
-310	4.77000000e+02	2.00000000e+00	2.00000000e+00	5.00000000e+00
-309	5.77000000e+02	2.00000000e+00	2.00000000e+00	5.00000000e+00
-308	6.65000000e+02	2.00000000e+00	2.00000000e+00	5.00000000e+00
-307	7.95000000e+02	2.00000000e+00	2.00000000e+00	5.00000000e+00
-306	8.73000000e+02	2.00000000e+00	2.00000000e+00	5.00000000e+00
-305	9.37000000e+02	2.00000000e+00	2.00000000e+00	5.00000000e+00
-304	1.04500000e+03	2.00000000e+00	2.00000000e+00	5.00000000e+00
-303	1.16800000e+03	2.00000000e+00	2.00000000e+00	5.00000000e+00
-302	1.28900000e+03	2.00000000e+00	2.00000000e+00	5.00000000e+00
-301	1.39600000e+03	2.00000000e+00	2.00000000e+00	5.00000000e+00
-300	1.47500000e+03	2.00000000e+00	2.00000000e+00	5.00000000e+00
-299	1.55200000e+03	2.00000000e+00	2.00000000e+00	5.00000000e+00
-298	1.72700000e+03	3.00000000e+00	4.00000000e+00	9.00000000e+00
-297	1.94600000e+03	3.00000000e+00	4.00000000e+00	9.00000000e+00
-296	2.09500000e+03	4.00000000e+00	5.00000000e+00	1.00000000e+01
-295	2.16600000e+03	4.00000000e+00	5.00000000e+00	1.00000000e+01
-294	2.24200000e+03	4.00000000e+00	5.00000000e+00	1.00000000e+01
-293	2.29400000e+03	4.00000000e+00	5.00000000e+00	1.00000000e+01
-292	2.33300000e+03	4.00000000e+00	5.00000000e+00	1.00000000e+01
-291	2.38000000e+03	4.00000000e+00	5.00000000e+00	1.00000000e+01
-290	2.44400000e+03	4.00000000e+00	5.00000000e+00	1.00000000e+01
-289	2.48600000e+03	4.00000000e+00	5.00000000e+00	1.00000000e+01
-288	2.52100000e+03	4.00000000e+00	5.00000000e+00	1.00000000e+01
-287	2.56200000e+03	4.00000000e+00	5.00000000e+00	1.00000000e+01
-286	2.59700000e+03	4.00000000e+00	5.00000000e+00	1.00000000e+01
-285	2.62700000e+03	4.00000000e+00	5.00000000e+00	1.00000000e+01
-284	2.66600000e+03	4.00000000e+00	5.00000000e+00	1.00000000e+01
-283	2.70700000e+03	4.00000000e+00	5.00000000e+00	1.00000000e+01
-282	2.75700000e+03	4.00000000e+00	5.00000000e+00	1.00000000e+01
-281	2.79200000e+03	4.00000000e+00	5.00000000e+00	1.00000000e+01
-280	2.82700000e+03	4.00000000e+00	5.00000000e+00	1.00000000e+01
-279	2.86300000e+03	4.00000000e+00	5.00000000e+00	1.00000000e+01
-278	2.89200000e+03	4.00000000e+00	5.00000000e+00	1.00000000e+01
-277	2.92400000e+03	4.00000000e+00	5.00000000e+00	1.00000000e+01
-276	2.95400000e+03	4.00000000e+00	5.00000000e+00	1.00000000e+01
-275	2.98000000e+03	4.00000000e+00	5.00000000e+00	1.00000000e+01
-274	3.01500000e+03	4.00000000e+00	5.00000000e+00	1.00000000e+01
-273	3.03800000e+03	4.00000000e+00	5.00000000e+00	1.00000000e+01
-272	3.05800000e+03	4.00000000e+00	5.00000000e+00	1.00000000e+01
-271	3.07700000e+03	4.00000000e+00	5.00000000e+00	1.00000000e+01
-270	3.10200000e+03	4.00000000e+00	5.00000000e+00	1.00000000e+01
-269	3.12600000e+03	4.00000000e+00	5.00000000e+00	1.00000000e+01
-268	3.15000000e+03	4.00000000e+00	5.00000000e+00	1.00000000e+01
-267	3.17100000e+03	4.00000000e+00	5.00000000e+00	1.00000000e+01
-266	3.18800000e+03	4.00000000e+00	5.00000000e+00	1.00000000e+01
-265	3.20500000e+03	4.00000000e+00	5.00000000e+00	1.00000000e+01
-264	3.23600000e+03	4.00000000e+00	5.00000000e+00	1.00000000e+01
-263	3.26300000e+03	4.00000000e+00	5.00000000e+00	1.00000000e+01
-262	3.29300000e+03	4.00000000e+00	5.00000000e+00	1.00000000e+01
-261	3.33400000e+03	4.00000000e+00	5.00000000e+00	1.00000000e+01
-260	3.35700000e+03	4.00000000e+00	5.00000000e+00	1.00000000e+01
-259	3.37600000e+03	4.00000000e+00	5.00000000e+00	1.00000000e+01
-258	3.39800000e+03	4.00000000e+00	5.00000000e+00	1.00000000e+01
-257	3.42500000e+03	4.00000000e+00	5.00000000e+00	1.00000000e+01
-256	3.45000000e+03	4.00000000e+00	5.00000000e+00	1.00000000e+01
-255	3.49000000e+03	4.00000000e+00	5.00000000e+00	1.00000000e+01
-254	3.51200000e+03	4.00000000e+00	5.00000000e+00	1.00000000e+01
-253	3.54000000e+03	4.00000000e+00	5.00000000e+00	1.00000000e+01
-252	3.57100000e+03	6.00000000e+00	7.00000000e+00	1.20000000e+01
-251	3.59600000e+03	6.00000000e+00	7.00000000e+00	1.20000000e+01
-250	3.61300000e+03	6.00000000e+00	7.00000000e+00	1.20000000e+01
-249	3.64200000e+03	6.00000000e+00	7.00000000e+00	1.20000000e+01
-248	3.66800000e+03	6.00000000e+00	7.00000000e+00	1.20000000e+01
-247	3.70400000e+03	6.00000000e+00	7.00000000e+00	1.20000000e+01
-246	3.72200000e+03	6.00000000e+00	7.00000000e+00	1.20000000e+01
-245	3.74500000e+03	6.00000000e+00	7.00000000e+00	1.20000000e+01
-244	3.76900000e+03	6.00000000e+00	7.00000000e+00	1.20000000e+01
-243	3.79700000e+03	6.00000000e+00	7.00000000e+00	1.20000000e+01
-242	3.82000000e+03	6.00000000e+00	7.00000000e+00	1.20000000e+01
-241	3.84700000e+03	6.00000000e+00	7.00000000e+00	1.20000000e+01
-240	3.87500000e+03	6.00000000e+00	7.00000000e+00	1.20000000e+01
-239	3.91500000e+03	6.00000000e+00	7.00000000e+00	1.20000000e+01
-238	3.94100000e+03	6.00000000e+00	7.00000000e+00	1.20000000e+01
-237	3.95700000e+03	6.00000000e+00	7.00000000e+00	1.20000000e+01
-236	3.97900000e+03	6.00000000e+00	7.00000000e+00	1.20000000e+01
-235	3.99100000e+03	6.00000000e+00	7.00000000e+00	1.20000000e+01
-234	4.01000000e+03	6.00000000e+00	7.00000000e+00	1.20000000e+01
-233	4.04900000e+03	6.00000000e+00	7.00000000e+00	1.20000000e+01
-232	4.06200000e+03	6.00000000e+00	7.00000000e+00	1.20000000e+01
-231	4.08300000e+03	6.00000000e+00	7.00000000e+00	1.20000000e+01
-230	4.09600000e+03	6.00000000e+00	7.00000000e+00	1.20000000e+01
-229	4.11300000e+03	6.00000000e+00	7.00000000e+00	1.20000000e+01
-228	4.13100000e+03	6.00000000e+00	7.00000000e+00	1.20000000e+01
-227	4.15900000e+03	6.00000000e+00	7.00000000e+00	1.20000000e+01
-226	4.18700000e+03	6.00000000e+00	7.00000000e+00	1.20000000e+01
-225	4.21500000e+03	6.00000000e+00	7.00000000e+00	1.20000000e+01
-224	4.24200000e+03	6.00000000e+00	7.00000000e+00	1.20000000e+01
-223	4.27000000e+03	6.00000000e+00	7.00000000e+00	1.20000000e+01
-222	4.30000000e+03	6.00000000e+00	7.00000000e+00	1.20000000e+01
-221	4.30900000e+03	6.00000000e+00	7.00000000e+00	1.20000000e+01
-220	4.32500000e+03	6.00000000e+00	7.00000000e+00	1.20000000e+01
-219	4.35400000e+03	6.00000000e+00	7.00000000e+00	1.20000000e+01
-218	4.39200000e+03	6.00000000e+00	7.00000000e+00	1.20000000e+01
-217	4.41200000e+03	6.00000000e+00	7.00000000e+00	1.20000000e+01
-216	4.43300000e+03	6.00000000e+00	7.00000000e+00	1.20000000e+01
-215	4.45900000e+03	6.00000000e+00	7.00000000e+00	1.20000000e+01
-214	4.49600000e+03	6.00000000e+00	7.00000000e+00	1.20000000e+01
-213	4.52000000e+03	6.00000000e+00	7.00000000e+00	1.20000000e+01
-212	4.53900000e+03	6.00000000e+00	7.00000000e+00	1.20000000e+01
-211	4.56600000e+03	6.00000000e+00	7.00000000e+00	1.20000000e+01
-210	4.58600000e+03	6.00000000e+00	7.00000000e+00	1.20000000e+01
-209	4.60100000e+03	6.00000000e+00	7.00000000e+00	1.20000000e+01
-208	4.62500000e+03	6.00000000e+00	7.00000000e+00	1.20000000e+01
-207	4.65000000e+03	6.00000000e+00	7.00000000e+00	1.20000000e+01
-206	4.67900000e+03	6.00000000e+00	7.00000000e+00	1.20000000e+01
-205	4.71000000e+03	6.00000000e+00	7.00000000e+00	1.20000000e+01
-204	4.73600000e+03	6.00000000e+00	7.00000000e+00	1.20000000e+01
-203	4.76000000e+03	6.00000000e+00	7.00000000e+00	1.20000000e+01
-202	4.78600000e+03	6.00000000e+00	7.00000000e+00	1.20000000e+01
-201	4.82000000e+03	6.00000000e+00	7.00000000e+00	1.20000000e+01
-200	4.85500000e+03	6.00000000e+00	7.00000000e+00	1.20000000e+01
-199	4.87800000e+03	6.00000000e+00	7.00000000e+00	1.20000000e+01
-198	4.90200000e+03	6.00000000e+00	7.00000000e+00	1.20000000e+01
-197	4.93400000e+03	6.00000000e+00	7.00000000e+00	1.20000000e+01
-196	4.96800000e+03	6.00000000e+00	7.00000000e+00	1.20000000e+01
-195	5.00600000e+03	6.00000000e+00	7.00000000e+00	1.20000000e+01
-194	5.03300000e+03	6.00000000e+00	7.00000000e+00	1.20000000e+01
-193	5.05600000e+03	6.00000000e+00	7.00000000e+00	1.20000000e+01
-192	5.08300000e+03	6.00000000e+00	7.00000000e+00	1.20000000e+01
-191	5.11700000e+03	6.00000000e+00	7.00000000e+00	1.20000000e+01
-190	5.15200000e+03	6.00000000e+00	7.00000000e+00	1.20000000e+01
-189	5.17900000e+03	6.00000000e+00	7.00000000e+00	1.20000000e+01
-188	5.20600000e+03	6.00000000e+00	7.00000000e+00	1.20000000e+01
-187	5.26100000e+03	6.00000000e+00	7.00000000e+00	1.20000000e+01
-186	5.32900000e+03	6.00000000e+00	7.00000000e+00	1.20000000e+01
-185	5.38200000e+03	6.00000000e+00	7.00000000e+00	1.20000000e+01
-184	5.41300000e+03	6.00000000e+00	7.00000000e+00	1.20000000e+01
-183	5.45600000e+03	6.00000000e+00	7.00000000e+00	1.20000000e+01
-182	5.49000000e+03	6.00000000e+00	7.00000000e+00	1.20000000e+01
-181	5.52400000e+03	6.00000000e+00	7.00000000e+00	1.20000000e+01
-180	5.55000000e+03	6.00000000e+00	7.00000000e+00	1.20000000e+01
-179	5.59300000e+03	6.00000000e+00	7.00000000e+00	1.20000000e+01
-178	5.59300000e+03	6.00000000e+00	7.00000000e+00	1.20000000e+01
-177	5.64000000e+03	6.00000000e+00	7.00000000e+00	1.20000000e+01
-176	5.64000000e+03	6.00000000e+00	7.00000000e+00	1.20000000e+01
-175	5.64000000e+03	6.00000000e+00	7.00000000e+00	1.20000000e+01
-174	5.64000000e+03	6.00000000e+00	7.00000000e+00	1.20000000e+01
-173	5.64000000e+03	6.00000000e+00	8.00000000e+00	1.30000000e+01
-172	5.64000000e+03	6.00000000e+00	8.00000000e+00	1.30000000e+01
-171	5.69300000e+03	6.00000000e+00	8.00000000e+00	1.30000000e+01
-170	5.72600000e+03	6.00000000e+00	8.00000000e+00	1.30000000e+01
-169	5.76100000e+03	6.00000000e+00	8.00000000e+00	1.30000000e+01
-168	5.79700000e+03	7.00000000e+00	9.00000000e+00	1.40000000e+01
-167	5.83200000e+03	7.00000000e+00	9.00000000e+00	1.40000000e+01
-166	5.87300000e+03	7.00000000e+00	9.00000000e+00	1.40000000e+01
-165	5.90700000e+03	7.00000000e+00	9.00000000e+00	1.40000000e+01
-164	5.94900000e+03	8.00000000e+00	1.00000000e+01	1.60000000e+01
-163	5.98900000e+03	8.00000000e+00	1.00000000e+01	1.60000000e+01
-162	6.02100000e+03	8.00000000e+00	1.00000000e+01	1.60000000e+01
-161	6.05300000e+03	8.00000000e+00	1.00000000e+01	1.60000000e+01
-160	6.07500000e+03	8.00000000e+00	1.00000000e+01	1.60000000e+01
-159	6.13100000e+03	8.00000000e+00	1.00000000e+01	1.60000000e+01
-158	6.16700000e+03	8.00000000e+00	1.00000000e+01	1.60000000e+01
-157	6.21000000e+03	8.00000000e+00	1.00000000e+01	1.60000000e+01
-156	6.25200000e+03	8.00000000e+00	1.00000000e+01	1.60000000e+01
-155	6.25200000e+03	8.00000000e+00	1.00000000e+01	1.60000000e+01
-154	6.25200000e+03	8.00000000e+00	1.00000000e+01	1.60000000e+01
-153	6.25200000e+03	8.00000000e+00	1.00000000e+01	1.60000000e+01
-152	6.28300000e+03	8.00000000e+00	1.00000000e+01	1.60000000e+01
-151	6.32300000e+03	8.00000000e+00	1.00000000e+01	1.60000000e+01
-150	6.35400000e+03	8.00000000e+00	1.00000000e+01	1.60000000e+01
-149	6.39300000e+03	8.00000000e+00	1.00000000e+01	1.60000000e+01
-148	6.41500000e+03	8.00000000e+00	1.00000000e+01	1.60000000e+01
-147	6.43300000e+03	8.00000000e+00	1.00000000e+01	1.60000000e+01
-146	6.47200000e+03	8.00000000e+00	1.00000000e+01	1.60000000e+01
-145	6.50900000e+03	8.00000000e+00	1.00000000e+01	1.60000000e+01
-144	6.55400000e+03	8.00000000e+00	1.00000000e+01	1.60000000e+01
-143	6.58300000e+03	8.00000000e+00	1.00000000e+01	1.60000000e+01
-142	6.62500000e+03	8.00000000e+00	1.00000000e+01	1.60000000e+01
-141	6.65900000e+03	8.00000000e+00	1.10000000e+01	1.80000000e+01
-140	6.68300000e+03	8.00000000e+00	1.10000000e+01	1.80000000e+01
-139	6.70700000e+03	8.00000000e+00	1.10000000e+01	1.80000000e+01
-138	6.73200000e+03	8.00000000e+00	1.10000000e+01	1.80000000e+01
-137	6.76300000e+03	8.00000000e+00	1.10000000e+01	1.80000000e+01
-136	6.80100000e+03	8.00000000e+00	1.10000000e+01	1.80000000e+01
-135	6.82700000e+03	8.00000000e+00	1.10000000e+01	1.80000000e+01
-134	6.85700000e+03	8.00000000e+00	1.10000000e+01	1.80000000e+01
-133	6.89200000e+03	8.00000000e+00	1.10000000e+01	1.80000000e+01
-132	6.93900000e+03	8.00000000e+00	1.10000000e+01	1.80000000e+01
-131	6.96600000e+03	8.00000000e+00	1.10000000e+01	1.80000000e+01
-130	6.99400000e+03	8.00000000e+00	1.10000000e+01	1.80000000e+01
-129	7.03600000e+03	8.00000000e+00	1.10000000e+01	1.80000000e+01
-128	7.09800000e+03	8.00000000e+00	1.10000000e+01	3.10000000e+01
-127	7.13200000e+03	8.00000000e+00	1.10000000e+01	1.80000000e+01
-126	7.16000000e+03	8.00000000e+00	1.10000000e+01	1.80000000e+01
-125	7.20400000e+03	8.00000000e+00	1.10000000e+01	1.80000000e+01
-124	7.26700000e+03	8.00000000e+00	1.10000000e+01	1.80000000e+01
-123	7.26700000e+03	8.00000000e+00	1.10000000e+01	1.80000000e+01
-122	7.34100000e+03	8.00000000e+00	1.10000000e+01	1.80000000e+01
-121	7.38100000e+03	8.00000000e+00	1.10000000e+01	1.80000000e+01
-120	7.44000000e+03	8.00000000e+00	1.10000000e+01	1.80000000e+01
-119	7.47300000e+03	8.00000000e+00	1.10000000e+01	1.80000000e+01
-118	7.51600000e+03	8.00000000e+00	1.10000000e+01	1.80000000e+01
-117	7.56500000e+03	8.00000000e+00	1.10000000e+01	1.80000000e+01
-116	7.56500000e+03	8.00000000e+00	1.10000000e+01	1.80000000e+01
-115	7.61400000e+03	8.00000000e+00	1.10000000e+01	1.80000000e+01
-114	7.65200000e+03	8.00000000e+00	1.10000000e+01	1.80000000e+01
-113	7.69900000e+03	8.00000000e+00	1.10000000e+01	1.80000000e+01
-112	7.73500000e+03	8.00000000e+00	1.10000000e+01	1.80000000e+01
-111	7.79900000e+03	9.00000000e+00	1.20000000e+01	2.00000000e+01
-110	7.87100000e+03	9.00000000e+00	1.20000000e+01	2.00000000e+01
-109	7.94800000e+03	9.00000000e+00	1.20000000e+01	2.00000000e+01
-108	8.00500000e+03	9.00000000e+00	1.20000000e+01	2.00000000e+01
-107	8.04500000e+03	9.00000000e+00	1.20000000e+01	2.00000000e+01
-106	8.10400000e+03	9.00000000e+00	1.20000000e+01	2.00000000e+01
-105	8.16000000e+03	9.00000000e+00	1.20000000e+01	2.00000000e+01
-104	8.20800000e+03	9.00000000e+00	1.20000000e+01	2.00000000e+01
-103	8.25100000e+03	9.00000000e+00	1.20000000e+01	2.00000000e+01
-102	8.29500000e+03	9.00000000e+00	1.20000000e+01	2.00000000e+01
-101	8.33900000e+03	9.00000000e+00	1.20000000e+01	2.00000000e+01
-100	8.39400000e+03	9.00000000e+00	1.20000000e+01	2.00000000e+01
-99	8.42900000e+03	9.00000000e+00	1.20000000e+01	2.00000000e+01
-98	8.46800000e+03	9.00000000e+00	1.20000000e+01	2.00000000e+01
-97	8.51500000e+03	9.00000000e+00	1.20000000e+01	2.00000000e+01
-96	8.56300000e+03	9.00000000e+00	1.20000000e+01	2.00000000e+01
-95	8.60700000e+03	9.00000000e+00	1.20000000e+01	2.00000000e+01
-94	8.65300000e+03	9.00000000e+00	1.20000000e+01	2.00000000e+01
-93	8.69800000e+03	9.00000000e+00	1.20000000e+01	2.00000000e+01
-92	8.73400000e+03	9.00000000e+00	1.20000000e+01	2.00000000e+01
-91	8.77200000e+03	9.00000000e+00	1.20000000e+01	2.00000000e+01
-90	8.81500000e+03	9.00000000e+00	1.20000000e+01	2.00000000e+01
-89	8.85300000e+03	9.00000000e+00	1.20000000e+01	2.00000000e+01
-88	8.90800000e+03	9.00000000e+00	1.20000000e+01	2.00000000e+01
-87	8.96700000e+03	9.00000000e+00	1.20000000e+01	2.00000000e+01
-86	9.00800000e+03	9.00000000e+00	1.20000000e+01	2.00000000e+01
-85	9.05600000e+03	9.00000000e+00	1.20000000e+01	2.00000000e+01
-84	9.09000000e+03	9.00000000e+00	1.20000000e+01	2.00000000e+01
-83	9.13200000e+03	1.00000000e+01	1.30000000e+01	2.10000000e+01
-82	9.18200000e+03	1.00000000e+01	1.30000000e+01	2.10000000e+01
-81	9.24500000e+03	1.00000000e+01	1.30000000e+01	2.10000000e+01
-80	9.29600000e+03	1.00000000e+01	1.30000000e+01	2.10000000e+01
-79	9.34800000e+03	1.00000000e+01	1.30000000e+01	2.10000000e+01
-78	9.39400000e+03	1.00000000e+01	1.30000000e+01	2.10000000e+01
-77	9.43500000e+03	1.00000000e+01	1.30000000e+01	2.10000000e+01
-76	9.47100000e+03	1.00000000e+01	1.30000000e+01	2.10000000e+01
-75	9.51400000e+03	1.00000000e+01	1.30000000e+01	2.10000000e+01
-74	9.56100000e+03	1.10000000e+01	1.40000000e+01	2.20000000e+01
-73	9.62000000e+03	1.10000000e+01	1.40000000e+01	2.20000000e+01
-72	9.66300000e+03	1.10000000e+01	1.40000000e+01	2.20000000e+01
-71	9.72900000e+03	1.10000000e+01	1.40000000e+01	2.20000000e+01
-70	9.77300000e+03	1.10000000e+01	1.40000000e+01	2.20000000e+01
-69	9.82100000e+03	1.10000000e+01	1.40000000e+01	2.20000000e+01
-68	9.88800000e+03	1.10000000e+01	1.40000000e+01	2.20000000e+01
-67	9.96300000e+03	1.10000000e+01	1.40000000e+01	2.20000000e+01
-66	1.00430000e+04	1.10000000e+01	1.40000000e+01	2.20000000e+01
-65	1.00860000e+04	1.10000000e+01	1.40000000e+01	2.20000000e+01
-64	1.01150000e+04	1.10000000e+01	1.40000000e+01	2.20000000e+01
-63	1.01520000e+04	1.10000000e+01	1.40000000e+01	2.20000000e+01
-62	1.01970000e+04	1.10000000e+01	1.40000000e+01	2.20000000e+01
-61	1.02630000e+04	1.10000000e+01	1.40000000e+01	2.20000000e+01
-60	1.03190000e+04	1.20000000e+01	1.50000000e+01	2.30000000e+01
-59	1.03890000e+04	1.20000000e+01	1.50000000e+01	2.30000000e+01
-58	1.04330000e+04	1.20000000e+01	1.50000000e+01	2.30000000e+01
-57	1.04710000e+04	1.20000000e+01	1.50000000e+01	2.30000000e+01
-56	1.05220000e+04	1.20000000e+01	1.50000000e+01	2.30000000e+01
-55	1.05810000e+04	1.20000000e+01	1.50000000e+01	2.30000000e+01
-54	1.05810000e+04	1.20000000e+01	1.50000000e+01	2.30000000e+01
-53	1.05810000e+04	1.20000000e+01	1.50000000e+01	2.30000000e+01
-52	1.06430000e+04	1.20000000e+01	1.50000000e+01	2.30000000e+01
-51	1.07110000e+04	1.20000000e+01	1.50000000e+01	2.30000000e+01
-50	1.07590000e+04	1.20000000e+01	1.50000000e+01	2.30000000e+01
-49	1.08110000e+04	1.20000000e+01	1.50000000e+01	2.30000000e+01
-48	1.08510000e+04	1.20000000e+01	1.50000000e+01	2.30000000e+01
-47	1.09040000e+04	1.20000000e+01	1.50000000e+01	2.30000000e+01
-46	1.09790000e+04	1.20000000e+01	1.50000000e+01	2.30000000e+01
-45	1.10390000e+04	1.20000000e+01	1.50000000e+01	2.30000000e+01
-44	1.10910000e+04	1.20000000e+01	1.50000000e+01	2.30000000e+01
-43	1.11470000e+04	1.20000000e+01	1.50000000e+01	2.30000000e+01
-42	1.12070000e+04	1.20000000e+01	1.50000000e+01	2.30000000e+01
-41	1.12520000e+04	1.20000000e+01	1.50000000e+01	2.30000000e+01
-40	1.13280000e+04	1.20000000e+01	1.50000000e+01	2.30000000e+01
-39	1.13950000e+04	1.20000000e+01	1.50000000e+01	2.30000000e+01
-38	1.13950000e+04	1.20000000e+01	1.50000000e+01	2.30000000e+01
-37	1.14490000e+04	1.20000000e+01	1.50000000e+01	2.30000000e+01
-36	1.14940000e+04	1.20000000e+01	1.50000000e+01	2.30000000e+01
-35	1.15460000e+04	1.20000000e+01	1.50000000e+01	2.30000000e+01
-34	1.15970000e+04	1.20000000e+01	1.50000000e+01	2.30000000e+01
-33	1.16370000e+04	1.20000000e+01	1.50000000e+01	2.30000000e+01
-32	1.17180000e+04	1.20000000e+01	1.50000000e+01	2.30000000e+01
-31	1.17720000e+04	1.20000000e+01	1.50000000e+01	2.30000000e+01
-30	1.18310000e+04	1.20000000e+01	1.50000000e+01	2.30000000e+01
-29	1.23230000e+04	1.30000000e+01	1.60000000e+01	2.40000000e+01
-28	1.25520000e+04	1.30000000e+01	1.60000000e+01	2.40000000e+01
-27	1.27130000e+04	1.30000000e+01	1.60000000e+01	2.40000000e+01
-26	1.28840000e+04	1.30000000e+01	1.60000000e+01	2.40000000e+01
-25	1.30550000e+04	1.30000000e+01	1.60000000e+01	2.40000000e+01
-24	1.31970000e+04	1.30000000e+01	1.60000000e+01	2.40000000e+01
-23	1.31970000e+04	1.30000000e+01	1.70000000e+01	2.50000000e+01
-22	1.33350000e+04	1.30000000e+01	1.70000000e+01	2.50000000e+01
-21	1.34370000e+04	1.30000000e+01	1.70000000e+01	2.50000000e+01
-20	1.35580000e+04	1.40000000e+01	1.80000000e+01	2.60000000e+01
-19	1.37130000e+04	1.40000000e+01	1.90000000e+01	2.80000000e+01
-18	1.38280000e+04	1.40000000e+01	1.90000000e+01	2.80000000e+01
-17	1.39270000e+04	1.40000000e+01	1.90000000e+01	2.80000000e+01
-16	1.40400000e+04	1.40000000e+01	1.90000000e+01	2.80000000e+01
-15	1.44420000e+04	1.50000000e+01	2.00000000e+01	3.10000000e+01
-14	1.46300000e+04	1.50000000e+01	2.00000000e+01	3.10000000e+01
-13	1.48180000e+04	1.50000000e+01	2.00000000e+01	3.10000000e+01
-12	1.49410000e+04	1.50000000e+01	2.00000000e+01	3.10000000e+01
-11	1.50770000e+04	1.50000000e+01	2.00000000e+01	3.10000000e+01
-10	1.52020000e+04	1.50000000e+01	2.00000000e+01	3.10000000e+01
-9	1.53160000e+04	1.50000000e+01	2.00000000e+01	3.10000000e+01
-8	1.54380000e+04	1.50000000e+01	2.00000000e+01	3.10000000e+01
-7	1.55670000e+04	1.50000000e+01	2.00000000e+01	3.10000000e+01
-6	1.56780000e+04	1.50000000e+01	2.00000000e+01	3.10000000e+01
-5	1.58020000e+04	1.50000000e+01	2.00000000e+01	3.10000000e+01
-4	1.59260000e+04	1.70000000e+01	2.10000000e+01	3.20000000e+01
-3	1.60530000e+04	1.70000000e+01	2.10000000e+01	3.20000000e+01
-2	1.61340000e+04	1.70000000e+01	2.10000000e+01	3.20000000e+01
-1	1.62520000e+04	1.70000000e+01	2.10000000e+01	3.20000000e+01
0	1.65230000e+04	1.70000000e+01	2.10000000e+01	3.20000000e+01
1	1.70200000e+04	1.90000000e+01	2.20000000e+01	3.40000000e+01
2	1.73570000e+04	1.80000000e+01	2.30000000e+01	3.50000000e+01
3	1.76220000e+04	1.80000000e+01	2.30000000e+01	3.50000000e+01
4	1.78110000e+04	1.80000000e+01	2.30000000e+01	3.50000000e+01
5	1.79540000e+04	1.80000000e+01	2.30000000e+01	3.50000000e+01
6	1.81390000e+04	2.30000000e+01	2.50000000e+01	3.80000000e+01
7	1.82820000e+04	2.30000000e+01	2.60000000e+01	4.10000000e+01
8	1.84470000e+04	2.30000000e+01	2.60000000e+01	4.10000000e+01
9	1.86100000e+04	2.30000000e+01	2.60000000e+01	4.10000000e+01
10	1.87960000e+04	2.30000000e+01	2.60000000e+01	4.10000000e+01
11	1.89790000e+04	2.20000000e+01	2.70000000e+01	4.20000000e+01
12	1.91310000e+04	2.20000000e+01	2.70000000e+01	4.20000000e+01
13	1.92850000e+04	2.20000000e+01	2.70000000e+01	4.20000000e+01
14	1.94780000e+04	2.20000000e+01	2.70000000e+01	4.20000000e+01
15	1.97130000e+04	2.20000000e+01	2.70000000e+01	4.20000000e+01
16	1.99910000e+04	2.20000000e+01	2.70000000e+01	4.20000000e+01
17	2.03090000e+04	2.20000000e+01	2.70000000e+01	4.20000000e+01
18	2.05630000e+04	2.20000000e+01	2.70000000e+01	4.20000000e+01
19	2.07150000e+04	2.20000000e+01	2.70000000e+01	4.20000000e+01
20	2.08680000e+04	2.20000000e+01	2.70000000e+01	4.20000000e+01
21	2.10130000e+04	2.20000000e+01	2.70000000e+01	4.20000000e+01
22	2.12440000e+04	2.20000000e+01	2.70000000e+01	4.20000000e+01
23	2.14750000e+04	2.20000000e+01	2.70000000e+01	4.20000000e+01
24	2.18030000e+04	2.40000000e+01	2.80000000e+01	4.30000000e+01
25	2.20210000e+04	2.40000000e+01	2.80000000e+01	4.30000000e+01
26	2.21730000e+04	2.40000000e+01	2.80000000e+01	4.30000000e+01
27	2.22880000e+04	2.40000000e+01	2.80000000e+01	4.30000000e+01
28	2.24320000e+04	2.40000000e+01	2.80000000e+01	4.30000000e+01
29	2.26160000e+04	2.40000000e+01	2.80000000e+01	4.30000000e+01
30	2.27740000e+04	2.40000000e+01	2.80000000e+01	4.30000000e+01
31	2.29750000e+04	2.40000000e+01	2.80000000e+01	4.30000000e+01
32	2.31410000e+04	2.40000000e+01	2.80000000e+01	4.30000000e+01
33	2.32750000e+04	2.40000000e+01	2.80000000e+01	4.30000000e+01
34	2.33800000e+04	2.40000000e+01	2.80000000e+01	4.30000000e+01
35	2.35230000e+04	2.40000000e+01	2.80000000e+01	4.30000000e+01
36	2.36960000e+04	2.50000000e+01	2.90000000e+01	4.40000000e+01
37	2.39030000e+04	2.50000000e+01	2.90000000e+01	4.40000000e+01
38	2.41140000e+04	2.50000000e+01	2.90000000e+01	4.40000000e+01
39	2.42680000e+04	2.50000000e+01	2.90000000e+01	4.40000000e+01
40	2.44040000e+04	2.50000000e+01	2.90000000e+01	4.40000000e+01
41	2.45080000e+04	2.50000000e+01	2.90000000e+01	4.40000000e+01
42	2.46150000e+04	2.50000000e+01	2.90000000e+01	4.40000000e+01
43	2.47630000e+04	2.50000000e+01	2.90000000e+01	4.40000000e+01
44	2.49290000e+04	2.50000000e+01	2.90000000e+01	4.40000000e+01
45	2.51070000e+04	2.50000000e+01	2.90000000e+01	4.40000000e+01
46	2.52410000e+04	2.50000000e+01	2.90000000e+01	4.40000000e+01
47	2.53740000e+04	2.50000000e+01	2.90000000e+01	4.40000000e+01
48	2.55010000e+04	2.50000000e+01	2.90000000e+01	4.40000000e+01
49	2.56040000e+04	2.50000000e+01	3.00000000e+01	4.50000000e+01
50	2.57350000e+04	2.50000000e+01	3.00000000e+01	4.50000000e+01
51	2.58910000e+04	2.50000000e+01	3.00000000e+01	4.50000000e+01
52	2.60530000e+04	2.50000000e+01	3.10000000e+01	4.60000000e+01
53	2.62010000e+04	2.50000000e+01	3.10000000e+01	4.60000000e+01
54	2.63170000e+04	2.50000000e+01	3.10000000e+01	4.60000000e+01
55	2.64830000e+04	2.50000000e+01	3.10000000e+01	4.60000000e+01
56	2.66450000e+04	2.50000000e+01	3.10000000e+01	4.60000000e+01
57	2.68280000e+04	2.50000000e+01	3.10000000e+01	4.60000000e+01
58	2.70420000e+04	2.50000000e+01	3.10000000e+01	4.60000000e+01
59	2.72560000e+04	2.50000000e+01	3.10000000e+01	4.60000000e+01
60	2.74090000e+04	2.50000000e+01	3.10000000e+01	4.60000000e+01
61	2.75460000e+04	2.50000000e+01	3.10000000e+01	4.60000000e+01
62	2.75460000e+04	2.50000000e+01	3.10000000e+01	4.60000000e+01
63	2.76810000e+04	2.70000000e+01	3.20000000e+01	4.70000000e+01
64	2.78450000e+04	2.70000000e+01	3.20000000e+01	4.70000000e+01
65	2.79810000e+04	2.70000000e+01	3.20000000e+01	4.70000000e+01
66	2.81440000e+04	2.70000000e+01	3.20000000e+01	4.70000000e+01
67	2.82790000e+04	2.70000000e+01	3.20000000e+01	4.70000000e+01
68	2.84170000e+04	2.70000000e+01	3.20000000e+01	4.70000000e+01
69	2.85410000e+04	2.70000000e+01	3.20000000e+01	4.70000000e+01
70	2.86730000e+04	2.70000000e+01	3.20000000e+01	4.70000000e+01
71	2.87770000e+04	2.70000000e+01	3.20000000e+01	4.70000000e+01
72	2.89430000e+04	2.70000000e+01	3.20000000e+01	4.70000000e+01
73	2.90850000e+04	2.70000000e+01	3.20000000e+01	4.70000000e+01
74	2.92120000e+04	2.70000000e+01	3.20000000e+01	4.70000000e+01
75	2.93130000e+04	2.70000000e+01	3.20000000e+01	4.70000000e+01
76	2.94120000e+04	2.70000000e+01	3.20000000e+01	4.70000000e+01
77	2.95100000e+04	2.70000000e+01	3.20000000e+01	4.70000000e+01
78	2.96110000e+04	2.80000000e+01	3.30000000e+01	4.80000000e+01
79	2.97340000e+04	2.80000000e+01	3.30000000e+01	4.80000000e+01
80	2.98570000e+04	2.80000000e+01	3.30000000e+01	4.80000000e+01
81	2.99820000e+04	2.80000000e+01	3.30000000e+01	4.80000000e+01
82	3.00790000e+04	2.80000000e+01	3.30000000e+01	4.80000000e+01
83	3.01640000e+04	2.80000000e+01	3.30000000e+01	4.80000000e+01
84	3.03580000e+04	2.80000000e+01	3.30000000e+01	4.80000000e+01
85	3.04320000e+04	2.80000000e+01	3.30000000e+01	4.80000000e+01
86	3.04610000e+04	2.80000000e+01	3.30000000e+01	4.80000000e+01
87	3.04800000e+04	3.00000000e+01	3.40000000e+01	4.90000000e+01
88	3.05060000e+04	3.00000000e+01	3.40000000e+01	4.90000000e+01
89	3.05520000e+04	3.00000000e+01	3.40000000e+01	4.90000000e+01
90	3.06110000e+04	3.00000000e+01	3.40000000e+01	4.90000000e+01
91	3.06870000e+04	3.00000000e+01	3.40000000e+01	4.90000000e+01
92	3.07680000e+04	3.00000000e+01	3.40000000e+01	4.90000000e+01
93	3.08650000e+04	3.00000000e+01	3.40000000e+01	4.90000000e+01
94	3.09390000e+04	3.00000000e+01	3.40000000e+01	4.90000000e+01
95	3.10220000e+04	3.00000000e+01	3.40000000e+01	4.90000000e+01
96	3.11320000e+04	3.00000000e+01	3.40000000e+01	4.90000000e+01
97	3.11940000e+04	3.00000000e+01	3.40000000e+01	4.90000000e+01
98	3.12560000e+04	3.00000000e+01	3.40000000e+01	4.90000000e+01
99	3.13290000e+04	3.00000000e+01	3.40000000e+01	4.90000000e+01
100	3.13290000e+04	3.00000000e+01	3.40000000e+01	4.90000000e+01
