Day_(movie_time)	Views	Users	Rigor	Edits
-500	0.00000000e+00	0.00000000e+00	0.00000000e+00	0.00000000e+00
-499	0.00000000e+00	0.00000000e+00	0.00000000e+00	0.00000000e+00
-498	0.00000000e+00	0.00000000e+00	0.00000000e+00	0.00000000e+00
-497	0.00000000e+00	0.00000000e+00	0.00000000e+00	0.00000000e+00
-496	0.00000000e+00	0.00000000e+00	0.00000000e+00	0.00000000e+00
-495	0.00000000e+00	0.00000000e+00	0.00000000e+00	0.00000000e+00
-494	0.00000000e+00	0.00000000e+00	0.00000000e+00	0.00000000e+00
-493	0.00000000e+00	0.00000000e+00	0.00000000e+00	0.00000000e+00
-492	0.00000000e+00	0.00000000e+00	0.00000000e+00	0.00000000e+00
-491	0.00000000e+00	0.00000000e+00	0.00000000e+00	0.00000000e+00
-490	0.00000000e+00	0.00000000e+00	0.00000000e+00	0.00000000e+00
-489	0.00000000e+00	0.00000000e+00	0.00000000e+00	0.00000000e+00
-488	0.00000000e+00	0.00000000e+00	0.00000000e+00	0.00000000e+00
-487	0.00000000e+00	0.00000000e+00	0.00000000e+00	0.00000000e+00
-486	0.00000000e+00	0.00000000e+00	0.00000000e+00	0.00000000e+00
-485	0.00000000e+00	0.00000000e+00	0.00000000e+00	0.00000000e+00
-484	0.00000000e+00	0.00000000e+00	0.00000000e+00	0.00000000e+00
-483	0.00000000e+00	0.00000000e+00	0.00000000e+00	0.00000000e+00
-482	0.00000000e+00	0.00000000e+00	0.00000000e+00	0.00000000e+00
-481	0.00000000e+00	0.00000000e+00	0.00000000e+00	0.00000000e+00
-480	0.00000000e+00	0.00000000e+00	0.00000000e+00	0.00000000e+00
-479	0.00000000e+00	0.00000000e+00	0.00000000e+00	0.00000000e+00
-478	0.00000000e+00	0.00000000e+00	0.00000000e+00	0.00000000e+00
-477	0.00000000e+00	0.00000000e+00	0.00000000e+00	0.00000000e+00
-476	0.00000000e+00	0.00000000e+00	0.00000000e+00	0.00000000e+00
-475	0.00000000e+00	0.00000000e+00	0.00000000e+00	0.00000000e+00
-474	0.00000000e+00	0.00000000e+00	0.00000000e+00	0.00000000e+00
-473	0.00000000e+00	0.00000000e+00	0.00000000e+00	0.00000000e+00
-472	0.00000000e+00	0.00000000e+00	0.00000000e+00	0.00000000e+00
-471	0.00000000e+00	0.00000000e+00	0.00000000e+00	0.00000000e+00
-470	0.00000000e+00	0.00000000e+00	0.00000000e+00	0.00000000e+00
-469	0.00000000e+00	0.00000000e+00	0.00000000e+00	0.00000000e+00
-468	0.00000000e+00	0.00000000e+00	0.00000000e+00	0.00000000e+00
-467	0.00000000e+00	0.00000000e+00	0.00000000e+00	0.00000000e+00
-466	0.00000000e+00	0.00000000e+00	0.00000000e+00	0.00000000e+00
-465	0.00000000e+00	0.00000000e+00	0.00000000e+00	0.00000000e+00
-464	0.00000000e+00	0.00000000e+00	0.00000000e+00	0.00000000e+00
-463	0.00000000e+00	0.00000000e+00	0.00000000e+00	0.00000000e+00
-462	0.00000000e+00	0.00000000e+00	0.00000000e+00	0.00000000e+00
-461	0.00000000e+00	0.00000000e+00	0.00000000e+00	0.00000000e+00
-460	0.00000000e+00	0.00000000e+00	0.00000000e+00	0.00000000e+00
-459	0.00000000e+00	0.00000000e+00	0.00000000e+00	0.00000000e+00
-458	0.00000000e+00	0.00000000e+00	0.00000000e+00	0.00000000e+00
-457	0.00000000e+00	0.00000000e+00	0.00000000e+00	0.00000000e+00
-456	0.00000000e+00	0.00000000e+00	0.00000000e+00	0.00000000e+00
-455	0.00000000e+00	0.00000000e+00	0.00000000e+00	0.00000000e+00
-454	0.00000000e+00	0.00000000e+00	0.00000000e+00	0.00000000e+00
-453	0.00000000e+00	0.00000000e+00	0.00000000e+00	0.00000000e+00
-452	0.00000000e+00	0.00000000e+00	0.00000000e+00	0.00000000e+00
-451	0.00000000e+00	0.00000000e+00	0.00000000e+00	0.00000000e+00
-450	0.00000000e+00	0.00000000e+00	0.00000000e+00	0.00000000e+00
-449	0.00000000e+00	0.00000000e+00	0.00000000e+00	0.00000000e+00
-448	0.00000000e+00	0.00000000e+00	0.00000000e+00	0.00000000e+00
-447	0.00000000e+00	0.00000000e+00	0.00000000e+00	0.00000000e+00
-446	0.00000000e+00	0.00000000e+00	0.00000000e+00	0.00000000e+00
-445	0.00000000e+00	0.00000000e+00	0.00000000e+00	0.00000000e+00
-444	0.00000000e+00	0.00000000e+00	0.00000000e+00	0.00000000e+00
-443	0.00000000e+00	0.00000000e+00	0.00000000e+00	0.00000000e+00
-442	0.00000000e+00	0.00000000e+00	0.00000000e+00	0.00000000e+00
-441	0.00000000e+00	0.00000000e+00	0.00000000e+00	0.00000000e+00
-440	0.00000000e+00	0.00000000e+00	0.00000000e+00	0.00000000e+00
-439	0.00000000e+00	0.00000000e+00	0.00000000e+00	0.00000000e+00
-438	0.00000000e+00	0.00000000e+00	0.00000000e+00	0.00000000e+00
-437	0.00000000e+00	0.00000000e+00	0.00000000e+00	0.00000000e+00
-436	0.00000000e+00	0.00000000e+00	0.00000000e+00	0.00000000e+00
-435	0.00000000e+00	0.00000000e+00	0.00000000e+00	0.00000000e+00
-434	0.00000000e+00	0.00000000e+00	0.00000000e+00	0.00000000e+00
-433	0.00000000e+00	0.00000000e+00	0.00000000e+00	0.00000000e+00
-432	0.00000000e+00	0.00000000e+00	0.00000000e+00	0.00000000e+00
-431	0.00000000e+00	0.00000000e+00	0.00000000e+00	0.00000000e+00
-430	0.00000000e+00	0.00000000e+00	0.00000000e+00	0.00000000e+00
-429	0.00000000e+00	0.00000000e+00	0.00000000e+00	0.00000000e+00
-428	0.00000000e+00	0.00000000e+00	0.00000000e+00	0.00000000e+00
-427	0.00000000e+00	0.00000000e+00	0.00000000e+00	0.00000000e+00
-426	0.00000000e+00	0.00000000e+00	0.00000000e+00	0.00000000e+00
-425	0.00000000e+00	0.00000000e+00	0.00000000e+00	0.00000000e+00
-424	0.00000000e+00	0.00000000e+00	0.00000000e+00	0.00000000e+00
-423	0.00000000e+00	0.00000000e+00	0.00000000e+00	0.00000000e+00
-422	0.00000000e+00	0.00000000e+00	0.00000000e+00	0.00000000e+00
-421	0.00000000e+00	0.00000000e+00	0.00000000e+00	0.00000000e+00
-420	0.00000000e+00	0.00000000e+00	0.00000000e+00	0.00000000e+00
-419	0.00000000e+00	0.00000000e+00	0.00000000e+00	0.00000000e+00
-418	0.00000000e+00	0.00000000e+00	0.00000000e+00	0.00000000e+00
-417	0.00000000e+00	0.00000000e+00	0.00000000e+00	0.00000000e+00
-416	0.00000000e+00	0.00000000e+00	0.00000000e+00	0.00000000e+00
-415	0.00000000e+00	0.00000000e+00	0.00000000e+00	0.00000000e+00
-414	0.00000000e+00	0.00000000e+00	0.00000000e+00	0.00000000e+00
-413	0.00000000e+00	0.00000000e+00	0.00000000e+00	0.00000000e+00
-412	0.00000000e+00	0.00000000e+00	0.00000000e+00	0.00000000e+00
-411	0.00000000e+00	0.00000000e+00	0.00000000e+00	0.00000000e+00
-410	0.00000000e+00	0.00000000e+00	0.00000000e+00	0.00000000e+00
-409	0.00000000e+00	0.00000000e+00	0.00000000e+00	0.00000000e+00
-408	0.00000000e+00	0.00000000e+00	0.00000000e+00	0.00000000e+00
-407	0.00000000e+00	0.00000000e+00	0.00000000e+00	0.00000000e+00
-406	0.00000000e+00	0.00000000e+00	0.00000000e+00	0.00000000e+00
-405	0.00000000e+00	0.00000000e+00	0.00000000e+00	0.00000000e+00
-404	0.00000000e+00	0.00000000e+00	0.00000000e+00	0.00000000e+00
-403	0.00000000e+00	0.00000000e+00	0.00000000e+00	0.00000000e+00
-402	0.00000000e+00	0.00000000e+00	0.00000000e+00	0.00000000e+00
-401	0.00000000e+00	0.00000000e+00	0.00000000e+00	0.00000000e+00
-400	0.00000000e+00	0.00000000e+00	0.00000000e+00	0.00000000e+00
-399	0.00000000e+00	0.00000000e+00	0.00000000e+00	0.00000000e+00
-398	0.00000000e+00	0.00000000e+00	0.00000000e+00	0.00000000e+00
-397	0.00000000e+00	0.00000000e+00	0.00000000e+00	0.00000000e+00
-396	0.00000000e+00	0.00000000e+00	0.00000000e+00	0.00000000e+00
-395	0.00000000e+00	0.00000000e+00	0.00000000e+00	0.00000000e+00
-394	0.00000000e+00	0.00000000e+00	0.00000000e+00	0.00000000e+00
-393	0.00000000e+00	0.00000000e+00	0.00000000e+00	0.00000000e+00
-392	0.00000000e+00	0.00000000e+00	0.00000000e+00	0.00000000e+00
-391	0.00000000e+00	0.00000000e+00	0.00000000e+00	0.00000000e+00
-390	0.00000000e+00	0.00000000e+00	0.00000000e+00	0.00000000e+00
-389	0.00000000e+00	0.00000000e+00	0.00000000e+00	0.00000000e+00
-388	0.00000000e+00	0.00000000e+00	0.00000000e+00	0.00000000e+00
-387	0.00000000e+00	0.00000000e+00	0.00000000e+00	0.00000000e+00
-386	0.00000000e+00	0.00000000e+00	0.00000000e+00	0.00000000e+00
-385	0.00000000e+00	0.00000000e+00	0.00000000e+00	0.00000000e+00
-384	0.00000000e+00	0.00000000e+00	0.00000000e+00	0.00000000e+00
-383	0.00000000e+00	0.00000000e+00	0.00000000e+00	0.00000000e+00
-382	0.00000000e+00	0.00000000e+00	0.00000000e+00	0.00000000e+00
-381	0.00000000e+00	0.00000000e+00	0.00000000e+00	0.00000000e+00
-380	0.00000000e+00	0.00000000e+00	0.00000000e+00	0.00000000e+00
-379	0.00000000e+00	0.00000000e+00	0.00000000e+00	0.00000000e+00
-378	0.00000000e+00	0.00000000e+00	0.00000000e+00	0.00000000e+00
-377	0.00000000e+00	0.00000000e+00	0.00000000e+00	0.00000000e+00
-376	0.00000000e+00	0.00000000e+00	0.00000000e+00	0.00000000e+00
-375	0.00000000e+00	0.00000000e+00	0.00000000e+00	0.00000000e+00
-374	0.00000000e+00	0.00000000e+00	0.00000000e+00	0.00000000e+00
-373	0.00000000e+00	0.00000000e+00	0.00000000e+00	0.00000000e+00
-372	0.00000000e+00	0.00000000e+00	0.00000000e+00	0.00000000e+00
-371	0.00000000e+00	0.00000000e+00	0.00000000e+00	0.00000000e+00
-370	0.00000000e+00	0.00000000e+00	0.00000000e+00	0.00000000e+00
-369	0.00000000e+00	0.00000000e+00	0.00000000e+00	0.00000000e+00
-368	0.00000000e+00	0.00000000e+00	0.00000000e+00	0.00000000e+00
-367	0.00000000e+00	0.00000000e+00	0.00000000e+00	0.00000000e+00
-366	0.00000000e+00	0.00000000e+00	0.00000000e+00	0.00000000e+00
-365	0.00000000e+00	0.00000000e+00	0.00000000e+00	0.00000000e+00
-364	0.00000000e+00	0.00000000e+00	0.00000000e+00	0.00000000e+00
-363	0.00000000e+00	0.00000000e+00	0.00000000e+00	0.00000000e+00
-362	0.00000000e+00	0.00000000e+00	0.00000000e+00	0.00000000e+00
-361	0.00000000e+00	0.00000000e+00	0.00000000e+00	0.00000000e+00
-360	0.00000000e+00	0.00000000e+00	0.00000000e+00	0.00000000e+00
-359	0.00000000e+00	0.00000000e+00	0.00000000e+00	0.00000000e+00
-358	0.00000000e+00	0.00000000e+00	0.00000000e+00	0.00000000e+00
-357	0.00000000e+00	0.00000000e+00	0.00000000e+00	0.00000000e+00
-356	0.00000000e+00	0.00000000e+00	0.00000000e+00	0.00000000e+00
-355	0.00000000e+00	0.00000000e+00	0.00000000e+00	0.00000000e+00
-354	0.00000000e+00	0.00000000e+00	0.00000000e+00	0.00000000e+00
-353	0.00000000e+00	0.00000000e+00	0.00000000e+00	0.00000000e+00
-352	0.00000000e+00	0.00000000e+00	0.00000000e+00	0.00000000e+00
-351	0.00000000e+00	0.00000000e+00	0.00000000e+00	0.00000000e+00
-350	0.00000000e+00	0.00000000e+00	0.00000000e+00	0.00000000e+00
-349	0.00000000e+00	0.00000000e+00	0.00000000e+00	0.00000000e+00
-348	0.00000000e+00	0.00000000e+00	0.00000000e+00	0.00000000e+00
-347	0.00000000e+00	0.00000000e+00	0.00000000e+00	0.00000000e+00
-346	0.00000000e+00	0.00000000e+00	0.00000000e+00	0.00000000e+00
-345	0.00000000e+00	0.00000000e+00	0.00000000e+00	0.00000000e+00
-344	0.00000000e+00	0.00000000e+00	0.00000000e+00	0.00000000e+00
-343	0.00000000e+00	0.00000000e+00	0.00000000e+00	0.00000000e+00
-342	0.00000000e+00	0.00000000e+00	0.00000000e+00	0.00000000e+00
-341	0.00000000e+00	0.00000000e+00	0.00000000e+00	0.00000000e+00
-340	0.00000000e+00	0.00000000e+00	0.00000000e+00	0.00000000e+00
-339	0.00000000e+00	0.00000000e+00	0.00000000e+00	0.00000000e+00
-338	0.00000000e+00	0.00000000e+00	0.00000000e+00	0.00000000e+00
-337	0.00000000e+00	0.00000000e+00	0.00000000e+00	0.00000000e+00
-336	0.00000000e+00	0.00000000e+00	0.00000000e+00	0.00000000e+00
-335	0.00000000e+00	0.00000000e+00	0.00000000e+00	0.00000000e+00
-334	0.00000000e+00	0.00000000e+00	0.00000000e+00	0.00000000e+00
-333	0.00000000e+00	0.00000000e+00	0.00000000e+00	0.00000000e+00
-332	0.00000000e+00	0.00000000e+00	0.00000000e+00	0.00000000e+00
-331	0.00000000e+00	0.00000000e+00	0.00000000e+00	0.00000000e+00
-330	0.00000000e+00	0.00000000e+00	0.00000000e+00	0.00000000e+00
-329	0.00000000e+00	0.00000000e+00	0.00000000e+00	0.00000000e+00
-328	0.00000000e+00	0.00000000e+00	0.00000000e+00	0.00000000e+00
-327	0.00000000e+00	0.00000000e+00	0.00000000e+00	0.00000000e+00
-326	0.00000000e+00	0.00000000e+00	0.00000000e+00	0.00000000e+00
-325	0.00000000e+00	0.00000000e+00	0.00000000e+00	0.00000000e+00
-324	0.00000000e+00	0.00000000e+00	0.00000000e+00	0.00000000e+00
-323	0.00000000e+00	0.00000000e+00	0.00000000e+00	0.00000000e+00
-322	0.00000000e+00	0.00000000e+00	0.00000000e+00	0.00000000e+00
-321	0.00000000e+00	0.00000000e+00	0.00000000e+00	0.00000000e+00
-320	0.00000000e+00	0.00000000e+00	0.00000000e+00	0.00000000e+00
-319	0.00000000e+00	0.00000000e+00	0.00000000e+00	0.00000000e+00
-318	0.00000000e+00	0.00000000e+00	0.00000000e+00	0.00000000e+00
-317	0.00000000e+00	0.00000000e+00	0.00000000e+00	0.00000000e+00
-316	0.00000000e+00	0.00000000e+00	0.00000000e+00	0.00000000e+00
-315	0.00000000e+00	0.00000000e+00	0.00000000e+00	0.00000000e+00
-314	0.00000000e+00	0.00000000e+00	0.00000000e+00	0.00000000e+00
-313	0.00000000e+00	0.00000000e+00	0.00000000e+00	0.00000000e+00
-312	0.00000000e+00	0.00000000e+00	0.00000000e+00	0.00000000e+00
-311	0.00000000e+00	0.00000000e+00	0.00000000e+00	0.00000000e+00
-310	0.00000000e+00	0.00000000e+00	0.00000000e+00	0.00000000e+00
-309	0.00000000e+00	0.00000000e+00	0.00000000e+00	0.00000000e+00
-308	0.00000000e+00	0.00000000e+00	0.00000000e+00	0.00000000e+00
-307	0.00000000e+00	0.00000000e+00	0.00000000e+00	0.00000000e+00
-306	0.00000000e+00	0.00000000e+00	0.00000000e+00	0.00000000e+00
-305	0.00000000e+00	0.00000000e+00	0.00000000e+00	0.00000000e+00
-304	0.00000000e+00	0.00000000e+00	0.00000000e+00	0.00000000e+00
-303	0.00000000e+00	0.00000000e+00	0.00000000e+00	0.00000000e+00
-302	0.00000000e+00	0.00000000e+00	0.00000000e+00	0.00000000e+00
-301	0.00000000e+00	0.00000000e+00	0.00000000e+00	0.00000000e+00
-300	0.00000000e+00	0.00000000e+00	0.00000000e+00	0.00000000e+00
-299	0.00000000e+00	0.00000000e+00	0.00000000e+00	0.00000000e+00
-298	0.00000000e+00	0.00000000e+00	0.00000000e+00	0.00000000e+00
-297	0.00000000e+00	0.00000000e+00	0.00000000e+00	0.00000000e+00
-296	0.00000000e+00	0.00000000e+00	0.00000000e+00	0.00000000e+00
-295	0.00000000e+00	0.00000000e+00	0.00000000e+00	0.00000000e+00
-294	0.00000000e+00	0.00000000e+00	0.00000000e+00	0.00000000e+00
-293	0.00000000e+00	0.00000000e+00	0.00000000e+00	0.00000000e+00
-292	0.00000000e+00	0.00000000e+00	0.00000000e+00	0.00000000e+00
-291	0.00000000e+00	0.00000000e+00	0.00000000e+00	0.00000000e+00
-290	0.00000000e+00	0.00000000e+00	0.00000000e+00	0.00000000e+00
-289	0.00000000e+00	0.00000000e+00	0.00000000e+00	0.00000000e+00
-288	0.00000000e+00	0.00000000e+00	0.00000000e+00	0.00000000e+00
-287	0.00000000e+00	0.00000000e+00	0.00000000e+00	0.00000000e+00
-286	0.00000000e+00	0.00000000e+00	0.00000000e+00	0.00000000e+00
-285	0.00000000e+00	0.00000000e+00	0.00000000e+00	0.00000000e+00
-284	0.00000000e+00	0.00000000e+00	0.00000000e+00	0.00000000e+00
-283	0.00000000e+00	0.00000000e+00	0.00000000e+00	0.00000000e+00
-282	0.00000000e+00	0.00000000e+00	0.00000000e+00	0.00000000e+00
-281	0.00000000e+00	0.00000000e+00	0.00000000e+00	0.00000000e+00
-280	0.00000000e+00	0.00000000e+00	0.00000000e+00	0.00000000e+00
-279	0.00000000e+00	0.00000000e+00	0.00000000e+00	0.00000000e+00
-278	0.00000000e+00	0.00000000e+00	0.00000000e+00	0.00000000e+00
-277	0.00000000e+00	0.00000000e+00	0.00000000e+00	0.00000000e+00
-276	0.00000000e+00	0.00000000e+00	0.00000000e+00	0.00000000e+00
-275	0.00000000e+00	0.00000000e+00	0.00000000e+00	0.00000000e+00
-274	0.00000000e+00	0.00000000e+00	0.00000000e+00	0.00000000e+00
-273	0.00000000e+00	0.00000000e+00	0.00000000e+00	0.00000000e+00
-272	0.00000000e+00	0.00000000e+00	0.00000000e+00	0.00000000e+00
-271	0.00000000e+00	0.00000000e+00	0.00000000e+00	0.00000000e+00
-270	0.00000000e+00	0.00000000e+00	0.00000000e+00	0.00000000e+00
-269	0.00000000e+00	0.00000000e+00	0.00000000e+00	0.00000000e+00
-268	0.00000000e+00	0.00000000e+00	0.00000000e+00	0.00000000e+00
-267	0.00000000e+00	0.00000000e+00	0.00000000e+00	0.00000000e+00
-266	0.00000000e+00	0.00000000e+00	0.00000000e+00	0.00000000e+00
-265	0.00000000e+00	0.00000000e+00	0.00000000e+00	0.00000000e+00
-264	0.00000000e+00	0.00000000e+00	0.00000000e+00	0.00000000e+00
-263	0.00000000e+00	0.00000000e+00	0.00000000e+00	0.00000000e+00
-262	0.00000000e+00	0.00000000e+00	0.00000000e+00	0.00000000e+00
-261	0.00000000e+00	0.00000000e+00	0.00000000e+00	0.00000000e+00
-260	0.00000000e+00	0.00000000e+00	0.00000000e+00	0.00000000e+00
-259	0.00000000e+00	0.00000000e+00	0.00000000e+00	0.00000000e+00
-258	0.00000000e+00	0.00000000e+00	0.00000000e+00	0.00000000e+00
-257	0.00000000e+00	0.00000000e+00	0.00000000e+00	0.00000000e+00
-256	0.00000000e+00	0.00000000e+00	0.00000000e+00	0.00000000e+00
-255	0.00000000e+00	0.00000000e+00	0.00000000e+00	0.00000000e+00
-254	0.00000000e+00	0.00000000e+00	0.00000000e+00	0.00000000e+00
-253	0.00000000e+00	0.00000000e+00	0.00000000e+00	0.00000000e+00
-252	0.00000000e+00	0.00000000e+00	0.00000000e+00	0.00000000e+00
-251	0.00000000e+00	0.00000000e+00	0.00000000e+00	0.00000000e+00
-250	0.00000000e+00	0.00000000e+00	0.00000000e+00	0.00000000e+00
-249	0.00000000e+00	0.00000000e+00	0.00000000e+00	0.00000000e+00
-248	0.00000000e+00	0.00000000e+00	0.00000000e+00	0.00000000e+00
-247	0.00000000e+00	0.00000000e+00	0.00000000e+00	0.00000000e+00
-246	0.00000000e+00	0.00000000e+00	0.00000000e+00	0.00000000e+00
-245	0.00000000e+00	0.00000000e+00	0.00000000e+00	0.00000000e+00
-244	0.00000000e+00	0.00000000e+00	0.00000000e+00	0.00000000e+00
-243	0.00000000e+00	0.00000000e+00	0.00000000e+00	0.00000000e+00
-242	0.00000000e+00	0.00000000e+00	0.00000000e+00	0.00000000e+00
-241	0.00000000e+00	0.00000000e+00	0.00000000e+00	0.00000000e+00
-240	0.00000000e+00	0.00000000e+00	0.00000000e+00	0.00000000e+00
-239	0.00000000e+00	0.00000000e+00	0.00000000e+00	0.00000000e+00
-238	0.00000000e+00	0.00000000e+00	0.00000000e+00	0.00000000e+00
-237	0.00000000e+00	0.00000000e+00	0.00000000e+00	0.00000000e+00
-236	0.00000000e+00	0.00000000e+00	0.00000000e+00	0.00000000e+00
-235	0.00000000e+00	0.00000000e+00	0.00000000e+00	0.00000000e+00
-234	0.00000000e+00	0.00000000e+00	0.00000000e+00	0.00000000e+00
-233	0.00000000e+00	0.00000000e+00	0.00000000e+00	0.00000000e+00
-232	0.00000000e+00	0.00000000e+00	0.00000000e+00	0.00000000e+00
-231	0.00000000e+00	0.00000000e+00	0.00000000e+00	0.00000000e+00
-230	0.00000000e+00	0.00000000e+00	0.00000000e+00	0.00000000e+00
-229	0.00000000e+00	0.00000000e+00	0.00000000e+00	0.00000000e+00
-228	0.00000000e+00	0.00000000e+00	0.00000000e+00	0.00000000e+00
-227	0.00000000e+00	0.00000000e+00	0.00000000e+00	0.00000000e+00
-226	0.00000000e+00	0.00000000e+00	0.00000000e+00	0.00000000e+00
-225	0.00000000e+00	0.00000000e+00	0.00000000e+00	0.00000000e+00
-224	0.00000000e+00	0.00000000e+00	0.00000000e+00	0.00000000e+00
-223	0.00000000e+00	0.00000000e+00	0.00000000e+00	0.00000000e+00
-222	0.00000000e+00	0.00000000e+00	0.00000000e+00	0.00000000e+00
-221	0.00000000e+00	0.00000000e+00	0.00000000e+00	0.00000000e+00
-220	0.00000000e+00	0.00000000e+00	0.00000000e+00	0.00000000e+00
-219	0.00000000e+00	0.00000000e+00	0.00000000e+00	0.00000000e+00
-218	0.00000000e+00	0.00000000e+00	0.00000000e+00	0.00000000e+00
-217	0.00000000e+00	0.00000000e+00	0.00000000e+00	0.00000000e+00
-216	0.00000000e+00	0.00000000e+00	0.00000000e+00	0.00000000e+00
-215	0.00000000e+00	0.00000000e+00	0.00000000e+00	0.00000000e+00
-214	0.00000000e+00	0.00000000e+00	0.00000000e+00	0.00000000e+00
-213	0.00000000e+00	0.00000000e+00	0.00000000e+00	0.00000000e+00
-212	0.00000000e+00	0.00000000e+00	0.00000000e+00	0.00000000e+00
-211	0.00000000e+00	0.00000000e+00	0.00000000e+00	0.00000000e+00
-210	0.00000000e+00	0.00000000e+00	0.00000000e+00	0.00000000e+00
-209	0.00000000e+00	0.00000000e+00	0.00000000e+00	0.00000000e+00
-208	0.00000000e+00	0.00000000e+00	0.00000000e+00	0.00000000e+00
-207	1.10000000e+01	1.00000000e+00	1.00000000e+00	1.00000000e+00
-206	1.10000000e+01	1.00000000e+00	1.00000000e+00	1.00000000e+00
-205	8.27000000e+02	1.00000000e+00	1.00000000e+00	1.00000000e+00
-204	1.64000000e+03	2.00000000e+00	2.00000000e+00	2.00000000e+00
-203	2.50200000e+03	4.00000000e+00	4.00000000e+00	4.00000000e+00
-202	3.73600000e+03	4.00000000e+00	4.00000000e+00	4.00000000e+00
-201	5.09100000e+03	4.00000000e+00	4.00000000e+00	4.00000000e+00
-200	6.49300000e+03	4.00000000e+00	4.00000000e+00	4.00000000e+00
-199	7.98100000e+03	5.00000000e+00	6.00000000e+00	6.00000000e+00
-198	9.20600000e+03	5.00000000e+00	6.00000000e+00	6.00000000e+00
-197	1.02340000e+04	5.00000000e+00	6.00000000e+00	6.00000000e+00
-196	1.12380000e+04	7.00000000e+00	8.00000000e+00	8.00000000e+00
-195	1.21630000e+04	7.00000000e+00	8.00000000e+00	8.00000000e+00
-194	1.32250000e+04	7.00000000e+00	8.00000000e+00	8.00000000e+00
-193	1.43300000e+04	7.00000000e+00	8.00000000e+00	8.00000000e+00
-192	1.52860000e+04	8.00000000e+00	9.00000000e+00	9.00000000e+00
-191	1.52860000e+04	8.00000000e+00	9.00000000e+00	9.00000000e+00
-190	1.58990000e+04	8.00000000e+00	9.00000000e+00	9.00000000e+00
-189	1.65220000e+04	8.00000000e+00	9.00000000e+00	9.00000000e+00
-188	1.71840000e+04	8.00000000e+00	1.00000000e+01	1.10000000e+01
-187	1.79680000e+04	8.00000000e+00	1.00000000e+01	1.10000000e+01
-186	1.87510000e+04	8.00000000e+00	1.00000000e+01	1.10000000e+01
-185	1.94360000e+04	8.00000000e+00	1.00000000e+01	1.10000000e+01
-184	2.00810000e+04	8.00000000e+00	1.00000000e+01	1.10000000e+01
-183	2.07300000e+04	8.00000000e+00	1.00000000e+01	1.10000000e+01
-182	2.13280000e+04	8.00000000e+00	1.00000000e+01	1.10000000e+01
-181	2.20190000e+04	8.00000000e+00	1.00000000e+01	1.10000000e+01
-180	2.27140000e+04	8.00000000e+00	1.00000000e+01	1.10000000e+01
-179	2.33950000e+04	8.00000000e+00	1.00000000e+01	1.10000000e+01
-178	2.40520000e+04	8.00000000e+00	1.00000000e+01	1.10000000e+01
-177	2.46020000e+04	8.00000000e+00	1.00000000e+01	1.10000000e+01
-176	2.51710000e+04	8.00000000e+00	1.00000000e+01	1.10000000e+01
-175	2.57160000e+04	8.00000000e+00	1.00000000e+01	1.10000000e+01
-174	2.63290000e+04	8.00000000e+00	1.00000000e+01	1.10000000e+01
-173	2.69740000e+04	8.00000000e+00	1.00000000e+01	1.10000000e+01
-172	2.76190000e+04	8.00000000e+00	1.00000000e+01	1.10000000e+01
-171	2.82040000e+04	8.00000000e+00	1.00000000e+01	1.10000000e+01
-170	2.87300000e+04	8.00000000e+00	1.00000000e+01	1.10000000e+01
-169	2.93040000e+04	8.00000000e+00	1.00000000e+01	1.10000000e+01
-168	2.98800000e+04	8.00000000e+00	1.00000000e+01	1.10000000e+01
-167	3.05560000e+04	8.00000000e+00	1.00000000e+01	1.10000000e+01
-166	3.12870000e+04	8.00000000e+00	1.00000000e+01	1.10000000e+01
-165	3.19990000e+04	8.00000000e+00	1.00000000e+01	1.10000000e+01
-164	3.26670000e+04	8.00000000e+00	1.00000000e+01	1.10000000e+01
-163	3.31510000e+04	1.00000000e+01	1.20000000e+01	1.30000000e+01
-162	3.36480000e+04	1.00000000e+01	1.20000000e+01	1.30000000e+01
-161	3.41540000e+04	1.10000000e+01	1.30000000e+01	1.40000000e+01
-160	3.46550000e+04	1.10000000e+01	1.40000000e+01	1.50000000e+01
-159	3.53260000e+04	1.10000000e+01	1.50000000e+01	1.60000000e+01
-158	3.58870000e+04	1.10000000e+01	1.50000000e+01	1.60000000e+01
-157	3.64320000e+04	1.10000000e+01	1.50000000e+01	1.60000000e+01
-156	3.69240000e+04	1.10000000e+01	1.50000000e+01	1.60000000e+01
-155	3.74770000e+04	1.10000000e+01	1.50000000e+01	1.60000000e+01
-154	3.80220000e+04	1.10000000e+01	1.50000000e+01	1.60000000e+01
-153	3.86070000e+04	1.10000000e+01	1.50000000e+01	1.60000000e+01
-152	3.91020000e+04	1.10000000e+01	1.60000000e+01	1.90000000e+01
-151	3.95530000e+04	1.10000000e+01	1.60000000e+01	1.90000000e+01
-150	4.00130000e+04	1.20000000e+01	1.70000000e+01	2.20000000e+01
-149	4.03140000e+04	1.30000000e+01	1.80000000e+01	2.30000000e+01
-148	4.05150000e+04	1.30000000e+01	1.80000000e+01	2.30000000e+01
-147	4.06880000e+04	1.30000000e+01	1.80000000e+01	2.30000000e+01
-146	4.08500000e+04	1.30000000e+01	1.80000000e+01	2.30000000e+01
-145	4.10080000e+04	1.30000000e+01	1.80000000e+01	2.30000000e+01
-144	4.11750000e+04	1.30000000e+01	1.80000000e+01	2.30000000e+01
-143	4.13480000e+04	1.30000000e+01	1.80000000e+01	2.30000000e+01
-142	4.14890000e+04	1.30000000e+01	1.80000000e+01	2.30000000e+01
-141	4.16370000e+04	1.30000000e+01	1.80000000e+01	2.30000000e+01
-140	4.17850000e+04	1.30000000e+01	1.80000000e+01	2.30000000e+01
-139	4.19580000e+04	1.30000000e+01	1.80000000e+01	2.30000000e+01
-138	4.21520000e+04	1.30000000e+01	1.80000000e+01	2.30000000e+01
-137	4.23430000e+04	1.30000000e+01	1.80000000e+01	2.30000000e+01
-136	4.25060000e+04	1.30000000e+01	1.80000000e+01	2.30000000e+01
-135	4.26780000e+04	1.30000000e+01	1.80000000e+01	2.30000000e+01
-134	4.28250000e+04	1.30000000e+01	1.80000000e+01	2.30000000e+01
-133	4.29740000e+04	1.30000000e+01	1.80000000e+01	2.30000000e+01
-132	4.31580000e+04	1.30000000e+01	1.80000000e+01	2.30000000e+01
-131	4.33250000e+04	1.30000000e+01	1.80000000e+01	2.30000000e+01
-130	4.35090000e+04	1.30000000e+01	1.80000000e+01	2.30000000e+01
-129	4.36390000e+04	1.30000000e+01	1.80000000e+01	2.30000000e+01
-128	4.37880000e+04	1.30000000e+01	1.80000000e+01	2.30000000e+01
-127	4.39550000e+04	1.30000000e+01	1.80000000e+01	2.30000000e+01
-126	4.41000000e+04	1.30000000e+01	1.80000000e+01	2.30000000e+01
-125	4.44080000e+04	1.30000000e+01	1.80000000e+01	2.30000000e+01
-124	4.47000000e+04	1.30000000e+01	1.80000000e+01	2.30000000e+01
-123	4.50040000e+04	1.30000000e+01	1.80000000e+01	2.30000000e+01
-122	4.52750000e+04	1.30000000e+01	1.80000000e+01	2.30000000e+01
-121	4.55400000e+04	1.30000000e+01	1.80000000e+01	2.30000000e+01
-120	4.57580000e+04	1.30000000e+01	1.80000000e+01	2.30000000e+01
-119	4.59980000e+04	1.30000000e+01	1.80000000e+01	2.30000000e+01
-118	4.62540000e+04	1.30000000e+01	1.80000000e+01	2.30000000e+01
-117	4.65390000e+04	1.30000000e+01	1.80000000e+01	2.30000000e+01
-116	4.68840000e+04	1.30000000e+01	1.80000000e+01	2.30000000e+01
-115	4.72480000e+04	1.30000000e+01	1.80000000e+01	2.30000000e+01
-114	4.75220000e+04	1.30000000e+01	1.80000000e+01	2.30000000e+01
-113	4.78580000e+04	1.30000000e+01	1.80000000e+01	2.30000000e+01
-112	4.81450000e+04	1.30000000e+01	1.80000000e+01	2.30000000e+01
-111	4.84360000e+04	1.60000000e+01	2.00000000e+01	2.50000000e+01
-110	4.88140000e+04	1.60000000e+01	2.00000000e+01	2.50000000e+01
-109	4.91730000e+04	1.60000000e+01	2.00000000e+01	2.50000000e+01
-108	4.94650000e+04	1.60000000e+01	2.00000000e+01	2.50000000e+01
-107	4.97220000e+04	1.60000000e+01	2.00000000e+01	2.50000000e+01
-106	4.99660000e+04	1.60000000e+01	2.00000000e+01	2.50000000e+01
-105	5.02830000e+04	1.60000000e+01	2.00000000e+01	2.50000000e+01
-104	5.06000000e+04	1.50000000e+01	2.10000000e+01	2.60000000e+01
-103	5.09340000e+04	1.50000000e+01	2.10000000e+01	2.60000000e+01
-102	5.12750000e+04	1.50000000e+01	2.10000000e+01	2.60000000e+01
-101	5.16270000e+04	1.50000000e+01	2.10000000e+01	2.60000000e+01
-100	5.20140000e+04	1.50000000e+01	2.10000000e+01	2.60000000e+01
-99	5.23340000e+04	1.50000000e+01	2.10000000e+01	2.60000000e+01
-98	5.25950000e+04	1.50000000e+01	2.10000000e+01	2.60000000e+01
-97	5.28710000e+04	1.50000000e+01	2.10000000e+01	2.60000000e+01
-96	5.32440000e+04	1.60000000e+01	2.20000000e+01	2.70000000e+01
-95	5.36360000e+04	1.60000000e+01	2.20000000e+01	2.70000000e+01
-94	5.40050000e+04	1.70000000e+01	2.30000000e+01	2.80000000e+01
-93	5.43340000e+04	1.70000000e+01	2.30000000e+01	2.80000000e+01
-92	5.46460000e+04	1.70000000e+01	2.30000000e+01	2.80000000e+01
-91	5.49450000e+04	1.70000000e+01	2.30000000e+01	2.80000000e+01
-90	5.52990000e+04	1.70000000e+01	2.30000000e+01	2.80000000e+01
-89	5.56960000e+04	1.70000000e+01	2.30000000e+01	2.80000000e+01
-88	5.61470000e+04	1.70000000e+01	2.30000000e+01	2.80000000e+01
-87	5.65300000e+04	1.70000000e+01	2.30000000e+01	2.80000000e+01
-86	5.68520000e+04	1.70000000e+01	2.30000000e+01	2.80000000e+01
-85	5.71480000e+04	1.70000000e+01	2.30000000e+01	2.80000000e+01
-84	5.74610000e+04	1.70000000e+01	2.30000000e+01	2.80000000e+01
-83	5.76780000e+04	1.70000000e+01	2.30000000e+01	2.80000000e+01
-82	5.77560000e+04	1.70000000e+01	2.30000000e+01	2.80000000e+01
-81	5.78120000e+04	1.70000000e+01	2.30000000e+01	2.80000000e+01
-80	5.78920000e+04	1.70000000e+01	2.30000000e+01	2.80000000e+01
-79	5.80290000e+04	1.70000000e+01	2.30000000e+01	2.80000000e+01
-78	5.82270000e+04	1.70000000e+01	2.30000000e+01	2.80000000e+01
-77	5.85190000e+04	1.70000000e+01	2.30000000e+01	2.80000000e+01
-76	5.88100000e+04	1.70000000e+01	2.30000000e+01	2.80000000e+01
-75	5.92140000e+04	1.70000000e+01	2.40000000e+01	2.90000000e+01
-74	5.95370000e+04	1.70000000e+01	2.40000000e+01	2.90000000e+01
-73	5.97820000e+04	1.90000000e+01	2.60000000e+01	3.10000000e+01
-72	6.01470000e+04	1.80000000e+01	2.70000000e+01	3.30000000e+01
-71	6.05540000e+04	1.80000000e+01	2.70000000e+01	3.30000000e+01
-70	6.08910000e+04	1.80000000e+01	2.70000000e+01	3.30000000e+01
-69	6.12540000e+04	1.80000000e+01	2.70000000e+01	3.30000000e+01
-68	6.12540000e+04	1.80000000e+01	2.70000000e+01	3.30000000e+01
-67	6.13890000e+04	1.80000000e+01	2.70000000e+01	3.30000000e+01
-66	6.13890000e+04	1.80000000e+01	2.70000000e+01	3.30000000e+01
-65	6.17840000e+04	1.80000000e+01	2.70000000e+01	3.30000000e+01
-64	6.24270000e+04	2.00000000e+01	2.90000000e+01	3.50000000e+01
-63	6.32560000e+04	2.00000000e+01	2.90000000e+01	3.50000000e+01
-62	6.50210000e+04	2.30000000e+01	3.10000000e+01	3.80000000e+01
-61	6.62550000e+04	2.30000000e+01	3.10000000e+01	3.80000000e+01
-60	6.71870000e+04	2.30000000e+01	3.10000000e+01	3.80000000e+01
-59	6.71870000e+04	2.30000000e+01	3.30000000e+01	4.80000000e+01
-58	6.80870000e+04	3.00000000e+01	3.70000000e+01	6.10000000e+01
-57	6.80870000e+04	2.90000000e+01	3.80000000e+01	6.20000000e+01
-56	6.80870000e+04	2.90000000e+01	3.80000000e+01	6.20000000e+01
-55	6.80870000e+04	2.90000000e+01	3.80000000e+01	6.20000000e+01
-54	6.80870000e+04	2.90000000e+01	3.80000000e+01	6.20000000e+01
-53	6.87630000e+04	2.90000000e+01	3.80000000e+01	6.20000000e+01
-52	6.95390000e+04	2.90000000e+01	3.80000000e+01	6.20000000e+01
-51	7.03320000e+04	2.90000000e+01	3.80000000e+01	6.20000000e+01
-50	7.10560000e+04	2.90000000e+01	3.80000000e+01	6.20000000e+01
-49	7.16930000e+04	2.90000000e+01	3.80000000e+01	6.20000000e+01
-48	7.24120000e+04	2.90000000e+01	3.80000000e+01	6.20000000e+01
-47	7.31960000e+04	2.90000000e+01	3.90000000e+01	6.60000000e+01
-46	7.40030000e+04	3.10000000e+01	4.20000000e+01	6.90000000e+01
-45	7.47140000e+04	3.10000000e+01	4.20000000e+01	6.90000000e+01
-44	7.54140000e+04	3.10000000e+01	4.20000000e+01	6.90000000e+01
-43	7.61570000e+04	3.20000000e+01	4.40000000e+01	7.10000000e+01
-42	7.71910000e+04	3.30000000e+01	4.60000000e+01	7.30000000e+01
-41	7.83580000e+04	3.50000000e+01	4.80000000e+01	7.60000000e+01
-40	7.94430000e+04	3.50000000e+01	4.80000000e+01	7.60000000e+01
-39	8.08930000e+04	3.50000000e+01	4.80000000e+01	7.60000000e+01
-38	8.26680000e+04	3.70000000e+01	4.90000000e+01	7.70000000e+01
-37	8.43340000e+04	3.70000000e+01	5.20000000e+01	8.10000000e+01
-36	8.60790000e+04	4.40000000e+01	5.70000000e+01	1.02000000e+02
-35	8.80360000e+04	4.40000000e+01	5.90000000e+01	1.06000000e+02
-34	8.98080000e+04	4.40000000e+01	5.90000000e+01	1.06000000e+02
-33	9.14590000e+04	4.40000000e+01	5.90000000e+01	1.06000000e+02
-32	9.30280000e+04	4.40000000e+01	5.90000000e+01	1.06000000e+02
-31	9.50700000e+04	4.50000000e+01	6.00000000e+01	1.07000000e+02
-30	9.76380000e+04	4.60000000e+01	6.30000000e+01	1.11000000e+02
-29	9.98970000e+04	4.60000000e+01	6.30000000e+01	1.11000000e+02
-28	1.02222000e+05	4.60000000e+01	6.30000000e+01	1.11000000e+02
-27	1.04356000e+05	4.30000000e+01	6.50000000e+01	1.15000000e+02
-26	1.06275000e+05	4.30000000e+01	6.50000000e+01	1.15000000e+02
-25	1.08220000e+05	4.90000000e+01	6.60000000e+01	1.17000000e+02
-24	1.10082000e+05	4.70000000e+01	6.70000000e+01	1.18000000e+02
-23	1.11839000e+05	4.70000000e+01	6.70000000e+01	1.18000000e+02
-22	1.13529000e+05	4.70000000e+01	6.70000000e+01	1.18000000e+02
-21	1.15285000e+05	4.70000000e+01	6.70000000e+01	1.18000000e+02
-20	1.16921000e+05	4.70000000e+01	6.70000000e+01	1.18000000e+02
-19	1.18488000e+05	4.70000000e+01	6.70000000e+01	1.18000000e+02
-18	1.20389000e+05	4.70000000e+01	7.10000000e+01	1.24000000e+02
-17	1.22275000e+05	4.70000000e+01	7.10000000e+01	1.24000000e+02
-16	1.24121000e+05	4.50000000e+01	7.20000000e+01	1.25000000e+02
-15	1.25959000e+05	4.50000000e+01	7.20000000e+01	1.25000000e+02
-14	1.27889000e+05	5.00000000e+01	7.50000000e+01	1.34000000e+02
-13	1.29875000e+05	5.80000000e+01	7.60000000e+01	1.36000000e+02
-12	1.32002000e+05	5.30000000e+01	7.70000000e+01	1.38000000e+02
-11	1.34165000e+05	5.90000000e+01	7.80000000e+01	1.39000000e+02
-10	1.36392000e+05	6.00000000e+01	8.20000000e+01	1.43000000e+02
-9	1.38630000e+05	6.00000000e+01	8.20000000e+01	1.43000000e+02
-8	1.40823000e+05	6.00000000e+01	8.20000000e+01	1.43000000e+02
-7	1.43309000e+05	6.00000000e+01	8.20000000e+01	1.43000000e+02
-6	1.45807000e+05	6.80000000e+01	8.60000000e+01	1.49000000e+02
-5	1.48605000e+05	6.80000000e+01	8.90000000e+01	1.52000000e+02
-4	1.51274000e+05	6.40000000e+01	9.00000000e+01	1.53000000e+02
-3	1.54528000e+05	6.80000000e+01	9.10000000e+01	1.54000000e+02
-2	1.57974000e+05	6.80000000e+01	9.10000000e+01	1.54000000e+02
-1	1.61952000e+05	6.80000000e+01	9.10000000e+01	1.54000000e+02
0	1.67602000e+05	6.60000000e+01	9.40000000e+01	1.57000000e+02
1	1.74772000e+05	6.90000000e+01	9.80000000e+01	1.62000000e+02
2	1.82020000e+05	7.50000000e+01	1.02000000e+02	1.67000000e+02
3	1.88544000e+05	7.50000000e+01	1.02000000e+02	1.67000000e+02
4	1.94732000e+05	8.20000000e+01	1.08000000e+02	1.74000000e+02
5	1.99632000e+05	8.60000000e+01	1.15000000e+02	1.81000000e+02
6	2.03775000e+05	9.00000000e+01	1.20000000e+02	1.90000000e+02
7	2.07561000e+05	9.10000000e+01	1.22000000e+02	1.96000000e+02
8	2.11250000e+05	9.20000000e+01	1.25000000e+02	1.99000000e+02
9	2.15803000e+05	9.40000000e+01	1.26000000e+02	2.00000000e+02
10	2.20246000e+05	9.60000000e+01	1.27000000e+02	2.01000000e+02
11	2.24273000e+05	9.60000000e+01	1.30000000e+02	2.04000000e+02
12	2.27725000e+05	1.00000000e+02	1.34000000e+02	2.09000000e+02
13	2.30716000e+05	1.00000000e+02	1.34000000e+02	2.09000000e+02
14	2.33467000e+05	1.03000000e+02	1.37000000e+02	2.13000000e+02
15	2.36254000e+05	1.03000000e+02	1.37000000e+02	2.13000000e+02
16	2.39682000e+05	1.05000000e+02	1.41000000e+02	2.17000000e+02
17	2.42941000e+05	1.07000000e+02	1.43000000e+02	2.19000000e+02
18	2.45423000e+05	1.10000000e+02	1.45000000e+02	2.21000000e+02
19	2.47403000e+05	1.10000000e+02	1.45000000e+02	2.21000000e+02
20	2.49338000e+05	1.10000000e+02	1.45000000e+02	2.21000000e+02
21	2.51107000e+05	1.10000000e+02	1.47000000e+02	2.23000000e+02
22	2.53022000e+05	1.10000000e+02	1.47000000e+02	2.23000000e+02
23	2.55418000e+05	1.09000000e+02	1.49000000e+02	2.28000000e+02
24	2.57815000e+05	1.10000000e+02	1.50000000e+02	2.30000000e+02
25	2.59469000e+05	1.10000000e+02	1.50000000e+02	2.30000000e+02
26	2.60900000e+05	1.10000000e+02	1.50000000e+02	2.30000000e+02
27	2.62160000e+05	1.10000000e+02	1.50000000e+02	2.30000000e+02
28	2.63401000e+05	1.10000000e+02	1.50000000e+02	2.30000000e+02
29	2.64859000e+05	1.14000000e+02	1.51000000e+02	2.31000000e+02
30	2.66750000e+05	1.18000000e+02	1.52000000e+02	2.32000000e+02
31	2.68337000e+05	1.18000000e+02	1.52000000e+02	2.32000000e+02
32	2.69564000e+05	1.21000000e+02	1.53000000e+02	2.33000000e+02
33	2.70586000e+05	1.15000000e+02	1.54000000e+02	2.34000000e+02
34	2.71605000e+05	1.15000000e+02	1.54000000e+02	2.34000000e+02
35	2.72491000e+05	1.15000000e+02	1.54000000e+02	2.34000000e+02
36	2.73547000e+05	1.15000000e+02	1.54000000e+02	2.34000000e+02
37	2.74832000e+05	1.15000000e+02	1.54000000e+02	2.34000000e+02
38	2.76106000e+05	1.15000000e+02	1.54000000e+02	2.34000000e+02
39	2.77254000e+05	1.15000000e+02	1.54000000e+02	2.34000000e+02
40	2.78198000e+05	1.18000000e+02	1.55000000e+02	2.37000000e+02
41	2.79000000e+05	1.19000000e+02	1.56000000e+02	2.38000000e+02
42	2.80071000e+05	1.19000000e+02	1.56000000e+02	2.38000000e+02
43	2.81156000e+05	1.19000000e+02	1.56000000e+02	2.38000000e+02
44	2.82646000e+05	1.19000000e+02	1.56000000e+02	2.38000000e+02
45	2.84188000e+05	1.19000000e+02	1.56000000e+02	2.38000000e+02
46	2.85338000e+05	1.19000000e+02	1.56000000e+02	2.38000000e+02
47	2.86337000e+05	1.19000000e+02	1.56000000e+02	2.38000000e+02
48	2.87343000e+05	1.19000000e+02	1.56000000e+02	2.38000000e+02
49	2.88361000e+05	1.19000000e+02	1.56000000e+02	2.38000000e+02
50	2.89361000e+05	1.19000000e+02	1.56000000e+02	2.38000000e+02
51	2.90568000e+05	1.19000000e+02	1.57000000e+02	2.39000000e+02
52	2.91882000e+05	1.19000000e+02	1.57000000e+02	2.39000000e+02
53	2.92806000e+05	1.19000000e+02	1.57000000e+02	2.39000000e+02
54	2.93669000e+05	1.21000000e+02	1.58000000e+02	2.41000000e+02
55	2.94404000e+05	1.21000000e+02	1.58000000e+02	2.41000000e+02
56	2.95234000e+05	1.21000000e+02	1.58000000e+02	2.41000000e+02
57	2.96086000e+05	1.19000000e+02	1.59000000e+02	2.42000000e+02
58	2.97122000e+05	1.19000000e+02	1.60000000e+02	2.43000000e+02
59	2.98136000e+05	1.22000000e+02	1.61000000e+02	2.44000000e+02
60	2.98896000e+05	1.23000000e+02	1.62000000e+02	2.45000000e+02
61	2.99644000e+05	1.23000000e+02	1.62000000e+02	2.45000000e+02
62	3.00334000e+05	1.24000000e+02	1.63000000e+02	2.46000000e+02
63	3.01098000e+05	1.24000000e+02	1.63000000e+02	2.46000000e+02
64	3.01835000e+05	1.24000000e+02	1.63000000e+02	2.46000000e+02
65	3.02846000e+05	1.27000000e+02	1.64000000e+02	2.47000000e+02
66	3.03986000e+05	1.27000000e+02	1.64000000e+02	2.47000000e+02
67	3.04795000e+05	1.27000000e+02	1.64000000e+02	2.47000000e+02
68	3.05418000e+05	1.27000000e+02	1.64000000e+02	2.47000000e+02
69	3.06099000e+05	1.27000000e+02	1.64000000e+02	2.47000000e+02
70	3.06794000e+05	1.27000000e+02	1.65000000e+02	2.48000000e+02
71	3.07504000e+05	1.24000000e+02	1.66000000e+02	2.49000000e+02
72	3.08355000e+05	1.24000000e+02	1.66000000e+02	2.49000000e+02
73	3.09178000e+05	1.24000000e+02	1.66000000e+02	2.49000000e+02
74	3.09830000e+05	1.24000000e+02	1.66000000e+02	2.49000000e+02
75	3.10356000e+05	1.24000000e+02	1.66000000e+02	2.49000000e+02
76	3.10906000e+05	1.24000000e+02	1.66000000e+02	2.49000000e+02
77	3.11454000e+05	1.24000000e+02	1.66000000e+02	2.49000000e+02
78	3.12052000e+05	1.24000000e+02	1.66000000e+02	2.49000000e+02
79	3.12851000e+05	1.24000000e+02	1.66000000e+02	2.49000000e+02
80	3.13660000e+05	1.24000000e+02	1.66000000e+02	2.49000000e+02
81	3.14367000e+05	1.24000000e+02	1.66000000e+02	2.49000000e+02
82	3.15074000e+05	1.24000000e+02	1.66000000e+02	2.49000000e+02
83	3.15752000e+05	1.24000000e+02	1.66000000e+02	2.49000000e+02
84	3.16496000e+05	1.24000000e+02	1.66000000e+02	2.49000000e+02
85	3.17284000e+05	1.24000000e+02	1.66000000e+02	2.49000000e+02
86	3.18128000e+05	1.24000000e+02	1.66000000e+02	2.49000000e+02
87	3.20331000e+05	1.24000000e+02	1.66000000e+02	2.49000000e+02
88	3.22365000e+05	1.25000000e+02	1.67000000e+02	2.50000000e+02
89	3.23148000e+05	1.25000000e+02	1.67000000e+02	2.50000000e+02
90	3.23788000e+05	1.25000000e+02	1.67000000e+02	2.50000000e+02
91	3.24352000e+05	1.25000000e+02	1.67000000e+02	2.50000000e+02
92	3.24931000e+05	1.25000000e+02	1.67000000e+02	2.50000000e+02
93	3.25620000e+05	1.25000000e+02	1.67000000e+02	2.50000000e+02
94	3.26377000e+05	1.25000000e+02	1.67000000e+02	2.50000000e+02
95	3.27029000e+05	1.25000000e+02	1.67000000e+02	2.50000000e+02
96	3.27602000e+05	1.25000000e+02	1.67000000e+02	2.50000000e+02
97	3.28083000e+05	1.25000000e+02	1.67000000e+02	2.50000000e+02
98	3.28640000e+05	1.25000000e+02	1.67000000e+02	2.50000000e+02
99	3.29179000e+05	1.25000000e+02	1.67000000e+02	2.50000000e+02
100	3.29817000e+05	1.23000000e+02	1.68000000e+02	2.51000000e+02
