Day_(movie_time)	Views	Users	Rigor	Edits
-500	0.00000000e+00	4.20000000e+01	4.30000000e+01	5.60000000e+01
-499	1.00300000e+03	4.20000000e+01	4.30000000e+01	5.60000000e+01
-498	1.91900000e+03	4.20000000e+01	4.30000000e+01	5.60000000e+01
-497	2.76500000e+03	4.20000000e+01	4.30000000e+01	5.60000000e+01
-496	3.60400000e+03	4.20000000e+01	4.30000000e+01	5.60000000e+01
-495	4.40300000e+03	4.20000000e+01	4.30000000e+01	5.60000000e+01
-494	5.30100000e+03	4.20000000e+01	4.30000000e+01	5.60000000e+01
-493	6.19000000e+03	4.20000000e+01	4.30000000e+01	5.60000000e+01
-492	7.08000000e+03	4.20000000e+01	4.30000000e+01	5.60000000e+01
-491	8.09500000e+03	4.20000000e+01	4.30000000e+01	5.60000000e+01
-490	8.98500000e+03	4.20000000e+01	4.30000000e+01	5.60000000e+01
-489	9.70800000e+03	4.20000000e+01	4.30000000e+01	5.60000000e+01
-488	1.03750000e+04	4.20000000e+01	4.30000000e+01	5.60000000e+01
-487	1.10890000e+04	4.20000000e+01	4.30000000e+01	5.60000000e+01
-486	1.18800000e+04	4.20000000e+01	4.30000000e+01	5.60000000e+01
-485	1.25440000e+04	4.20000000e+01	4.30000000e+01	5.60000000e+01
-484	1.32100000e+04	4.20000000e+01	4.30000000e+01	5.60000000e+01
-483	1.38270000e+04	4.20000000e+01	4.30000000e+01	5.60000000e+01
-482	1.44450000e+04	4.20000000e+01	4.30000000e+01	5.60000000e+01
-481	1.49330000e+04	4.40000000e+01	4.40000000e+01	5.70000000e+01
-480	1.55210000e+04	4.40000000e+01	4.40000000e+01	5.70000000e+01
-479	1.61630000e+04	4.40000000e+01	4.40000000e+01	5.70000000e+01
-478	1.68010000e+04	4.40000000e+01	4.40000000e+01	5.70000000e+01
-477	1.75120000e+04	4.40000000e+01	4.40000000e+01	5.70000000e+01
-476	1.81500000e+04	4.40000000e+01	4.40000000e+01	5.70000000e+01
-475	1.87830000e+04	4.40000000e+01	4.40000000e+01	5.70000000e+01
-474	1.93710000e+04	4.40000000e+01	4.40000000e+01	5.70000000e+01
-473	2.00570000e+04	4.40000000e+01	4.40000000e+01	5.70000000e+01
-472	2.08500000e+04	4.30000000e+01	4.50000000e+01	5.90000000e+01
-471	2.16250000e+04	4.30000000e+01	4.50000000e+01	5.90000000e+01
-470	2.22690000e+04	4.30000000e+01	4.50000000e+01	5.90000000e+01
-469	2.29020000e+04	4.30000000e+01	4.50000000e+01	5.90000000e+01
-468	2.35120000e+04	4.30000000e+01	4.50000000e+01	5.90000000e+01
-467	2.40990000e+04	4.30000000e+01	4.50000000e+01	5.90000000e+01
-466	2.47020000e+04	4.30000000e+01	4.50000000e+01	5.90000000e+01
-465	2.54010000e+04	4.30000000e+01	4.50000000e+01	5.90000000e+01
-464	2.61870000e+04	4.30000000e+01	4.50000000e+01	5.90000000e+01
-463	2.68490000e+04	4.30000000e+01	4.50000000e+01	5.90000000e+01
-462	2.75780000e+04	4.30000000e+01	4.50000000e+01	5.90000000e+01
-461	2.84030000e+04	4.30000000e+01	4.50000000e+01	5.90000000e+01
-460	2.91030000e+04	4.30000000e+01	4.50000000e+01	5.90000000e+01
-459	2.98150000e+04	4.30000000e+01	4.50000000e+01	5.90000000e+01
-458	3.06140000e+04	4.30000000e+01	4.50000000e+01	5.90000000e+01
-457	3.13220000e+04	4.30000000e+01	4.50000000e+01	5.90000000e+01
-456	3.19920000e+04	4.30000000e+01	4.50000000e+01	5.90000000e+01
-455	3.27090000e+04	4.30000000e+01	4.50000000e+01	5.90000000e+01
-454	3.33100000e+04	4.30000000e+01	4.50000000e+01	5.90000000e+01
-453	3.38890000e+04	4.30000000e+01	4.50000000e+01	5.90000000e+01
-452	3.44870000e+04	4.30000000e+01	4.50000000e+01	5.90000000e+01
-451	3.51970000e+04	4.30000000e+01	4.50000000e+01	5.90000000e+01
-450	3.58200000e+04	4.30000000e+01	4.50000000e+01	5.90000000e+01
-449	3.64750000e+04	4.30000000e+01	4.50000000e+01	5.90000000e+01
-448	3.71350000e+04	4.30000000e+01	4.50000000e+01	5.90000000e+01
-447	3.78020000e+04	4.30000000e+01	4.50000000e+01	5.90000000e+01
-446	3.84240000e+04	4.30000000e+01	4.50000000e+01	5.90000000e+01
-445	3.92070000e+04	4.30000000e+01	4.50000000e+01	5.90000000e+01
-444	3.99670000e+04	4.30000000e+01	4.50000000e+01	5.90000000e+01
-443	4.07820000e+04	4.30000000e+01	4.50000000e+01	5.90000000e+01
-442	4.15140000e+04	4.30000000e+01	4.50000000e+01	5.90000000e+01
-441	4.21770000e+04	4.30000000e+01	4.50000000e+01	5.90000000e+01
-440	4.28660000e+04	4.30000000e+01	4.50000000e+01	5.90000000e+01
-439	4.36310000e+04	4.30000000e+01	4.50000000e+01	5.90000000e+01
-438	4.42980000e+04	4.70000000e+01	4.60000000e+01	6.00000000e+01
-437	4.51670000e+04	4.80000000e+01	4.80000000e+01	6.20000000e+01
-436	4.59200000e+04	4.80000000e+01	4.80000000e+01	6.20000000e+01
-435	4.67230000e+04	4.90000000e+01	4.90000000e+01	6.30000000e+01
-434	4.75840000e+04	4.90000000e+01	4.90000000e+01	6.30000000e+01
-433	4.93700000e+04	4.90000000e+01	4.90000000e+01	6.30000000e+01
-432	5.15700000e+04	4.80000000e+01	5.00000000e+01	6.40000000e+01
-431	5.32050000e+04	4.80000000e+01	5.00000000e+01	6.40000000e+01
-430	5.50630000e+04	4.80000000e+01	5.00000000e+01	6.40000000e+01
-429	5.64420000e+04	4.80000000e+01	5.00000000e+01	6.40000000e+01
-428	5.74840000e+04	5.20000000e+01	5.10000000e+01	7.00000000e+01
-427	5.86680000e+04	5.20000000e+01	5.10000000e+01	7.00000000e+01
-426	5.95860000e+04	5.20000000e+01	5.10000000e+01	7.00000000e+01
-425	6.07840000e+04	5.20000000e+01	5.10000000e+01	7.00000000e+01
-424	6.21600000e+04	5.20000000e+01	5.10000000e+01	7.00000000e+01
-423	6.34210000e+04	5.40000000e+01	5.20000000e+01	7.10000000e+01
-422	6.45260000e+04	5.40000000e+01	5.20000000e+01	7.10000000e+01
-421	6.55040000e+04	5.40000000e+01	5.20000000e+01	7.10000000e+01
-420	6.65140000e+04	5.80000000e+01	5.30000000e+01	7.20000000e+01
-419	6.74690000e+04	5.80000000e+01	5.30000000e+01	7.20000000e+01
-418	6.84290000e+04	5.80000000e+01	5.40000000e+01	7.30000000e+01
-417	6.95170000e+04	5.80000000e+01	5.40000000e+01	7.30000000e+01
-416	7.05230000e+04	5.60000000e+01	5.70000000e+01	7.60000000e+01
-415	7.15210000e+04	5.60000000e+01	5.70000000e+01	7.60000000e+01
-414	7.22650000e+04	5.60000000e+01	5.70000000e+01	7.60000000e+01
-413	7.29460000e+04	5.60000000e+01	5.70000000e+01	7.60000000e+01
-412	7.37640000e+04	5.60000000e+01	5.70000000e+01	7.60000000e+01
-411	7.46290000e+04	5.60000000e+01	5.70000000e+01	7.60000000e+01
-410	7.56150000e+04	5.60000000e+01	5.70000000e+01	7.60000000e+01
-409	7.64890000e+04	5.60000000e+01	5.70000000e+01	7.60000000e+01
-408	7.73500000e+04	5.60000000e+01	5.80000000e+01	7.70000000e+01
-407	7.80740000e+04	5.60000000e+01	5.80000000e+01	7.70000000e+01
-406	7.88000000e+04	5.60000000e+01	5.80000000e+01	7.70000000e+01
-405	7.95380000e+04	5.60000000e+01	5.80000000e+01	7.70000000e+01
-404	8.03740000e+04	5.60000000e+01	5.80000000e+01	7.70000000e+01
-403	8.13360000e+04	5.60000000e+01	5.80000000e+01	7.70000000e+01
-402	8.13360000e+04	5.60000000e+01	5.80000000e+01	7.70000000e+01
-401	8.21080000e+04	5.60000000e+01	5.80000000e+01	7.70000000e+01
-400	8.21080000e+04	5.60000000e+01	5.80000000e+01	7.70000000e+01
-399	8.21080000e+04	5.60000000e+01	5.80000000e+01	7.70000000e+01
-398	8.21080000e+04	5.60000000e+01	5.80000000e+01	7.70000000e+01
-397	8.21080000e+04	5.60000000e+01	5.80000000e+01	7.70000000e+01
-396	8.21080000e+04	5.60000000e+01	5.80000000e+01	7.70000000e+01
-395	8.28430000e+04	5.60000000e+01	5.80000000e+01	7.70000000e+01
-394	8.34820000e+04	5.60000000e+01	5.80000000e+01	7.70000000e+01
-393	8.41210000e+04	5.60000000e+01	5.80000000e+01	7.70000000e+01
-392	8.46880000e+04	6.20000000e+01	5.90000000e+01	7.80000000e+01
-391	8.53300000e+04	6.20000000e+01	5.90000000e+01	7.80000000e+01
-390	8.60900000e+04	6.20000000e+01	5.90000000e+01	7.80000000e+01
-389	8.68700000e+04	6.20000000e+01	5.90000000e+01	7.80000000e+01
-388	8.76880000e+04	6.20000000e+01	5.90000000e+01	7.80000000e+01
-387	8.82840000e+04	6.20000000e+01	5.90000000e+01	7.80000000e+01
-386	8.88570000e+04	6.20000000e+01	5.90000000e+01	7.80000000e+01
-385	8.94820000e+04	6.20000000e+01	5.90000000e+01	7.80000000e+01
-384	9.00020000e+04	6.20000000e+01	5.90000000e+01	7.80000000e+01
-383	9.07030000e+04	6.20000000e+01	5.90000000e+01	7.80000000e+01
-382	9.14750000e+04	6.20000000e+01	5.90000000e+01	7.80000000e+01
-381	9.21590000e+04	6.20000000e+01	5.90000000e+01	7.80000000e+01
-380	9.28020000e+04	6.20000000e+01	5.90000000e+01	7.80000000e+01
-379	9.28020000e+04	6.20000000e+01	5.90000000e+01	7.80000000e+01
-378	9.28020000e+04	6.20000000e+01	5.90000000e+01	7.80000000e+01
-377	9.28020000e+04	6.40000000e+01	6.00000000e+01	7.90000000e+01
-376	9.35870000e+04	6.40000000e+01	6.00000000e+01	7.90000000e+01
-375	9.44230000e+04	6.40000000e+01	6.00000000e+01	7.90000000e+01
-374	9.51840000e+04	6.40000000e+01	6.00000000e+01	7.90000000e+01
-373	9.57840000e+04	6.00000000e+01	6.10000000e+01	8.30000000e+01
-372	9.64530000e+04	6.00000000e+01	6.10000000e+01	8.30000000e+01
-371	9.71250000e+04	6.00000000e+01	6.10000000e+01	8.30000000e+01
-370	9.77770000e+04	6.30000000e+01	6.30000000e+01	8.50000000e+01
-369	9.85100000e+04	6.30000000e+01	6.30000000e+01	8.50000000e+01
-368	9.93820000e+04	6.30000000e+01	6.30000000e+01	8.50000000e+01
-367	1.00117000e+05	6.30000000e+01	6.30000000e+01	8.50000000e+01
-366	1.00870000e+05	6.30000000e+01	6.30000000e+01	8.50000000e+01
-365	1.01672000e+05	6.30000000e+01	6.30000000e+01	8.50000000e+01
-364	1.02409000e+05	6.30000000e+01	6.30000000e+01	8.50000000e+01
-363	1.03045000e+05	6.30000000e+01	6.30000000e+01	8.50000000e+01
-362	1.03695000e+05	6.30000000e+01	6.30000000e+01	8.50000000e+01
-361	1.04452000e+05	6.30000000e+01	6.30000000e+01	8.50000000e+01
-360	1.05119000e+05	6.30000000e+01	6.30000000e+01	8.50000000e+01
-359	1.05901000e+05	6.30000000e+01	6.30000000e+01	8.50000000e+01
-358	1.06667000e+05	6.30000000e+01	6.30000000e+01	8.50000000e+01
-357	1.07456000e+05	6.30000000e+01	6.30000000e+01	8.50000000e+01
-356	1.08215000e+05	6.30000000e+01	6.30000000e+01	8.50000000e+01
-355	1.09036000e+05	6.20000000e+01	6.40000000e+01	9.30000000e+01
-354	1.10007000e+05	6.20000000e+01	6.40000000e+01	9.30000000e+01
-353	1.10810000e+05	6.20000000e+01	6.40000000e+01	9.30000000e+01
-352	1.11573000e+05	6.20000000e+01	6.40000000e+01	9.30000000e+01
-351	1.12478000e+05	6.20000000e+01	6.40000000e+01	9.30000000e+01
-350	1.13234000e+05	6.20000000e+01	6.40000000e+01	9.30000000e+01
-349	1.14022000e+05	6.30000000e+01	6.50000000e+01	9.40000000e+01
-348	1.15155000e+05	6.30000000e+01	6.50000000e+01	9.40000000e+01
-347	1.15155000e+05	6.30000000e+01	6.50000000e+01	9.40000000e+01
-346	1.16094000e+05	6.30000000e+01	6.50000000e+01	9.40000000e+01
-345	1.16953000e+05	6.30000000e+01	6.50000000e+01	9.40000000e+01
-344	1.17911000e+05	6.30000000e+01	6.50000000e+01	9.40000000e+01
-343	1.19028000e+05	6.30000000e+01	6.50000000e+01	9.40000000e+01
-342	1.20464000e+05	6.30000000e+01	6.50000000e+01	9.40000000e+01
-341	1.22097000e+05	6.30000000e+01	6.50000000e+01	9.40000000e+01
-340	1.22097000e+05	6.30000000e+01	6.50000000e+01	9.40000000e+01
-339	1.23727000e+05	6.30000000e+01	6.50000000e+01	9.40000000e+01
-338	1.24999000e+05	6.30000000e+01	6.50000000e+01	9.40000000e+01
-337	1.26257000e+05	6.40000000e+01	6.60000000e+01	9.60000000e+01
-336	1.27328000e+05	6.40000000e+01	6.60000000e+01	9.60000000e+01
-335	1.28495000e+05	6.40000000e+01	6.60000000e+01	9.60000000e+01
-334	1.29776000e+05	6.40000000e+01	6.60000000e+01	9.60000000e+01
-333	1.30942000e+05	6.40000000e+01	6.60000000e+01	9.60000000e+01
-332	1.32034000e+05	6.40000000e+01	6.60000000e+01	9.60000000e+01
-331	1.33112000e+05	6.40000000e+01	6.60000000e+01	9.60000000e+01
-330	1.34076000e+05	6.40000000e+01	6.60000000e+01	9.60000000e+01
-329	1.36956000e+05	6.50000000e+01	6.70000000e+01	9.70000000e+01
-328	1.39393000e+05	6.70000000e+01	6.80000000e+01	9.80000000e+01
-327	1.40959000e+05	6.80000000e+01	6.90000000e+01	9.90000000e+01
-326	1.42205000e+05	6.80000000e+01	6.90000000e+01	9.90000000e+01
-325	1.43278000e+05	6.70000000e+01	7.00000000e+01	1.00000000e+02
-324	1.44172000e+05	6.70000000e+01	7.00000000e+01	1.00000000e+02
-323	1.45244000e+05	6.70000000e+01	7.00000000e+01	1.00000000e+02
-322	1.46029000e+05	6.70000000e+01	7.00000000e+01	1.00000000e+02
-321	1.46782000e+05	7.10000000e+01	7.10000000e+01	1.01000000e+02
-320	1.47721000e+05	6.90000000e+01	7.30000000e+01	1.04000000e+02
-319	1.48607000e+05	6.90000000e+01	7.30000000e+01	1.04000000e+02
-318	1.49358000e+05	6.90000000e+01	7.40000000e+01	1.06000000e+02
-317	1.50060000e+05	6.90000000e+01	7.40000000e+01	1.06000000e+02
-316	1.50738000e+05	6.90000000e+01	7.50000000e+01	1.07000000e+02
-315	1.51521000e+05	6.90000000e+01	7.50000000e+01	1.07000000e+02
-314	1.52421000e+05	6.90000000e+01	7.50000000e+01	1.07000000e+02
-313	1.53417000e+05	6.90000000e+01	7.50000000e+01	1.07000000e+02
-312	1.54298000e+05	6.90000000e+01	7.50000000e+01	1.07000000e+02
-311	1.55232000e+05	6.90000000e+01	7.50000000e+01	1.07000000e+02
-310	1.56239000e+05	6.90000000e+01	7.50000000e+01	1.07000000e+02
-309	1.57111000e+05	6.90000000e+01	7.50000000e+01	1.07000000e+02
-308	1.57713000e+05	6.90000000e+01	7.50000000e+01	1.07000000e+02
-307	1.58197000e+05	6.90000000e+01	7.50000000e+01	1.07000000e+02
-306	1.58903000e+05	6.90000000e+01	7.50000000e+01	1.07000000e+02
-305	1.59734000e+05	6.90000000e+01	7.50000000e+01	1.07000000e+02
-304	1.60641000e+05	6.90000000e+01	7.50000000e+01	1.07000000e+02
-303	1.61544000e+05	7.00000000e+01	7.60000000e+01	1.08000000e+02
-302	1.62477000e+05	7.00000000e+01	7.60000000e+01	1.08000000e+02
-301	1.63374000e+05	7.00000000e+01	7.60000000e+01	1.08000000e+02
-300	1.64130000e+05	7.00000000e+01	7.60000000e+01	1.08000000e+02
-299	1.65086000e+05	7.00000000e+01	7.60000000e+01	1.08000000e+02
-298	1.65969000e+05	7.00000000e+01	7.60000000e+01	1.08000000e+02
-297	1.66929000e+05	7.00000000e+01	7.60000000e+01	1.08000000e+02
-296	1.67754000e+05	7.00000000e+01	7.60000000e+01	1.08000000e+02
-295	1.68598000e+05	7.00000000e+01	7.60000000e+01	1.08000000e+02
-294	1.69436000e+05	7.20000000e+01	7.70000000e+01	1.09000000e+02
-293	1.70226000e+05	7.20000000e+01	7.70000000e+01	1.09000000e+02
-292	1.71161000e+05	7.20000000e+01	7.70000000e+01	1.09000000e+02
-291	1.72170000e+05	7.20000000e+01	7.70000000e+01	1.09000000e+02
-290	1.73015000e+05	7.20000000e+01	7.70000000e+01	1.09000000e+02
-289	1.73768000e+05	7.20000000e+01	7.70000000e+01	1.09000000e+02
-288	1.74539000e+05	7.20000000e+01	7.70000000e+01	1.09000000e+02
-287	1.75309000e+05	7.60000000e+01	7.90000000e+01	1.12000000e+02
-286	1.76203000e+05	7.60000000e+01	7.90000000e+01	1.12000000e+02
-285	1.77269000e+05	7.40000000e+01	8.00000000e+01	1.13000000e+02
-284	1.78252000e+05	7.40000000e+01	8.00000000e+01	1.13000000e+02
-283	1.79298000e+05	7.40000000e+01	8.00000000e+01	1.13000000e+02
-282	1.80188000e+05	7.40000000e+01	8.00000000e+01	1.13000000e+02
-281	1.81083000e+05	7.40000000e+01	8.00000000e+01	1.13000000e+02
-280	1.82750000e+05	7.70000000e+01	8.10000000e+01	1.15000000e+02
-279	1.84546000e+05	7.70000000e+01	8.10000000e+01	1.15000000e+02
-278	1.84546000e+05	7.90000000e+01	8.30000000e+01	1.19000000e+02
-277	1.84546000e+05	7.90000000e+01	8.30000000e+01	1.19000000e+02
-276	1.87790000e+05	7.90000000e+01	8.40000000e+01	1.20000000e+02
-275	1.90627000e+05	7.90000000e+01	8.50000000e+01	1.21000000e+02
-274	1.92778000e+05	7.90000000e+01	8.50000000e+01	1.21000000e+02
-273	1.94535000e+05	7.90000000e+01	8.50000000e+01	1.21000000e+02
-272	1.96110000e+05	8.30000000e+01	8.70000000e+01	1.25000000e+02
-271	1.97929000e+05	8.30000000e+01	8.70000000e+01	1.25000000e+02
-270	1.99625000e+05	8.50000000e+01	8.90000000e+01	1.28000000e+02
-269	2.00899000e+05	8.50000000e+01	8.90000000e+01	1.28000000e+02
-268	2.01995000e+05	8.50000000e+01	8.90000000e+01	1.28000000e+02
-267	2.02902000e+05	8.50000000e+01	8.90000000e+01	1.28000000e+02
-266	2.03717000e+05	8.50000000e+01	8.90000000e+01	1.28000000e+02
-265	2.04552000e+05	8.60000000e+01	9.00000000e+01	1.44000000e+02
-264	2.05548000e+05	8.70000000e+01	9.10000000e+01	1.47000000e+02
-263	2.06594000e+05	8.70000000e+01	9.10000000e+01	1.47000000e+02
-262	2.06594000e+05	8.70000000e+01	9.10000000e+01	1.47000000e+02
-261	2.07236000e+05	8.70000000e+01	9.10000000e+01	1.47000000e+02
-260	2.07914000e+05	8.70000000e+01	9.10000000e+01	1.47000000e+02
-259	2.08591000e+05	8.90000000e+01	9.20000000e+01	1.48000000e+02
-258	2.09243000e+05	8.90000000e+01	9.20000000e+01	1.48000000e+02
-257	2.09934000e+05	8.90000000e+01	9.20000000e+01	1.48000000e+02
-256	2.10673000e+05	8.90000000e+01	9.20000000e+01	1.48000000e+02
-255	2.11546000e+05	8.90000000e+01	9.30000000e+01	1.49000000e+02
-254	2.12715000e+05	8.90000000e+01	9.30000000e+01	1.49000000e+02
-253	2.13595000e+05	8.90000000e+01	9.30000000e+01	1.49000000e+02
-252	2.14312000e+05	8.90000000e+01	9.30000000e+01	1.49000000e+02
-251	2.15023000e+05	8.90000000e+01	9.30000000e+01	1.49000000e+02
-250	2.15894000e+05	8.90000000e+01	9.30000000e+01	1.49000000e+02
-249	2.16914000e+05	8.90000000e+01	9.50000000e+01	1.52000000e+02
-248	2.17944000e+05	8.90000000e+01	9.50000000e+01	1.52000000e+02
-247	2.17944000e+05	8.90000000e+01	9.50000000e+01	1.52000000e+02
-246	2.18683000e+05	8.90000000e+01	9.50000000e+01	1.52000000e+02
-245	2.19339000e+05	9.00000000e+01	9.60000000e+01	1.53000000e+02
-244	2.20067000e+05	9.00000000e+01	9.60000000e+01	1.53000000e+02
-243	2.21106000e+05	9.00000000e+01	9.60000000e+01	1.53000000e+02
-242	2.21982000e+05	9.00000000e+01	9.60000000e+01	1.53000000e+02
-241	2.22602000e+05	9.00000000e+01	9.60000000e+01	1.53000000e+02
-240	2.23159000e+05	9.00000000e+01	9.60000000e+01	1.53000000e+02
-239	2.23796000e+05	9.00000000e+01	9.60000000e+01	1.53000000e+02
-238	2.24585000e+05	9.00000000e+01	9.60000000e+01	1.53000000e+02
-237	2.25409000e+05	9.00000000e+01	9.60000000e+01	1.53000000e+02
-236	2.26278000e+05	9.00000000e+01	9.60000000e+01	1.53000000e+02
-235	2.27282000e+05	9.00000000e+01	9.60000000e+01	1.53000000e+02
-234	2.28184000e+05	9.00000000e+01	9.60000000e+01	1.53000000e+02
-233	2.28930000e+05	9.00000000e+01	9.60000000e+01	1.53000000e+02
-232	2.29627000e+05	9.00000000e+01	9.60000000e+01	1.53000000e+02
-231	2.30648000e+05	9.00000000e+01	9.60000000e+01	1.53000000e+02
-230	2.31850000e+05	9.00000000e+01	9.60000000e+01	1.53000000e+02
-229	2.33375000e+05	9.00000000e+01	9.60000000e+01	1.53000000e+02
-228	2.34603000e+05	9.10000000e+01	9.70000000e+01	1.54000000e+02
-227	2.35683000e+05	9.10000000e+01	9.70000000e+01	1.54000000e+02
-226	2.36609000e+05	9.10000000e+01	9.70000000e+01	1.54000000e+02
-225	2.37569000e+05	9.10000000e+01	9.70000000e+01	1.54000000e+02
-224	2.38495000e+05	9.10000000e+01	9.70000000e+01	1.54000000e+02
-223	2.39513000e+05	9.10000000e+01	9.70000000e+01	1.54000000e+02
-222	2.40528000e+05	9.10000000e+01	9.70000000e+01	1.54000000e+02
-221	2.41851000e+05	9.10000000e+01	9.70000000e+01	1.54000000e+02
-220	2.42758000e+05	9.10000000e+01	9.70000000e+01	1.54000000e+02
-219	2.43539000e+05	9.10000000e+01	9.70000000e+01	1.54000000e+02
-218	2.44328000e+05	9.10000000e+01	9.70000000e+01	1.54000000e+02
-217	2.44979000e+05	9.10000000e+01	9.70000000e+01	1.54000000e+02
-216	2.45689000e+05	9.10000000e+01	9.70000000e+01	1.54000000e+02
-215	2.46548000e+05	9.10000000e+01	9.70000000e+01	1.54000000e+02
-214	2.47376000e+05	9.10000000e+01	9.80000000e+01	1.55000000e+02
-213	2.48114000e+05	9.10000000e+01	9.80000000e+01	1.55000000e+02
-212	2.48782000e+05	9.10000000e+01	9.80000000e+01	1.55000000e+02
-211	2.49461000e+05	9.10000000e+01	9.80000000e+01	1.55000000e+02
-210	2.50069000e+05	9.10000000e+01	9.80000000e+01	1.55000000e+02
-209	2.50741000e+05	9.10000000e+01	9.80000000e+01	1.55000000e+02
-208	2.51439000e+05	9.10000000e+01	9.80000000e+01	1.55000000e+02
-207	2.52224000e+05	9.10000000e+01	9.80000000e+01	1.55000000e+02
-206	2.52923000e+05	9.10000000e+01	9.80000000e+01	1.55000000e+02
-205	2.53542000e+05	9.10000000e+01	9.80000000e+01	1.55000000e+02
-204	2.54186000e+05	9.10000000e+01	9.80000000e+01	1.55000000e+02
-203	2.54756000e+05	9.10000000e+01	9.80000000e+01	1.55000000e+02
-202	2.55528000e+05	9.10000000e+01	9.80000000e+01	1.55000000e+02
-201	2.56224000e+05	9.10000000e+01	9.80000000e+01	1.55000000e+02
-200	2.56911000e+05	9.10000000e+01	9.80000000e+01	1.55000000e+02
-199	2.57507000e+05	9.10000000e+01	9.80000000e+01	1.55000000e+02
-198	2.58046000e+05	9.10000000e+01	9.80000000e+01	1.55000000e+02
-197	2.58534000e+05	9.10000000e+01	9.80000000e+01	1.55000000e+02
-196	2.59038000e+05	9.10000000e+01	9.80000000e+01	1.55000000e+02
-195	2.59633000e+05	9.10000000e+01	9.80000000e+01	1.55000000e+02
-194	2.60248000e+05	9.10000000e+01	9.80000000e+01	1.55000000e+02
-193	2.60870000e+05	9.10000000e+01	9.80000000e+01	1.55000000e+02
-192	2.61433000e+05	9.10000000e+01	9.80000000e+01	1.55000000e+02
-191	2.61969000e+05	9.30000000e+01	9.90000000e+01	1.56000000e+02
-190	2.62371000e+05	9.30000000e+01	9.90000000e+01	1.56000000e+02
-189	2.62808000e+05	9.30000000e+01	9.90000000e+01	1.56000000e+02
-188	2.63384000e+05	9.30000000e+01	9.90000000e+01	1.56000000e+02
-187	2.64060000e+05	9.60000000e+01	1.00000000e+02	1.57000000e+02
-186	2.64758000e+05	9.60000000e+01	1.00000000e+02	1.57000000e+02
-185	2.65409000e+05	9.60000000e+01	1.00000000e+02	1.57000000e+02
-184	2.65978000e+05	9.60000000e+01	1.00000000e+02	1.57000000e+02
-183	2.66473000e+05	9.60000000e+01	1.00000000e+02	1.57000000e+02
-182	2.66975000e+05	9.60000000e+01	1.00000000e+02	1.57000000e+02
-181	2.67562000e+05	9.60000000e+01	1.00000000e+02	1.57000000e+02
-180	2.68168000e+05	9.60000000e+01	1.00000000e+02	1.57000000e+02
-179	2.68881000e+05	9.60000000e+01	1.00000000e+02	1.57000000e+02
-178	2.69556000e+05	9.60000000e+01	1.00000000e+02	1.57000000e+02
-177	2.70105000e+05	9.60000000e+01	1.00000000e+02	1.57000000e+02
-176	2.70631000e+05	9.60000000e+01	1.00000000e+02	1.57000000e+02
-175	2.71216000e+05	9.60000000e+01	1.00000000e+02	1.57000000e+02
-174	2.71901000e+05	9.60000000e+01	1.00000000e+02	1.57000000e+02
-173	2.72576000e+05	9.40000000e+01	1.01000000e+02	1.58000000e+02
-172	2.73165000e+05	9.40000000e+01	1.01000000e+02	1.58000000e+02
-171	2.73761000e+05	9.40000000e+01	1.01000000e+02	1.58000000e+02
-170	2.74214000e+05	9.40000000e+01	1.01000000e+02	1.58000000e+02
-169	2.74714000e+05	9.40000000e+01	1.01000000e+02	1.58000000e+02
-168	2.75182000e+05	9.40000000e+01	1.01000000e+02	1.58000000e+02
-167	2.75693000e+05	1.00000000e+02	1.02000000e+02	1.60000000e+02
-166	2.76317000e+05	1.00000000e+02	1.02000000e+02	1.60000000e+02
-165	2.77019000e+05	9.60000000e+01	1.03000000e+02	1.61000000e+02
-164	2.77576000e+05	9.60000000e+01	1.03000000e+02	1.61000000e+02
-163	2.77989000e+05	9.60000000e+01	1.03000000e+02	1.61000000e+02
-162	2.77989000e+05	9.60000000e+01	1.03000000e+02	1.61000000e+02
-161	2.78451000e+05	9.60000000e+01	1.03000000e+02	1.61000000e+02
-160	2.78948000e+05	9.60000000e+01	1.03000000e+02	1.61000000e+02
-159	2.79490000e+05	9.60000000e+01	1.03000000e+02	1.61000000e+02
-158	2.80124000e+05	9.60000000e+01	1.03000000e+02	1.61000000e+02
-157	2.80660000e+05	9.60000000e+01	1.03000000e+02	1.61000000e+02
-156	2.81206000e+05	9.60000000e+01	1.03000000e+02	1.61000000e+02
-155	2.81723000e+05	9.60000000e+01	1.03000000e+02	1.61000000e+02
-154	2.82100000e+05	9.60000000e+01	1.03000000e+02	1.61000000e+02
-153	2.82543000e+05	9.60000000e+01	1.03000000e+02	1.61000000e+02
-152	2.83124000e+05	9.60000000e+01	1.03000000e+02	1.61000000e+02
-151	2.83774000e+05	9.60000000e+01	1.03000000e+02	1.61000000e+02
-150	2.84509000e+05	9.60000000e+01	1.03000000e+02	1.61000000e+02
-149	2.85251000e+05	9.60000000e+01	1.03000000e+02	1.61000000e+02
-148	2.85931000e+05	9.60000000e+01	1.03000000e+02	1.61000000e+02
-147	2.86629000e+05	1.00000000e+02	1.04000000e+02	1.63000000e+02
-146	2.87454000e+05	1.00000000e+02	1.04000000e+02	1.63000000e+02
-145	2.88391000e+05	1.00000000e+02	1.04000000e+02	1.63000000e+02
-144	2.89262000e+05	1.00000000e+02	1.04000000e+02	1.63000000e+02
-143	2.90447000e+05	1.00000000e+02	1.04000000e+02	1.63000000e+02
-142	2.91288000e+05	1.00000000e+02	1.04000000e+02	1.63000000e+02
-141	2.91961000e+05	1.00000000e+02	1.04000000e+02	1.63000000e+02
-140	2.92692000e+05	1.00000000e+02	1.04000000e+02	1.63000000e+02
-139	2.93164000e+05	1.00000000e+02	1.04000000e+02	1.63000000e+02
-138	2.93353000e+05	1.00000000e+02	1.04000000e+02	1.63000000e+02
-137	2.93504000e+05	1.00000000e+02	1.04000000e+02	1.63000000e+02
-136	2.93668000e+05	1.00000000e+02	1.04000000e+02	1.63000000e+02
-135	2.94009000e+05	1.00000000e+02	1.04000000e+02	1.63000000e+02
-134	2.94526000e+05	1.00000000e+02	1.04000000e+02	1.63000000e+02
-133	2.95263000e+05	1.00000000e+02	1.04000000e+02	1.63000000e+02
-132	2.95896000e+05	1.00000000e+02	1.04000000e+02	1.63000000e+02
-131	2.96819000e+05	1.00000000e+02	1.04000000e+02	1.63000000e+02
-130	2.97644000e+05	1.00000000e+02	1.04000000e+02	1.63000000e+02
-129	2.98586000e+05	1.03000000e+02	1.05000000e+02	1.64000000e+02
-128	2.99184000e+05	1.03000000e+02	1.05000000e+02	3.10000000e+01
-127	2.99855000e+05	1.03000000e+02	1.05000000e+02	1.64000000e+02
-126	3.00579000e+05	1.03000000e+02	1.05000000e+02	1.64000000e+02
-125	3.01339000e+05	1.03000000e+02	1.05000000e+02	1.64000000e+02
-124	3.01339000e+05	1.07000000e+02	1.06000000e+02	1.65000000e+02
-123	3.01672000e+05	1.03000000e+02	1.07000000e+02	1.66000000e+02
-122	3.01672000e+05	1.03000000e+02	1.07000000e+02	1.66000000e+02
-121	3.02908000e+05	1.03000000e+02	1.07000000e+02	1.66000000e+02
-120	3.04092000e+05	1.03000000e+02	1.07000000e+02	1.66000000e+02
-119	3.05504000e+05	1.04000000e+02	1.08000000e+02	1.67000000e+02
-118	3.07028000e+05	1.04000000e+02	1.08000000e+02	1.67000000e+02
-117	3.08249000e+05	1.04000000e+02	1.08000000e+02	1.67000000e+02
-116	3.09300000e+05	1.04000000e+02	1.08000000e+02	1.67000000e+02
-115	3.09300000e+05	1.04000000e+02	1.08000000e+02	1.67000000e+02
-114	3.10296000e+05	1.04000000e+02	1.08000000e+02	1.67000000e+02
-113	3.10296000e+05	1.04000000e+02	1.08000000e+02	1.67000000e+02
-112	3.10296000e+05	1.04000000e+02	1.08000000e+02	1.67000000e+02
-111	3.10296000e+05	1.06000000e+02	1.11000000e+02	1.70000000e+02
-110	3.10296000e+05	1.07000000e+02	1.12000000e+02	1.71000000e+02
-109	3.12443000e+05	1.07000000e+02	1.12000000e+02	1.71000000e+02
-108	3.14076000e+05	1.12000000e+02	1.13000000e+02	1.72000000e+02
-107	3.15684000e+05	1.11000000e+02	1.16000000e+02	1.76000000e+02
-106	3.16842000e+05	1.11000000e+02	1.16000000e+02	1.76000000e+02
-105	3.17899000e+05	1.11000000e+02	1.16000000e+02	1.76000000e+02
-104	3.18970000e+05	1.11000000e+02	1.16000000e+02	1.76000000e+02
-103	3.19992000e+05	1.11000000e+02	1.16000000e+02	1.76000000e+02
-102	3.20961000e+05	1.11000000e+02	1.16000000e+02	1.76000000e+02
-101	3.21903000e+05	1.11000000e+02	1.16000000e+02	1.76000000e+02
-100	3.22721000e+05	1.11000000e+02	1.16000000e+02	1.76000000e+02
-99	3.23865000e+05	1.11000000e+02	1.16000000e+02	1.76000000e+02
-98	3.25005000e+05	1.11000000e+02	1.16000000e+02	1.76000000e+02
-97	3.26184000e+05	1.11000000e+02	1.16000000e+02	1.76000000e+02
-96	3.27405000e+05	1.11000000e+02	1.16000000e+02	1.76000000e+02
-95	3.28621000e+05	1.11000000e+02	1.16000000e+02	1.76000000e+02
-94	3.29911000e+05	1.11000000e+02	1.16000000e+02	1.76000000e+02
-93	3.31004000e+05	1.11000000e+02	1.16000000e+02	1.76000000e+02
-92	3.32266000e+05	1.11000000e+02	1.16000000e+02	1.76000000e+02
-91	3.33520000e+05	1.11000000e+02	1.16000000e+02	1.76000000e+02
-90	3.34600000e+05	1.11000000e+02	1.16000000e+02	1.76000000e+02
-89	3.35631000e+05	1.11000000e+02	1.16000000e+02	1.76000000e+02
-88	3.36636000e+05	1.11000000e+02	1.16000000e+02	1.76000000e+02
-87	3.37724000e+05	1.11000000e+02	1.16000000e+02	1.76000000e+02
-86	3.38646000e+05	1.12000000e+02	1.17000000e+02	1.77000000e+02
-85	3.39443000e+05	1.12000000e+02	1.17000000e+02	1.77000000e+02
-84	3.40419000e+05	1.12000000e+02	1.17000000e+02	1.77000000e+02
-83	3.41341000e+05	1.12000000e+02	1.17000000e+02	1.77000000e+02
-82	3.42191000e+05	1.12000000e+02	1.17000000e+02	1.77000000e+02
-81	3.43074000e+05	1.12000000e+02	1.17000000e+02	1.77000000e+02
-80	3.44036000e+05	1.12000000e+02	1.17000000e+02	1.77000000e+02
-79	3.44962000e+05	1.12000000e+02	1.17000000e+02	1.77000000e+02
-78	3.45837000e+05	1.12000000e+02	1.17000000e+02	1.77000000e+02
-77	3.46870000e+05	1.12000000e+02	1.17000000e+02	1.77000000e+02
-76	3.47721000e+05	1.12000000e+02	1.17000000e+02	1.77000000e+02
-75	3.48600000e+05	1.12000000e+02	1.17000000e+02	1.77000000e+02
-74	3.49459000e+05	1.12000000e+02	1.17000000e+02	1.77000000e+02
-73	3.50350000e+05	1.12000000e+02	1.17000000e+02	1.77000000e+02
-72	3.51199000e+05	1.12000000e+02	1.17000000e+02	1.77000000e+02
-71	3.52050000e+05	1.12000000e+02	1.17000000e+02	1.77000000e+02
-70	3.52801000e+05	1.12000000e+02	1.17000000e+02	1.77000000e+02
-69	3.53527000e+05	1.12000000e+02	1.17000000e+02	1.77000000e+02
-68	3.54342000e+05	1.12000000e+02	1.17000000e+02	1.77000000e+02
-67	3.55246000e+05	1.12000000e+02	1.17000000e+02	1.77000000e+02
-66	3.56069000e+05	1.12000000e+02	1.17000000e+02	1.77000000e+02
-65	3.56880000e+05	1.12000000e+02	1.17000000e+02	1.77000000e+02
-64	3.57634000e+05	1.12000000e+02	1.17000000e+02	1.77000000e+02
-63	3.58508000e+05	1.12000000e+02	1.17000000e+02	1.77000000e+02
-62	3.59320000e+05	1.12000000e+02	1.17000000e+02	1.77000000e+02
-61	3.60419000e+05	1.12000000e+02	1.17000000e+02	1.77000000e+02
-60	3.61501000e+05	1.12000000e+02	1.17000000e+02	1.77000000e+02
-59	3.62602000e+05	1.12000000e+02	1.17000000e+02	1.77000000e+02
-58	3.63673000e+05	1.12000000e+02	1.17000000e+02	1.77000000e+02
-57	3.64753000e+05	1.12000000e+02	1.17000000e+02	1.77000000e+02
-56	3.65551000e+05	1.12000000e+02	1.17000000e+02	1.77000000e+02
-55	3.66382000e+05	1.12000000e+02	1.17000000e+02	1.77000000e+02
-54	3.67250000e+05	1.12000000e+02	1.17000000e+02	1.77000000e+02
-53	3.68024000e+05	1.12000000e+02	1.17000000e+02	1.77000000e+02
-52	3.68972000e+05	1.12000000e+02	1.17000000e+02	1.77000000e+02
-51	3.69720000e+05	1.12000000e+02	1.17000000e+02	1.77000000e+02
-50	3.70350000e+05	1.12000000e+02	1.17000000e+02	1.77000000e+02
-49	3.70941000e+05	1.12000000e+02	1.17000000e+02	1.77000000e+02
-48	3.71535000e+05	1.12000000e+02	1.17000000e+02	1.77000000e+02
-47	3.72330000e+05	1.12000000e+02	1.17000000e+02	1.77000000e+02
-46	3.73218000e+05	1.12000000e+02	1.17000000e+02	1.77000000e+02
-45	3.73898000e+05	1.12000000e+02	1.17000000e+02	1.77000000e+02
-44	3.74459000e+05	1.12000000e+02	1.17000000e+02	1.77000000e+02
-43	3.74963000e+05	1.12000000e+02	1.17000000e+02	1.77000000e+02
-42	3.75568000e+05	1.12000000e+02	1.17000000e+02	1.77000000e+02
-41	3.76179000e+05	1.12000000e+02	1.17000000e+02	1.77000000e+02
-40	3.76844000e+05	1.12000000e+02	1.17000000e+02	1.77000000e+02
-39	3.77617000e+05	1.12000000e+02	1.17000000e+02	1.77000000e+02
-38	3.78244000e+05	1.12000000e+02	1.17000000e+02	1.77000000e+02
-37	3.78769000e+05	1.12000000e+02	1.17000000e+02	1.77000000e+02
-36	3.79301000e+05	1.12000000e+02	1.17000000e+02	1.77000000e+02
-35	3.79796000e+05	1.12000000e+02	1.17000000e+02	1.77000000e+02
-34	3.80373000e+05	1.12000000e+02	1.17000000e+02	1.77000000e+02
-33	3.81039000e+05	1.12000000e+02	1.17000000e+02	1.77000000e+02
-32	3.81704000e+05	1.12000000e+02	1.17000000e+02	1.77000000e+02
-31	3.82340000e+05	1.12000000e+02	1.17000000e+02	1.77000000e+02
-30	3.82880000e+05	1.12000000e+02	1.17000000e+02	1.77000000e+02
-29	3.83365000e+05	1.12000000e+02	1.17000000e+02	1.77000000e+02
-28	3.83893000e+05	1.12000000e+02	1.17000000e+02	1.77000000e+02
-27	3.84419000e+05	1.12000000e+02	1.17000000e+02	1.77000000e+02
-26	3.85044000e+05	1.12000000e+02	1.18000000e+02	1.78000000e+02
-25	3.85688000e+05	1.12000000e+02	1.18000000e+02	1.78000000e+02
-24	3.86245000e+05	1.13000000e+02	1.19000000e+02	1.79000000e+02
-23	3.86770000e+05	1.15000000e+02	1.20000000e+02	1.84000000e+02
-22	3.87423000e+05	1.14000000e+02	1.21000000e+02	1.86000000e+02
-21	3.88524000e+05	1.14000000e+02	1.21000000e+02	1.86000000e+02
-20	3.89585000e+05	1.14000000e+02	1.21000000e+02	1.86000000e+02
-19	3.91395000e+05	1.14000000e+02	1.21000000e+02	1.86000000e+02
-18	3.92513000e+05	1.14000000e+02	1.21000000e+02	1.86000000e+02
-17	3.93639000e+05	1.13000000e+02	1.22000000e+02	1.88000000e+02
-16	3.94628000e+05	1.13000000e+02	1.22000000e+02	1.88000000e+02
-15	3.95876000e+05	1.13000000e+02	1.22000000e+02	1.88000000e+02
-14	3.97205000e+05	1.13000000e+02	1.22000000e+02	1.88000000e+02
-13	3.98232000e+05	1.13000000e+02	1.22000000e+02	1.88000000e+02
-12	3.99157000e+05	1.11000000e+02	1.24000000e+02	1.90000000e+02
-11	4.00093000e+05	1.11000000e+02	1.24000000e+02	1.90000000e+02
-10	4.01141000e+05	1.11000000e+02	1.24000000e+02	1.90000000e+02
-9	4.03787000e+05	1.11000000e+02	1.24000000e+02	1.90000000e+02
-8	4.06306000e+05	1.11000000e+02	1.24000000e+02	1.90000000e+02
-7	4.08270000e+05	1.11000000e+02	1.24000000e+02	1.90000000e+02
-6	4.10254000e+05	1.16000000e+02	1.25000000e+02	1.92000000e+02
-5	4.11806000e+05	1.16000000e+02	1.26000000e+02	1.93000000e+02
-4	4.13245000e+05	1.16000000e+02	1.26000000e+02	1.93000000e+02
-3	4.14608000e+05	1.21000000e+02	1.28000000e+02	1.96000000e+02
-2	4.15983000e+05	1.29000000e+02	1.29000000e+02	1.98000000e+02
-1	4.17648000e+05	1.25000000e+02	1.30000000e+02	1.99000000e+02
0	4.19961000e+05	1.26000000e+02	1.32000000e+02	2.01000000e+02
1	4.22096000e+05	1.26000000e+02	1.32000000e+02	2.01000000e+02
2	4.24009000e+05	1.28000000e+02	1.35000000e+02	2.04000000e+02
3	4.25768000e+05	1.27000000e+02	1.36000000e+02	2.05000000e+02
4	4.27670000e+05	1.27000000e+02	1.36000000e+02	2.05000000e+02
5	4.28917000e+05	1.28000000e+02	1.37000000e+02	2.07000000e+02
6	4.29816000e+05	1.28000000e+02	1.37000000e+02	2.07000000e+02
7	4.30742000e+05	1.28000000e+02	1.37000000e+02	2.07000000e+02
8	4.31683000e+05	1.33000000e+02	1.38000000e+02	2.08000000e+02
9	4.32758000e+05	1.28000000e+02	1.40000000e+02	2.10000000e+02
10	4.33723000e+05	1.28000000e+02	1.40000000e+02	2.10000000e+02
11	4.34611000e+05	1.28000000e+02	1.40000000e+02	2.10000000e+02
12	4.35514000e+05	1.33000000e+02	1.41000000e+02	2.11000000e+02
13	4.36450000e+05	1.33000000e+02	1.41000000e+02	2.11000000e+02
14	4.37842000e+05	1.33000000e+02	1.41000000e+02	2.11000000e+02
15	4.39431000e+05	1.33000000e+02	1.41000000e+02	2.11000000e+02
16	4.40758000e+05	1.33000000e+02	1.41000000e+02	2.11000000e+02
17	4.41861000e+05	1.40000000e+02	1.42000000e+02	2.12000000e+02
18	4.43159000e+05	1.40000000e+02	1.42000000e+02	2.12000000e+02
19	4.44178000e+05	1.40000000e+02	1.42000000e+02	2.12000000e+02
20	4.45062000e+05	1.40000000e+02	1.42000000e+02	2.12000000e+02
21	4.45922000e+05	1.40000000e+02	1.42000000e+02	2.12000000e+02
22	4.46654000e+05	1.40000000e+02	1.42000000e+02	2.12000000e+02
23	4.47480000e+05	1.40000000e+02	1.42000000e+02	2.12000000e+02
24	4.48415000e+05	1.40000000e+02	1.42000000e+02	2.12000000e+02
25	4.49112000e+05	1.40000000e+02	1.42000000e+02	2.12000000e+02
26	4.49740000e+05	1.40000000e+02	1.42000000e+02	2.12000000e+02
27	4.50394000e+05	1.40000000e+02	1.42000000e+02	2.12000000e+02
28	4.51069000e+05	1.40000000e+02	1.42000000e+02	2.12000000e+02
29	4.51822000e+05	1.40000000e+02	1.42000000e+02	2.12000000e+02
30	4.52632000e+05	1.40000000e+02	1.42000000e+02	2.12000000e+02
31	4.53466000e+05	1.40000000e+02	1.42000000e+02	2.12000000e+02
32	4.54160000e+05	1.40000000e+02	1.42000000e+02	2.12000000e+02
33	4.55203000e+05	1.39000000e+02	1.43000000e+02	2.13000000e+02
34	4.56081000e+05	1.39000000e+02	1.43000000e+02	2.13000000e+02
35	4.56786000e+05	1.39000000e+02	1.43000000e+02	2.13000000e+02
36	4.57440000e+05	1.39000000e+02	1.43000000e+02	2.13000000e+02
37	4.58203000e+05	1.39000000e+02	1.43000000e+02	2.13000000e+02
38	4.59022000e+05	1.39000000e+02	1.43000000e+02	2.13000000e+02
39	4.59696000e+05	1.39000000e+02	1.44000000e+02	2.15000000e+02
40	4.60351000e+05	1.39000000e+02	1.44000000e+02	2.15000000e+02
41	4.61036000e+05	1.39000000e+02	1.44000000e+02	2.15000000e+02
42	4.61598000e+05	1.39000000e+02	1.44000000e+02	2.15000000e+02
43	4.62223000e+05	1.39000000e+02	1.44000000e+02	2.15000000e+02
44	4.62855000e+05	1.39000000e+02	1.44000000e+02	2.15000000e+02
45	4.63556000e+05	1.39000000e+02	1.44000000e+02	2.15000000e+02
46	4.64139000e+05	1.39000000e+02	1.44000000e+02	2.15000000e+02
47	4.64674000e+05	1.39000000e+02	1.44000000e+02	2.15000000e+02
48	4.65221000e+05	1.39000000e+02	1.44000000e+02	2.15000000e+02
49	4.65829000e+05	1.39000000e+02	1.44000000e+02	2.15000000e+02
50	4.66464000e+05	1.39000000e+02	1.44000000e+02	2.15000000e+02
51	4.67114000e+05	1.39000000e+02	1.44000000e+02	2.15000000e+02
52	4.67829000e+05	1.39000000e+02	1.44000000e+02	2.15000000e+02
53	4.68656000e+05	1.39000000e+02	1.44000000e+02	2.15000000e+02
54	4.69471000e+05	1.39000000e+02	1.44000000e+02	2.15000000e+02
55	4.70153000e+05	1.39000000e+02	1.44000000e+02	2.15000000e+02
56	4.70861000e+05	1.39000000e+02	1.44000000e+02	2.15000000e+02
57	4.71430000e+05	1.39000000e+02	1.44000000e+02	2.15000000e+02
58	4.71933000e+05	1.39000000e+02	1.44000000e+02	2.15000000e+02
59	4.72712000e+05	1.39000000e+02	1.44000000e+02	2.15000000e+02
60	4.73487000e+05	1.39000000e+02	1.44000000e+02	2.15000000e+02
61	4.74261000e+05	1.39000000e+02	1.44000000e+02	2.15000000e+02
62	4.75041000e+05	1.40000000e+02	1.45000000e+02	2.16000000e+02
63	4.76160000e+05	1.40000000e+02	1.45000000e+02	2.16000000e+02
64	4.76831000e+05	1.40000000e+02	1.45000000e+02	2.16000000e+02
65	4.77537000e+05	1.40000000e+02	1.45000000e+02	2.16000000e+02
66	4.78424000e+05	1.40000000e+02	1.45000000e+02	2.16000000e+02
67	4.79181000e+05	1.40000000e+02	1.45000000e+02	2.16000000e+02
68	4.79849000e+05	1.40000000e+02	1.45000000e+02	2.16000000e+02
69	4.80526000e+05	1.40000000e+02	1.45000000e+02	2.16000000e+02
70	4.81317000e+05	1.40000000e+02	1.45000000e+02	2.16000000e+02
71	4.82006000e+05	1.40000000e+02	1.45000000e+02	2.16000000e+02
72	4.82755000e+05	1.40000000e+02	1.45000000e+02	2.16000000e+02
73	4.84758000e+05	1.41000000e+02	1.46000000e+02	2.18000000e+02
74	4.87255000e+05	1.43000000e+02	1.47000000e+02	2.19000000e+02
75	4.89081000e+05	1.43000000e+02	1.47000000e+02	2.19000000e+02
76	4.90643000e+05	1.43000000e+02	1.47000000e+02	2.19000000e+02
77	4.91894000e+05	1.43000000e+02	1.47000000e+02	2.19000000e+02
78	4.92997000e+05	1.43000000e+02	1.47000000e+02	2.19000000e+02
79	4.94352000e+05	1.43000000e+02	1.47000000e+02	2.19000000e+02
80	4.96110000e+05	1.43000000e+02	1.47000000e+02	2.19000000e+02
81	4.97642000e+05	1.43000000e+02	1.47000000e+02	2.19000000e+02
82	4.99075000e+05	1.43000000e+02	1.47000000e+02	2.19000000e+02
83	5.00685000e+05	1.43000000e+02	1.47000000e+02	2.19000000e+02
84	5.01910000e+05	1.43000000e+02	1.47000000e+02	2.19000000e+02
85	5.03031000e+05	1.43000000e+02	2.00000000e+01	2.19000000e+02
86	5.04214000e+05	1.43000000e+02	1.47000000e+02	2.19000000e+02
87	5.05495000e+05	1.43000000e+02	1.47000000e+02	2.19000000e+02
88	5.06587000e+05	1.43000000e+02	1.47000000e+02	2.19000000e+02
89	5.07660000e+05	1.43000000e+02	1.47000000e+02	2.19000000e+02
90	5.08686000e+05	1.44000000e+02	1.48000000e+02	2.20000000e+02
91	5.09801000e+05	1.44000000e+02	1.48000000e+02	2.20000000e+02
92	5.11095000e+05	1.44000000e+02	1.48000000e+02	2.20000000e+02
93	5.12296000e+05	1.44000000e+02	1.48000000e+02	2.20000000e+02
94	5.13644000e+05	1.44000000e+02	1.48000000e+02	2.20000000e+02
95	5.14855000e+05	1.44000000e+02	1.48000000e+02	2.20000000e+02
96	5.16262000e+05	1.44000000e+02	1.50000000e+02	2.22000000e+02
97	5.17899000e+05	1.44000000e+02	1.50000000e+02	2.22000000e+02
98	5.19437000e+05	1.44000000e+02	1.50000000e+02	2.22000000e+02
99	5.21035000e+05	1.44000000e+02	1.50000000e+02	2.22000000e+02
100	5.22724000e+05	1.44000000e+02	1.50000000e+02	2.22000000e+02
