Day_(movie_time)	Views	Users	Rigor	Edits
-500	0.00000000e+00	0.00000000e+00	0.00000000e+00	0.00000000e+00
-499	0.00000000e+00	0.00000000e+00	0.00000000e+00	0.00000000e+00
-498	0.00000000e+00	0.00000000e+00	0.00000000e+00	0.00000000e+00
-497	0.00000000e+00	0.00000000e+00	0.00000000e+00	0.00000000e+00
-496	0.00000000e+00	0.00000000e+00	0.00000000e+00	0.00000000e+00
-495	0.00000000e+00	0.00000000e+00	0.00000000e+00	0.00000000e+00
-494	0.00000000e+00	0.00000000e+00	0.00000000e+00	0.00000000e+00
-493	0.00000000e+00	0.00000000e+00	0.00000000e+00	0.00000000e+00
-492	0.00000000e+00	0.00000000e+00	0.00000000e+00	0.00000000e+00
-491	0.00000000e+00	0.00000000e+00	0.00000000e+00	0.00000000e+00
-490	0.00000000e+00	0.00000000e+00	0.00000000e+00	0.00000000e+00
-489	0.00000000e+00	0.00000000e+00	0.00000000e+00	0.00000000e+00
-488	0.00000000e+00	0.00000000e+00	0.00000000e+00	0.00000000e+00
-487	0.00000000e+00	0.00000000e+00	0.00000000e+00	0.00000000e+00
-486	0.00000000e+00	0.00000000e+00	0.00000000e+00	0.00000000e+00
-485	0.00000000e+00	0.00000000e+00	0.00000000e+00	0.00000000e+00
-484	0.00000000e+00	0.00000000e+00	0.00000000e+00	0.00000000e+00
-483	0.00000000e+00	0.00000000e+00	0.00000000e+00	0.00000000e+00
-482	0.00000000e+00	0.00000000e+00	0.00000000e+00	0.00000000e+00
-481	0.00000000e+00	0.00000000e+00	0.00000000e+00	0.00000000e+00
-480	0.00000000e+00	0.00000000e+00	0.00000000e+00	0.00000000e+00
-479	0.00000000e+00	0.00000000e+00	0.00000000e+00	0.00000000e+00
-478	0.00000000e+00	0.00000000e+00	0.00000000e+00	0.00000000e+00
-477	0.00000000e+00	0.00000000e+00	0.00000000e+00	0.00000000e+00
-476	0.00000000e+00	0.00000000e+00	0.00000000e+00	0.00000000e+00
-475	0.00000000e+00	0.00000000e+00	0.00000000e+00	0.00000000e+00
-474	0.00000000e+00	0.00000000e+00	0.00000000e+00	0.00000000e+00
-473	0.00000000e+00	0.00000000e+00	0.00000000e+00	0.00000000e+00
-472	0.00000000e+00	0.00000000e+00	0.00000000e+00	0.00000000e+00
-471	0.00000000e+00	0.00000000e+00	0.00000000e+00	0.00000000e+00
-470	0.00000000e+00	0.00000000e+00	0.00000000e+00	0.00000000e+00
-469	0.00000000e+00	0.00000000e+00	0.00000000e+00	0.00000000e+00
-468	0.00000000e+00	0.00000000e+00	0.00000000e+00	0.00000000e+00
-467	0.00000000e+00	0.00000000e+00	0.00000000e+00	0.00000000e+00
-466	0.00000000e+00	0.00000000e+00	0.00000000e+00	0.00000000e+00
-465	0.00000000e+00	0.00000000e+00	0.00000000e+00	0.00000000e+00
-464	0.00000000e+00	0.00000000e+00	0.00000000e+00	0.00000000e+00
-463	0.00000000e+00	0.00000000e+00	0.00000000e+00	0.00000000e+00
-462	0.00000000e+00	0.00000000e+00	0.00000000e+00	0.00000000e+00
-461	0.00000000e+00	0.00000000e+00	0.00000000e+00	0.00000000e+00
-460	0.00000000e+00	0.00000000e+00	0.00000000e+00	0.00000000e+00
-459	0.00000000e+00	0.00000000e+00	0.00000000e+00	0.00000000e+00
-458	0.00000000e+00	0.00000000e+00	0.00000000e+00	0.00000000e+00
-457	0.00000000e+00	0.00000000e+00	0.00000000e+00	0.00000000e+00
-456	0.00000000e+00	0.00000000e+00	0.00000000e+00	0.00000000e+00
-455	0.00000000e+00	0.00000000e+00	0.00000000e+00	0.00000000e+00
-454	0.00000000e+00	0.00000000e+00	0.00000000e+00	0.00000000e+00
-453	0.00000000e+00	0.00000000e+00	0.00000000e+00	0.00000000e+00
-452	0.00000000e+00	0.00000000e+00	0.00000000e+00	0.00000000e+00
-451	0.00000000e+00	0.00000000e+00	0.00000000e+00	0.00000000e+00
-450	0.00000000e+00	0.00000000e+00	0.00000000e+00	0.00000000e+00
-449	0.00000000e+00	0.00000000e+00	0.00000000e+00	0.00000000e+00
-448	0.00000000e+00	0.00000000e+00	0.00000000e+00	0.00000000e+00
-447	0.00000000e+00	0.00000000e+00	0.00000000e+00	0.00000000e+00
-446	0.00000000e+00	0.00000000e+00	0.00000000e+00	0.00000000e+00
-445	0.00000000e+00	0.00000000e+00	0.00000000e+00	0.00000000e+00
-444	0.00000000e+00	0.00000000e+00	0.00000000e+00	0.00000000e+00
-443	0.00000000e+00	0.00000000e+00	0.00000000e+00	0.00000000e+00
-442	0.00000000e+00	0.00000000e+00	0.00000000e+00	0.00000000e+00
-441	0.00000000e+00	0.00000000e+00	0.00000000e+00	0.00000000e+00
-440	0.00000000e+00	0.00000000e+00	0.00000000e+00	0.00000000e+00
-439	0.00000000e+00	0.00000000e+00	0.00000000e+00	0.00000000e+00
-438	0.00000000e+00	0.00000000e+00	0.00000000e+00	0.00000000e+00
-437	0.00000000e+00	0.00000000e+00	0.00000000e+00	0.00000000e+00
-436	0.00000000e+00	0.00000000e+00	0.00000000e+00	0.00000000e+00
-435	0.00000000e+00	0.00000000e+00	0.00000000e+00	0.00000000e+00
-434	0.00000000e+00	0.00000000e+00	0.00000000e+00	0.00000000e+00
-433	0.00000000e+00	0.00000000e+00	0.00000000e+00	0.00000000e+00
-432	0.00000000e+00	0.00000000e+00	0.00000000e+00	0.00000000e+00
-431	0.00000000e+00	0.00000000e+00	0.00000000e+00	0.00000000e+00
-430	0.00000000e+00	0.00000000e+00	0.00000000e+00	0.00000000e+00
-429	0.00000000e+00	0.00000000e+00	0.00000000e+00	0.00000000e+00
-428	0.00000000e+00	0.00000000e+00	0.00000000e+00	0.00000000e+00
-427	0.00000000e+00	0.00000000e+00	0.00000000e+00	0.00000000e+00
-426	0.00000000e+00	0.00000000e+00	0.00000000e+00	0.00000000e+00
-425	0.00000000e+00	0.00000000e+00	0.00000000e+00	0.00000000e+00
-424	0.00000000e+00	0.00000000e+00	0.00000000e+00	0.00000000e+00
-423	0.00000000e+00	0.00000000e+00	0.00000000e+00	0.00000000e+00
-422	0.00000000e+00	0.00000000e+00	0.00000000e+00	0.00000000e+00
-421	0.00000000e+00	0.00000000e+00	0.00000000e+00	0.00000000e+00
-420	0.00000000e+00	0.00000000e+00	0.00000000e+00	0.00000000e+00
-419	0.00000000e+00	0.00000000e+00	0.00000000e+00	0.00000000e+00
-418	0.00000000e+00	0.00000000e+00	0.00000000e+00	0.00000000e+00
-417	0.00000000e+00	0.00000000e+00	0.00000000e+00	0.00000000e+00
-416	0.00000000e+00	0.00000000e+00	0.00000000e+00	0.00000000e+00
-415	0.00000000e+00	0.00000000e+00	0.00000000e+00	0.00000000e+00
-414	0.00000000e+00	0.00000000e+00	0.00000000e+00	0.00000000e+00
-413	0.00000000e+00	0.00000000e+00	0.00000000e+00	0.00000000e+00
-412	0.00000000e+00	0.00000000e+00	0.00000000e+00	0.00000000e+00
-411	0.00000000e+00	0.00000000e+00	0.00000000e+00	0.00000000e+00
-410	0.00000000e+00	0.00000000e+00	0.00000000e+00	0.00000000e+00
-409	0.00000000e+00	0.00000000e+00	0.00000000e+00	0.00000000e+00
-408	0.00000000e+00	0.00000000e+00	0.00000000e+00	0.00000000e+00
-407	0.00000000e+00	0.00000000e+00	0.00000000e+00	0.00000000e+00
-406	0.00000000e+00	0.00000000e+00	0.00000000e+00	0.00000000e+00
-405	0.00000000e+00	0.00000000e+00	0.00000000e+00	0.00000000e+00
-404	0.00000000e+00	0.00000000e+00	0.00000000e+00	0.00000000e+00
-403	0.00000000e+00	0.00000000e+00	0.00000000e+00	0.00000000e+00
-402	0.00000000e+00	0.00000000e+00	0.00000000e+00	0.00000000e+00
-401	0.00000000e+00	0.00000000e+00	0.00000000e+00	0.00000000e+00
-400	0.00000000e+00	0.00000000e+00	0.00000000e+00	0.00000000e+00
-399	0.00000000e+00	0.00000000e+00	0.00000000e+00	0.00000000e+00
-398	0.00000000e+00	0.00000000e+00	0.00000000e+00	0.00000000e+00
-397	0.00000000e+00	0.00000000e+00	0.00000000e+00	0.00000000e+00
-396	0.00000000e+00	0.00000000e+00	0.00000000e+00	0.00000000e+00
-395	1.00000000e+00	0.00000000e+00	0.00000000e+00	0.00000000e+00
-394	1.00000000e+00	0.00000000e+00	0.00000000e+00	0.00000000e+00
-393	1.00000000e+00	0.00000000e+00	0.00000000e+00	0.00000000e+00
-392	1.00000000e+00	0.00000000e+00	0.00000000e+00	0.00000000e+00
-391	1.00000000e+00	0.00000000e+00	0.00000000e+00	0.00000000e+00
-390	1.00000000e+00	0.00000000e+00	0.00000000e+00	0.00000000e+00
-389	1.00000000e+00	0.00000000e+00	0.00000000e+00	0.00000000e+00
-388	1.00000000e+00	0.00000000e+00	0.00000000e+00	0.00000000e+00
-387	1.00000000e+00	0.00000000e+00	0.00000000e+00	0.00000000e+00
-386	1.00000000e+00	0.00000000e+00	0.00000000e+00	0.00000000e+00
-385	1.00000000e+00	0.00000000e+00	0.00000000e+00	0.00000000e+00
-384	1.00000000e+00	0.00000000e+00	0.00000000e+00	0.00000000e+00
-383	1.00000000e+00	0.00000000e+00	0.00000000e+00	0.00000000e+00
-382	1.00000000e+00	0.00000000e+00	0.00000000e+00	0.00000000e+00
-381	1.00000000e+00	0.00000000e+00	0.00000000e+00	0.00000000e+00
-380	1.00000000e+00	0.00000000e+00	0.00000000e+00	0.00000000e+00
-379	1.00000000e+00	0.00000000e+00	0.00000000e+00	0.00000000e+00
-378	1.00000000e+00	0.00000000e+00	0.00000000e+00	0.00000000e+00
-377	1.00000000e+00	0.00000000e+00	0.00000000e+00	0.00000000e+00
-376	1.00000000e+00	0.00000000e+00	0.00000000e+00	0.00000000e+00
-375	1.00000000e+00	0.00000000e+00	0.00000000e+00	0.00000000e+00
-374	1.00000000e+00	0.00000000e+00	0.00000000e+00	0.00000000e+00
-373	1.00000000e+00	0.00000000e+00	0.00000000e+00	0.00000000e+00
-372	1.00000000e+00	0.00000000e+00	0.00000000e+00	0.00000000e+00
-371	1.00000000e+00	0.00000000e+00	0.00000000e+00	0.00000000e+00
-370	1.00000000e+00	0.00000000e+00	0.00000000e+00	0.00000000e+00
-369	1.00000000e+00	0.00000000e+00	0.00000000e+00	0.00000000e+00
-368	1.00000000e+00	0.00000000e+00	0.00000000e+00	0.00000000e+00
-367	1.00000000e+00	0.00000000e+00	0.00000000e+00	0.00000000e+00
-366	1.00000000e+00	0.00000000e+00	0.00000000e+00	0.00000000e+00
-365	1.00000000e+00	0.00000000e+00	0.00000000e+00	0.00000000e+00
-364	1.00000000e+00	0.00000000e+00	0.00000000e+00	0.00000000e+00
-363	1.00000000e+00	0.00000000e+00	0.00000000e+00	0.00000000e+00
-362	1.00000000e+00	0.00000000e+00	0.00000000e+00	0.00000000e+00
-361	1.00000000e+00	0.00000000e+00	0.00000000e+00	0.00000000e+00
-360	1.00000000e+00	0.00000000e+00	0.00000000e+00	0.00000000e+00
-359	1.00000000e+00	0.00000000e+00	0.00000000e+00	0.00000000e+00
-358	1.00000000e+00	0.00000000e+00	0.00000000e+00	0.00000000e+00
-357	1.00000000e+00	0.00000000e+00	0.00000000e+00	0.00000000e+00
-356	1.00000000e+00	0.00000000e+00	0.00000000e+00	0.00000000e+00
-355	1.00000000e+00	0.00000000e+00	0.00000000e+00	0.00000000e+00
-354	1.00000000e+00	0.00000000e+00	0.00000000e+00	0.00000000e+00
-353	1.00000000e+00	0.00000000e+00	0.00000000e+00	0.00000000e+00
-352	1.00000000e+00	0.00000000e+00	0.00000000e+00	0.00000000e+00
-351	1.00000000e+00	0.00000000e+00	0.00000000e+00	0.00000000e+00
-350	1.00000000e+00	0.00000000e+00	0.00000000e+00	0.00000000e+00
-349	1.00000000e+00	0.00000000e+00	0.00000000e+00	0.00000000e+00
-348	1.00000000e+00	0.00000000e+00	0.00000000e+00	0.00000000e+00
-347	1.00000000e+00	0.00000000e+00	0.00000000e+00	0.00000000e+00
-346	1.00000000e+00	0.00000000e+00	0.00000000e+00	0.00000000e+00
-345	1.00000000e+00	0.00000000e+00	0.00000000e+00	0.00000000e+00
-344	1.00000000e+00	0.00000000e+00	0.00000000e+00	0.00000000e+00
-343	1.00000000e+00	0.00000000e+00	0.00000000e+00	0.00000000e+00
-342	1.00000000e+00	0.00000000e+00	0.00000000e+00	0.00000000e+00
-341	1.00000000e+00	0.00000000e+00	0.00000000e+00	0.00000000e+00
-340	1.00000000e+00	0.00000000e+00	0.00000000e+00	0.00000000e+00
-339	1.00000000e+00	0.00000000e+00	0.00000000e+00	0.00000000e+00
-338	1.00000000e+00	0.00000000e+00	0.00000000e+00	0.00000000e+00
-337	1.00000000e+00	0.00000000e+00	0.00000000e+00	0.00000000e+00
-336	1.00000000e+00	0.00000000e+00	0.00000000e+00	0.00000000e+00
-335	1.00000000e+00	0.00000000e+00	0.00000000e+00	0.00000000e+00
-334	1.00000000e+00	0.00000000e+00	0.00000000e+00	0.00000000e+00
-333	1.00000000e+00	0.00000000e+00	0.00000000e+00	0.00000000e+00
-332	1.00000000e+00	0.00000000e+00	0.00000000e+00	0.00000000e+00
-331	1.00000000e+00	0.00000000e+00	0.00000000e+00	0.00000000e+00
-330	1.00000000e+00	0.00000000e+00	0.00000000e+00	0.00000000e+00
-329	1.00000000e+00	0.00000000e+00	0.00000000e+00	0.00000000e+00
-328	1.00000000e+00	0.00000000e+00	0.00000000e+00	0.00000000e+00
-327	1.00000000e+00	0.00000000e+00	0.00000000e+00	0.00000000e+00
-326	1.00000000e+00	0.00000000e+00	0.00000000e+00	0.00000000e+00
-325	1.00000000e+00	0.00000000e+00	0.00000000e+00	0.00000000e+00
-324	1.00000000e+00	0.00000000e+00	0.00000000e+00	0.00000000e+00
-323	1.00000000e+00	0.00000000e+00	0.00000000e+00	0.00000000e+00
-322	1.00000000e+00	0.00000000e+00	0.00000000e+00	0.00000000e+00
-321	1.00000000e+00	0.00000000e+00	0.00000000e+00	0.00000000e+00
-320	1.00000000e+00	0.00000000e+00	0.00000000e+00	0.00000000e+00
-319	1.00000000e+00	0.00000000e+00	0.00000000e+00	0.00000000e+00
-318	1.00000000e+00	0.00000000e+00	0.00000000e+00	0.00000000e+00
-317	1.00000000e+00	0.00000000e+00	0.00000000e+00	0.00000000e+00
-316	1.00000000e+00	0.00000000e+00	0.00000000e+00	0.00000000e+00
-315	1.00000000e+00	0.00000000e+00	0.00000000e+00	0.00000000e+00
-314	1.00000000e+00	0.00000000e+00	0.00000000e+00	0.00000000e+00
-313	1.00000000e+00	0.00000000e+00	0.00000000e+00	0.00000000e+00
-312	1.00000000e+00	0.00000000e+00	0.00000000e+00	0.00000000e+00
-311	1.00000000e+00	0.00000000e+00	0.00000000e+00	0.00000000e+00
-310	1.00000000e+00	0.00000000e+00	0.00000000e+00	0.00000000e+00
-309	1.00000000e+00	0.00000000e+00	0.00000000e+00	0.00000000e+00
-308	1.00000000e+00	0.00000000e+00	0.00000000e+00	0.00000000e+00
-307	1.00000000e+00	0.00000000e+00	0.00000000e+00	0.00000000e+00
-306	1.00000000e+00	0.00000000e+00	0.00000000e+00	0.00000000e+00
-305	1.00000000e+00	0.00000000e+00	0.00000000e+00	0.00000000e+00
-304	1.00000000e+00	0.00000000e+00	0.00000000e+00	0.00000000e+00
-303	1.00000000e+00	0.00000000e+00	0.00000000e+00	0.00000000e+00
-302	1.00000000e+00	0.00000000e+00	0.00000000e+00	0.00000000e+00
-301	1.00000000e+00	0.00000000e+00	0.00000000e+00	0.00000000e+00
-300	1.00000000e+00	0.00000000e+00	0.00000000e+00	0.00000000e+00
-299	2.00000000e+00	0.00000000e+00	0.00000000e+00	0.00000000e+00
-298	2.00000000e+00	0.00000000e+00	0.00000000e+00	0.00000000e+00
-297	2.00000000e+00	0.00000000e+00	0.00000000e+00	0.00000000e+00
-296	2.00000000e+00	0.00000000e+00	0.00000000e+00	0.00000000e+00
-295	2.00000000e+00	0.00000000e+00	0.00000000e+00	0.00000000e+00
-294	2.00000000e+00	0.00000000e+00	0.00000000e+00	0.00000000e+00
-293	2.00000000e+00	0.00000000e+00	0.00000000e+00	0.00000000e+00
-292	2.00000000e+00	0.00000000e+00	0.00000000e+00	0.00000000e+00
-291	2.00000000e+00	0.00000000e+00	0.00000000e+00	0.00000000e+00
-290	2.00000000e+00	0.00000000e+00	0.00000000e+00	0.00000000e+00
-289	2.00000000e+00	0.00000000e+00	0.00000000e+00	0.00000000e+00
-288	2.00000000e+00	0.00000000e+00	0.00000000e+00	0.00000000e+00
-287	2.00000000e+00	0.00000000e+00	0.00000000e+00	0.00000000e+00
-286	2.00000000e+00	0.00000000e+00	0.00000000e+00	0.00000000e+00
-285	2.00000000e+00	0.00000000e+00	0.00000000e+00	0.00000000e+00
-284	2.00000000e+00	0.00000000e+00	0.00000000e+00	0.00000000e+00
-283	2.00000000e+00	0.00000000e+00	0.00000000e+00	0.00000000e+00
-282	2.00000000e+00	0.00000000e+00	0.00000000e+00	0.00000000e+00
-281	2.00000000e+00	0.00000000e+00	0.00000000e+00	0.00000000e+00
-280	2.00000000e+00	0.00000000e+00	0.00000000e+00	0.00000000e+00
-279	2.00000000e+00	0.00000000e+00	0.00000000e+00	0.00000000e+00
-278	2.00000000e+00	0.00000000e+00	0.00000000e+00	0.00000000e+00
-277	2.00000000e+00	0.00000000e+00	0.00000000e+00	0.00000000e+00
-276	2.00000000e+00	0.00000000e+00	0.00000000e+00	0.00000000e+00
-275	2.00000000e+00	0.00000000e+00	0.00000000e+00	0.00000000e+00
-274	2.00000000e+00	0.00000000e+00	0.00000000e+00	0.00000000e+00
-273	2.00000000e+00	0.00000000e+00	0.00000000e+00	0.00000000e+00
-272	2.00000000e+00	0.00000000e+00	0.00000000e+00	0.00000000e+00
-271	2.00000000e+00	0.00000000e+00	0.00000000e+00	0.00000000e+00
-270	2.00000000e+00	0.00000000e+00	0.00000000e+00	0.00000000e+00
-269	2.00000000e+00	0.00000000e+00	0.00000000e+00	0.00000000e+00
-268	2.00000000e+00	0.00000000e+00	0.00000000e+00	0.00000000e+00
-267	2.00000000e+00	0.00000000e+00	0.00000000e+00	0.00000000e+00
-266	2.00000000e+00	0.00000000e+00	0.00000000e+00	0.00000000e+00
-265	2.00000000e+00	0.00000000e+00	0.00000000e+00	0.00000000e+00
-264	2.00000000e+00	0.00000000e+00	0.00000000e+00	0.00000000e+00
-263	2.00000000e+00	0.00000000e+00	0.00000000e+00	0.00000000e+00
-262	2.00000000e+00	0.00000000e+00	0.00000000e+00	0.00000000e+00
-261	2.00000000e+00	0.00000000e+00	0.00000000e+00	0.00000000e+00
-260	2.00000000e+00	0.00000000e+00	0.00000000e+00	0.00000000e+00
-259	2.00000000e+00	0.00000000e+00	0.00000000e+00	0.00000000e+00
-258	2.00000000e+00	0.00000000e+00	0.00000000e+00	0.00000000e+00
-257	2.00000000e+00	0.00000000e+00	0.00000000e+00	0.00000000e+00
-256	2.00000000e+00	0.00000000e+00	0.00000000e+00	0.00000000e+00
-255	2.00000000e+00	0.00000000e+00	0.00000000e+00	0.00000000e+00
-254	2.00000000e+00	0.00000000e+00	0.00000000e+00	0.00000000e+00
-253	2.00000000e+00	0.00000000e+00	0.00000000e+00	0.00000000e+00
-252	2.00000000e+00	0.00000000e+00	0.00000000e+00	0.00000000e+00
-251	2.00000000e+00	0.00000000e+00	0.00000000e+00	0.00000000e+00
-250	2.00000000e+00	0.00000000e+00	0.00000000e+00	0.00000000e+00
-249	2.00000000e+00	0.00000000e+00	0.00000000e+00	0.00000000e+00
-248	2.00000000e+00	0.00000000e+00	0.00000000e+00	0.00000000e+00
-247	2.00000000e+00	0.00000000e+00	0.00000000e+00	0.00000000e+00
-246	2.00000000e+00	0.00000000e+00	0.00000000e+00	0.00000000e+00
-245	2.00000000e+00	0.00000000e+00	0.00000000e+00	0.00000000e+00
-244	2.00000000e+00	0.00000000e+00	0.00000000e+00	0.00000000e+00
-243	2.00000000e+00	0.00000000e+00	0.00000000e+00	0.00000000e+00
-242	2.00000000e+00	0.00000000e+00	0.00000000e+00	0.00000000e+00
-241	2.00000000e+00	0.00000000e+00	0.00000000e+00	0.00000000e+00
-240	2.00000000e+00	0.00000000e+00	0.00000000e+00	0.00000000e+00
-239	2.00000000e+00	0.00000000e+00	0.00000000e+00	0.00000000e+00
-238	2.00000000e+00	0.00000000e+00	0.00000000e+00	0.00000000e+00
-237	2.00000000e+00	0.00000000e+00	0.00000000e+00	0.00000000e+00
-236	2.00000000e+00	0.00000000e+00	0.00000000e+00	0.00000000e+00
-235	2.00000000e+00	0.00000000e+00	0.00000000e+00	0.00000000e+00
-234	2.00000000e+00	0.00000000e+00	0.00000000e+00	0.00000000e+00
-233	2.00000000e+00	0.00000000e+00	0.00000000e+00	0.00000000e+00
-232	2.00000000e+00	0.00000000e+00	0.00000000e+00	0.00000000e+00
-231	2.00000000e+00	0.00000000e+00	0.00000000e+00	0.00000000e+00
-230	2.00000000e+00	0.00000000e+00	0.00000000e+00	0.00000000e+00
-229	2.00000000e+00	0.00000000e+00	0.00000000e+00	0.00000000e+00
-228	2.00000000e+00	0.00000000e+00	0.00000000e+00	0.00000000e+00
-227	2.00000000e+00	0.00000000e+00	0.00000000e+00	0.00000000e+00
-226	2.00000000e+00	0.00000000e+00	0.00000000e+00	0.00000000e+00
-225	2.00000000e+00	0.00000000e+00	0.00000000e+00	0.00000000e+00
-224	2.00000000e+00	0.00000000e+00	0.00000000e+00	0.00000000e+00
-223	2.00000000e+00	0.00000000e+00	0.00000000e+00	0.00000000e+00
-222	2.00000000e+00	0.00000000e+00	0.00000000e+00	0.00000000e+00
-221	2.00000000e+00	0.00000000e+00	0.00000000e+00	0.00000000e+00
-220	2.00000000e+00	0.00000000e+00	0.00000000e+00	0.00000000e+00
-219	2.00000000e+00	0.00000000e+00	0.00000000e+00	0.00000000e+00
-218	2.00000000e+00	0.00000000e+00	0.00000000e+00	0.00000000e+00
-217	2.00000000e+00	0.00000000e+00	0.00000000e+00	0.00000000e+00
-216	2.00000000e+00	0.00000000e+00	0.00000000e+00	0.00000000e+00
-215	2.00000000e+00	0.00000000e+00	0.00000000e+00	0.00000000e+00
-214	2.00000000e+00	0.00000000e+00	0.00000000e+00	0.00000000e+00
-213	2.00000000e+00	0.00000000e+00	0.00000000e+00	0.00000000e+00
-212	2.00000000e+00	0.00000000e+00	0.00000000e+00	0.00000000e+00
-211	3.00000000e+00	0.00000000e+00	0.00000000e+00	0.00000000e+00
-210	3.00000000e+00	0.00000000e+00	0.00000000e+00	0.00000000e+00
-209	3.00000000e+00	0.00000000e+00	0.00000000e+00	0.00000000e+00
-208	3.00000000e+00	0.00000000e+00	0.00000000e+00	0.00000000e+00
-207	3.00000000e+00	0.00000000e+00	0.00000000e+00	0.00000000e+00
-206	3.00000000e+00	0.00000000e+00	0.00000000e+00	0.00000000e+00
-205	3.00000000e+00	0.00000000e+00	0.00000000e+00	0.00000000e+00
-204	3.00000000e+00	0.00000000e+00	0.00000000e+00	0.00000000e+00
-203	3.00000000e+00	0.00000000e+00	0.00000000e+00	0.00000000e+00
-202	3.00000000e+00	0.00000000e+00	0.00000000e+00	0.00000000e+00
-201	3.00000000e+00	0.00000000e+00	0.00000000e+00	0.00000000e+00
-200	3.00000000e+00	0.00000000e+00	0.00000000e+00	0.00000000e+00
-199	3.00000000e+00	0.00000000e+00	0.00000000e+00	0.00000000e+00
-198	3.00000000e+00	0.00000000e+00	0.00000000e+00	0.00000000e+00
-197	3.00000000e+00	0.00000000e+00	0.00000000e+00	0.00000000e+00
-196	3.00000000e+00	0.00000000e+00	0.00000000e+00	0.00000000e+00
-195	3.00000000e+00	0.00000000e+00	0.00000000e+00	0.00000000e+00
-194	3.00000000e+00	0.00000000e+00	0.00000000e+00	0.00000000e+00
-193	3.00000000e+00	0.00000000e+00	0.00000000e+00	0.00000000e+00
-192	3.00000000e+00	0.00000000e+00	0.00000000e+00	0.00000000e+00
-191	3.00000000e+00	0.00000000e+00	0.00000000e+00	0.00000000e+00
-190	3.00000000e+00	0.00000000e+00	0.00000000e+00	0.00000000e+00
-189	3.00000000e+00	0.00000000e+00	0.00000000e+00	0.00000000e+00
-188	3.00000000e+00	0.00000000e+00	0.00000000e+00	0.00000000e+00
-187	3.00000000e+00	0.00000000e+00	0.00000000e+00	0.00000000e+00
-186	3.00000000e+00	0.00000000e+00	0.00000000e+00	0.00000000e+00
-185	3.00000000e+00	0.00000000e+00	0.00000000e+00	0.00000000e+00
-184	3.00000000e+00	0.00000000e+00	0.00000000e+00	0.00000000e+00
-183	3.00000000e+00	0.00000000e+00	0.00000000e+00	0.00000000e+00
-182	3.00000000e+00	0.00000000e+00	0.00000000e+00	0.00000000e+00
-181	3.00000000e+00	0.00000000e+00	0.00000000e+00	0.00000000e+00
-180	3.00000000e+00	0.00000000e+00	0.00000000e+00	0.00000000e+00
-179	3.00000000e+00	0.00000000e+00	0.00000000e+00	0.00000000e+00
-178	3.00000000e+00	0.00000000e+00	0.00000000e+00	0.00000000e+00
-177	3.00000000e+00	0.00000000e+00	0.00000000e+00	0.00000000e+00
-176	3.00000000e+00	0.00000000e+00	0.00000000e+00	0.00000000e+00
-175	3.00000000e+00	0.00000000e+00	0.00000000e+00	0.00000000e+00
-174	3.00000000e+00	0.00000000e+00	0.00000000e+00	0.00000000e+00
-173	3.00000000e+00	0.00000000e+00	0.00000000e+00	0.00000000e+00
-172	3.00000000e+00	0.00000000e+00	0.00000000e+00	0.00000000e+00
-171	4.00000000e+00	0.00000000e+00	0.00000000e+00	0.00000000e+00
-170	4.00000000e+00	0.00000000e+00	0.00000000e+00	0.00000000e+00
-169	4.00000000e+00	0.00000000e+00	0.00000000e+00	0.00000000e+00
-168	4.00000000e+00	0.00000000e+00	0.00000000e+00	0.00000000e+00
-167	4.00000000e+00	0.00000000e+00	0.00000000e+00	0.00000000e+00
-166	4.00000000e+00	0.00000000e+00	0.00000000e+00	0.00000000e+00
-165	4.00000000e+00	0.00000000e+00	0.00000000e+00	0.00000000e+00
-164	4.00000000e+00	0.00000000e+00	0.00000000e+00	0.00000000e+00
-163	4.00000000e+00	0.00000000e+00	0.00000000e+00	0.00000000e+00
-162	4.00000000e+00	0.00000000e+00	0.00000000e+00	0.00000000e+00
-161	4.00000000e+00	0.00000000e+00	0.00000000e+00	0.00000000e+00
-160	4.00000000e+00	0.00000000e+00	0.00000000e+00	0.00000000e+00
-159	4.00000000e+00	0.00000000e+00	0.00000000e+00	0.00000000e+00
-158	4.00000000e+00	0.00000000e+00	0.00000000e+00	0.00000000e+00
-157	4.00000000e+00	0.00000000e+00	0.00000000e+00	0.00000000e+00
-156	4.00000000e+00	0.00000000e+00	0.00000000e+00	0.00000000e+00
-155	4.00000000e+00	0.00000000e+00	0.00000000e+00	0.00000000e+00
-154	4.00000000e+00	0.00000000e+00	0.00000000e+00	0.00000000e+00
-153	4.00000000e+00	0.00000000e+00	0.00000000e+00	0.00000000e+00
-152	4.00000000e+00	0.00000000e+00	0.00000000e+00	0.00000000e+00
-151	4.00000000e+00	0.00000000e+00	0.00000000e+00	0.00000000e+00
-150	4.00000000e+00	0.00000000e+00	0.00000000e+00	0.00000000e+00
-149	4.00000000e+00	0.00000000e+00	0.00000000e+00	0.00000000e+00
-148	5.00000000e+00	0.00000000e+00	0.00000000e+00	0.00000000e+00
-147	7.00000000e+00	0.00000000e+00	0.00000000e+00	0.00000000e+00
-146	8.00000000e+00	0.00000000e+00	0.00000000e+00	0.00000000e+00
-145	9.00000000e+00	0.00000000e+00	0.00000000e+00	0.00000000e+00
-144	1.10000000e+01	0.00000000e+00	0.00000000e+00	0.00000000e+00
-143	1.10000000e+01	0.00000000e+00	0.00000000e+00	0.00000000e+00
-142	1.40000000e+01	0.00000000e+00	0.00000000e+00	0.00000000e+00
-141	1.50000000e+01	0.00000000e+00	0.00000000e+00	0.00000000e+00
-140	1.80000000e+01	0.00000000e+00	0.00000000e+00	0.00000000e+00
-139	1.90000000e+01	0.00000000e+00	0.00000000e+00	0.00000000e+00
-138	1.90000000e+01	0.00000000e+00	0.00000000e+00	0.00000000e+00
-137	1.90000000e+01	0.00000000e+00	0.00000000e+00	0.00000000e+00
-136	2.20000000e+01	0.00000000e+00	0.00000000e+00	0.00000000e+00
-135	2.80000000e+01	0.00000000e+00	0.00000000e+00	0.00000000e+00
-134	2.90000000e+01	0.00000000e+00	0.00000000e+00	0.00000000e+00
-133	2.90000000e+01	0.00000000e+00	0.00000000e+00	0.00000000e+00
-132	3.20000000e+01	0.00000000e+00	0.00000000e+00	0.00000000e+00
-131	3.40000000e+01	0.00000000e+00	0.00000000e+00	0.00000000e+00
-130	4.10000000e+01	1.00000000e+00	1.00000000e+00	1.00000000e+00
-129	4.50000000e+01	2.00000000e+00	2.00000000e+00	2.00000000e+00
-128	4.90000000e+01	2.00000000e+00	2.00000000e+00	2.00000000e+00
-127	5.30000000e+01	2.00000000e+00	2.00000000e+00	2.00000000e+00
-126	5.40000000e+01	2.00000000e+00	2.00000000e+00	2.00000000e+00
-125	5.70000000e+01	2.00000000e+00	2.00000000e+00	2.00000000e+00
-124	6.10000000e+01	2.00000000e+00	2.00000000e+00	2.00000000e+00
-123	6.20000000e+01	2.00000000e+00	2.00000000e+00	2.00000000e+00
-122	6.20000000e+01	2.00000000e+00	2.00000000e+00	2.00000000e+00
-121	6.60000000e+01	2.00000000e+00	2.00000000e+00	2.00000000e+00
-120	6.80000000e+01	3.00000000e+00	3.00000000e+00	3.00000000e+00
-119	7.00000000e+01	3.00000000e+00	3.00000000e+00	3.00000000e+00
-118	1.20000000e+02	5.00000000e+00	5.00000000e+00	8.00000000e+00
-117	2.20000000e+02	5.00000000e+00	5.00000000e+00	8.00000000e+00
-116	3.17000000e+02	5.00000000e+00	5.00000000e+00	8.00000000e+00
-115	4.19000000e+02	5.00000000e+00	5.00000000e+00	8.00000000e+00
-114	4.99000000e+02	5.00000000e+00	5.00000000e+00	8.00000000e+00
-113	5.76000000e+02	5.00000000e+00	5.00000000e+00	8.00000000e+00
-112	6.84000000e+02	5.00000000e+00	5.00000000e+00	8.00000000e+00
-111	7.49000000e+02	5.00000000e+00	5.00000000e+00	8.00000000e+00
-110	8.35000000e+02	6.00000000e+00	6.00000000e+00	1.10000000e+01
-109	9.39000000e+02	6.00000000e+00	6.00000000e+00	1.10000000e+01
-108	1.05200000e+03	6.00000000e+00	6.00000000e+00	1.10000000e+01
-107	1.05200000e+03	6.00000000e+00	6.00000000e+00	1.10000000e+01
-106	1.14300000e+03	6.00000000e+00	6.00000000e+00	1.10000000e+01
-105	1.19800000e+03	6.00000000e+00	6.00000000e+00	1.10000000e+01
-104	1.27800000e+03	6.00000000e+00	6.00000000e+00	1.10000000e+01
-103	1.36500000e+03	6.00000000e+00	6.00000000e+00	1.10000000e+01
-102	1.44100000e+03	6.00000000e+00	6.00000000e+00	1.10000000e+01
-101	1.49400000e+03	6.00000000e+00	6.00000000e+00	1.10000000e+01
-100	1.55700000e+03	6.00000000e+00	6.00000000e+00	1.10000000e+01
-99	1.62400000e+03	6.00000000e+00	6.00000000e+00	1.10000000e+01
-98	1.71100000e+03	6.00000000e+00	6.00000000e+00	1.10000000e+01
-97	1.78800000e+03	6.00000000e+00	6.00000000e+00	1.10000000e+01
-96	1.85100000e+03	6.00000000e+00	6.00000000e+00	1.10000000e+01
-95	1.93700000e+03	6.00000000e+00	6.00000000e+00	1.10000000e+01
-94	2.05100000e+03	6.00000000e+00	6.00000000e+00	1.10000000e+01
-93	2.15300000e+03	6.00000000e+00	6.00000000e+00	1.10000000e+01
-92	2.24300000e+03	6.00000000e+00	6.00000000e+00	1.10000000e+01
-91	2.32700000e+03	6.00000000e+00	6.00000000e+00	1.10000000e+01
-90	2.40700000e+03	6.00000000e+00	6.00000000e+00	1.10000000e+01
-89	2.51300000e+03	6.00000000e+00	6.00000000e+00	1.10000000e+01
-88	2.60600000e+03	6.00000000e+00	6.00000000e+00	1.10000000e+01
-87	2.69500000e+03	6.00000000e+00	6.00000000e+00	1.10000000e+01
-86	2.77100000e+03	6.00000000e+00	6.00000000e+00	1.10000000e+01
-85	2.83800000e+03	6.00000000e+00	6.00000000e+00	1.10000000e+01
-84	2.91100000e+03	6.00000000e+00	6.00000000e+00	1.10000000e+01
-83	2.99500000e+03	6.00000000e+00	6.00000000e+00	1.10000000e+01
-82	3.06800000e+03	6.00000000e+00	6.00000000e+00	1.10000000e+01
-81	3.16300000e+03	6.00000000e+00	6.00000000e+00	1.10000000e+01
-80	3.25500000e+03	6.00000000e+00	6.00000000e+00	1.10000000e+01
-79	3.32300000e+03	6.00000000e+00	6.00000000e+00	1.10000000e+01
-78	3.37800000e+03	6.00000000e+00	6.00000000e+00	1.10000000e+01
-77	3.43900000e+03	6.00000000e+00	6.00000000e+00	1.10000000e+01
-76	3.51700000e+03	6.00000000e+00	6.00000000e+00	1.10000000e+01
-75	3.60100000e+03	6.00000000e+00	6.00000000e+00	1.10000000e+01
-74	3.68900000e+03	6.00000000e+00	6.00000000e+00	1.10000000e+01
-73	3.73800000e+03	6.00000000e+00	6.00000000e+00	1.10000000e+01
-72	3.83400000e+03	6.00000000e+00	6.00000000e+00	1.10000000e+01
-71	3.90500000e+03	6.00000000e+00	6.00000000e+00	1.10000000e+01
-70	3.97000000e+03	6.00000000e+00	6.00000000e+00	1.10000000e+01
-69	4.04100000e+03	6.00000000e+00	6.00000000e+00	1.10000000e+01
-68	4.12000000e+03	6.00000000e+00	6.00000000e+00	1.10000000e+01
-67	4.21000000e+03	6.00000000e+00	6.00000000e+00	1.10000000e+01
-66	4.29200000e+03	6.00000000e+00	6.00000000e+00	1.10000000e+01
-65	4.33700000e+03	6.00000000e+00	6.00000000e+00	1.10000000e+01
-64	4.40700000e+03	6.00000000e+00	6.00000000e+00	1.10000000e+01
-63	4.46400000e+03	6.00000000e+00	6.00000000e+00	1.10000000e+01
-62	4.53700000e+03	6.00000000e+00	6.00000000e+00	1.10000000e+01
-61	4.61400000e+03	6.00000000e+00	6.00000000e+00	1.10000000e+01
-60	4.69700000e+03	6.00000000e+00	6.00000000e+00	1.10000000e+01
-59	4.77700000e+03	6.00000000e+00	6.00000000e+00	1.10000000e+01
-58	4.84800000e+03	6.00000000e+00	6.00000000e+00	1.10000000e+01
-57	4.93600000e+03	6.00000000e+00	6.00000000e+00	1.10000000e+01
-56	5.03100000e+03	6.00000000e+00	6.00000000e+00	1.10000000e+01
-55	5.13300000e+03	6.00000000e+00	6.00000000e+00	1.10000000e+01
-54	5.23000000e+03	6.00000000e+00	6.00000000e+00	1.10000000e+01
-53	5.30600000e+03	6.00000000e+00	6.00000000e+00	1.10000000e+01
-52	5.38700000e+03	6.00000000e+00	6.00000000e+00	1.10000000e+01
-51	5.46300000e+03	6.00000000e+00	6.00000000e+00	1.10000000e+01
-50	5.53100000e+03	6.00000000e+00	6.00000000e+00	1.10000000e+01
-49	5.59300000e+03	6.00000000e+00	6.00000000e+00	1.10000000e+01
-48	5.66500000e+03	6.00000000e+00	6.00000000e+00	1.10000000e+01
-47	5.73900000e+03	6.00000000e+00	6.00000000e+00	1.10000000e+01
-46	5.83500000e+03	6.00000000e+00	6.00000000e+00	1.10000000e+01
-45	5.91100000e+03	6.00000000e+00	6.00000000e+00	1.10000000e+01
-44	6.00700000e+03	7.00000000e+00	7.00000000e+00	1.20000000e+01
-43	6.10200000e+03	7.00000000e+00	7.00000000e+00	1.20000000e+01
-42	6.23500000e+03	7.00000000e+00	7.00000000e+00	1.20000000e+01
-41	6.34900000e+03	7.00000000e+00	7.00000000e+00	1.20000000e+01
-40	6.45000000e+03	7.00000000e+00	7.00000000e+00	1.20000000e+01
-39	6.60400000e+03	7.00000000e+00	7.00000000e+00	1.20000000e+01
-38	6.76000000e+03	7.00000000e+00	7.00000000e+00	1.20000000e+01
-37	6.96500000e+03	7.00000000e+00	7.00000000e+00	1.20000000e+01
-36	7.42500000e+03	7.00000000e+00	7.00000000e+00	1.20000000e+01
-35	7.76100000e+03	7.00000000e+00	7.00000000e+00	1.20000000e+01
-34	7.92800000e+03	7.00000000e+00	7.00000000e+00	1.20000000e+01
-33	8.09000000e+03	7.00000000e+00	7.00000000e+00	1.20000000e+01
-32	8.23200000e+03	7.00000000e+00	7.00000000e+00	1.20000000e+01
-31	8.36100000e+03	7.00000000e+00	7.00000000e+00	1.20000000e+01
-30	8.51900000e+03	8.00000000e+00	8.00000000e+00	1.30000000e+01
-29	8.85300000e+03	8.00000000e+00	8.00000000e+00	1.30000000e+01
-28	9.06200000e+03	8.00000000e+00	8.00000000e+00	1.30000000e+01
-27	9.22500000e+03	8.00000000e+00	8.00000000e+00	1.30000000e+01
-26	9.42200000e+03	8.00000000e+00	8.00000000e+00	1.30000000e+01
-25	9.60400000e+03	8.00000000e+00	8.00000000e+00	1.30000000e+01
-24	9.76100000e+03	8.00000000e+00	8.00000000e+00	1.30000000e+01
-23	9.90400000e+03	8.00000000e+00	8.00000000e+00	1.30000000e+01
-22	9.90400000e+03	8.00000000e+00	8.00000000e+00	1.30000000e+01
-21	1.00470000e+04	8.00000000e+00	8.00000000e+00	1.30000000e+01
-20	1.01990000e+04	8.00000000e+00	8.00000000e+00	1.30000000e+01
-19	1.03490000e+04	8.00000000e+00	8.00000000e+00	1.30000000e+01
-18	1.05330000e+04	8.00000000e+00	8.00000000e+00	1.30000000e+01
-17	1.06780000e+04	8.00000000e+00	8.00000000e+00	1.30000000e+01
-16	1.08110000e+04	8.00000000e+00	8.00000000e+00	1.30000000e+01
-15	1.09590000e+04	8.00000000e+00	8.00000000e+00	1.30000000e+01
-14	1.11360000e+04	8.00000000e+00	8.00000000e+00	1.30000000e+01
-13	1.12500000e+04	8.00000000e+00	8.00000000e+00	1.30000000e+01
-12	1.13790000e+04	8.00000000e+00	8.00000000e+00	1.30000000e+01
-11	1.15330000e+04	8.00000000e+00	8.00000000e+00	1.30000000e+01
-10	1.17120000e+04	8.00000000e+00	8.00000000e+00	1.30000000e+01
-9	1.19050000e+04	8.00000000e+00	8.00000000e+00	1.30000000e+01
-8	1.20870000e+04	8.00000000e+00	8.00000000e+00	1.30000000e+01
-7	1.22690000e+04	8.00000000e+00	8.00000000e+00	1.30000000e+01
-6	1.24770000e+04	8.00000000e+00	8.00000000e+00	1.30000000e+01
-5	1.27220000e+04	8.00000000e+00	8.00000000e+00	1.30000000e+01
-4	1.29210000e+04	8.00000000e+00	8.00000000e+00	1.30000000e+01
-3	1.31690000e+04	8.00000000e+00	8.00000000e+00	1.30000000e+01
-2	1.34770000e+04	8.00000000e+00	8.00000000e+00	1.30000000e+01
-1	1.38590000e+04	8.00000000e+00	8.00000000e+00	1.30000000e+01
0	1.43200000e+04	9.00000000e+00	9.00000000e+00	1.40000000e+01
1	1.49210000e+04	1.20000000e+01	1.20000000e+01	1.70000000e+01
2	1.51500000e+04	1.30000000e+01	1.30000000e+01	1.80000000e+01
3	1.52920000e+04	1.30000000e+01	1.30000000e+01	1.80000000e+01
4	1.54290000e+04	1.30000000e+01	1.40000000e+01	1.90000000e+01
5	1.56060000e+04	1.40000000e+01	1.50000000e+01	2.20000000e+01
6	1.58970000e+04	1.50000000e+01	1.60000000e+01	2.30000000e+01
7	1.65590000e+04	1.50000000e+01	1.60000000e+01	2.30000000e+01
8	1.73420000e+04	1.50000000e+01	1.60000000e+01	2.30000000e+01
9	1.80030000e+04	1.50000000e+01	1.60000000e+01	2.30000000e+01
10	1.87300000e+04	1.50000000e+01	1.60000000e+01	2.30000000e+01
11	1.95400000e+04	1.70000000e+01	1.80000000e+01	2.50000000e+01
12	2.00240000e+04	1.70000000e+01	1.80000000e+01	2.50000000e+01
13	2.04150000e+04	1.90000000e+01	2.00000000e+01	2.70000000e+01
14	2.08340000e+04	1.90000000e+01	2.00000000e+01	2.70000000e+01
15	2.13000000e+04	1.90000000e+01	2.00000000e+01	2.70000000e+01
16	2.13000000e+04	1.90000000e+01	2.00000000e+01	2.70000000e+01
17	2.15550000e+04	1.90000000e+01	2.00000000e+01	2.70000000e+01
18	2.15550000e+04	1.90000000e+01	2.00000000e+01	2.70000000e+01
19	2.21350000e+04	2.00000000e+01	2.10000000e+01	2.80000000e+01
20	2.26480000e+04	2.00000000e+01	2.10000000e+01	2.80000000e+01
21	2.30600000e+04	2.00000000e+01	2.10000000e+01	2.80000000e+01
22	2.35720000e+04	2.00000000e+01	2.10000000e+01	2.80000000e+01
23	2.41450000e+04	2.00000000e+01	2.10000000e+01	2.80000000e+01
24	2.47150000e+04	2.00000000e+01	2.10000000e+01	2.80000000e+01
25	2.47150000e+04	2.00000000e+01	2.10000000e+01	2.80000000e+01
26	2.53950000e+04	2.00000000e+01	2.10000000e+01	2.80000000e+01
27	2.53950000e+04	2.10000000e+01	2.20000000e+01	2.90000000e+01
28	2.53950000e+04	2.10000000e+01	2.20000000e+01	2.90000000e+01
29	2.53950000e+04	2.20000000e+01	2.30000000e+01	3.20000000e+01
30	2.53950000e+04	2.20000000e+01	2.30000000e+01	3.20000000e+01
31	2.59920000e+04	2.20000000e+01	2.30000000e+01	3.20000000e+01
32	2.65110000e+04	2.20000000e+01	2.30000000e+01	3.20000000e+01
33	2.69840000e+04	2.30000000e+01	2.40000000e+01	3.30000000e+01
34	2.77060000e+04	2.30000000e+01	2.40000000e+01	3.30000000e+01
35	2.82010000e+04	2.30000000e+01	2.40000000e+01	3.30000000e+01
36	2.90270000e+04	2.30000000e+01	2.40000000e+01	3.30000000e+01
37	3.12830000e+04	2.60000000e+01	2.60000000e+01	3.50000000e+01
38	3.42600000e+04	2.60000000e+01	2.70000000e+01	3.60000000e+01
39	3.58350000e+04	2.60000000e+01	2.70000000e+01	3.60000000e+01
40	3.63510000e+04	2.60000000e+01	2.70000000e+01	3.60000000e+01
41	3.68240000e+04	2.60000000e+01	2.70000000e+01	3.60000000e+01
42	3.73810000e+04	2.60000000e+01	2.70000000e+01	3.60000000e+01
43	3.80480000e+04	2.60000000e+01	2.70000000e+01	3.60000000e+01
44	3.87060000e+04	2.60000000e+01	2.70000000e+01	3.60000000e+01
45	3.94840000e+04	3.00000000e+01	2.90000000e+01	4.20000000e+01
46	4.02650000e+04	3.00000000e+01	2.90000000e+01	4.20000000e+01
47	4.08860000e+04	3.00000000e+01	2.90000000e+01	4.20000000e+01
48	4.15080000e+04	3.00000000e+01	2.90000000e+01	4.20000000e+01
49	4.21050000e+04	3.00000000e+01	2.90000000e+01	4.20000000e+01
50	4.27010000e+04	3.00000000e+01	2.90000000e+01	4.20000000e+01
51	4.33990000e+04	3.00000000e+01	2.90000000e+01	4.20000000e+01
52	4.41230000e+04	3.00000000e+01	2.90000000e+01	4.30000000e+01
53	4.48320000e+04	3.00000000e+01	2.90000000e+01	4.30000000e+01
54	4.54930000e+04	3.00000000e+01	2.90000000e+01	4.30000000e+01
55	4.61230000e+04	3.00000000e+01	2.90000000e+01	4.30000000e+01
56	4.66740000e+04	3.00000000e+01	2.90000000e+01	4.30000000e+01
57	4.73060000e+04	3.00000000e+01	3.00000000e+01	4.50000000e+01
58	4.79010000e+04	3.00000000e+01	3.00000000e+01	4.50000000e+01
59	4.85840000e+04	3.20000000e+01	3.20000000e+01	4.70000000e+01
60	4.93070000e+04	3.20000000e+01	3.20000000e+01	4.70000000e+01
61	4.98740000e+04	3.20000000e+01	3.20000000e+01	4.70000000e+01
62	5.03780000e+04	3.20000000e+01	3.20000000e+01	4.70000000e+01
63	5.09610000e+04	3.20000000e+01	3.20000000e+01	4.70000000e+01
64	5.16540000e+04	3.20000000e+01	3.20000000e+01	4.70000000e+01
65	5.21750000e+04	3.20000000e+01	3.20000000e+01	4.70000000e+01
66	5.28070000e+04	3.20000000e+01	3.20000000e+01	4.70000000e+01
67	5.34820000e+04	3.20000000e+01	3.20000000e+01	4.70000000e+01
68	5.39870000e+04	3.20000000e+01	3.20000000e+01	4.70000000e+01
69	5.45480000e+04	3.20000000e+01	3.20000000e+01	4.70000000e+01
70	5.50390000e+04	3.20000000e+01	3.20000000e+01	4.70000000e+01
71	5.56530000e+04	3.20000000e+01	3.20000000e+01	4.70000000e+01
72	5.62030000e+04	3.20000000e+01	3.20000000e+01	4.70000000e+01
73	5.68750000e+04	3.20000000e+01	3.20000000e+01	4.70000000e+01
74	5.75550000e+04	3.00000000e+01	3.20000000e+01	4.80000000e+01
75	5.81550000e+04	3.00000000e+01	3.20000000e+01	4.80000000e+01
76	5.86560000e+04	3.00000000e+01	3.20000000e+01	4.80000000e+01
77	5.91420000e+04	3.00000000e+01	3.20000000e+01	4.80000000e+01
78	5.96310000e+04	3.20000000e+01	3.30000000e+01	4.90000000e+01
79	6.01260000e+04	3.20000000e+01	3.30000000e+01	4.90000000e+01
80	6.06760000e+04	3.20000000e+01	3.30000000e+01	4.90000000e+01
81	6.12630000e+04	3.00000000e+01	3.40000000e+01	5.00000000e+01
82	6.18210000e+04	3.00000000e+01	3.40000000e+01	5.00000000e+01
83	6.26520000e+04	3.00000000e+01	3.40000000e+01	5.00000000e+01
84	6.31450000e+04	3.00000000e+01	3.40000000e+01	5.00000000e+01
85	6.38400000e+04	3.00000000e+01	3.40000000e+01	5.00000000e+01
86	6.44140000e+04	3.00000000e+01	3.40000000e+01	5.00000000e+01
87	6.49640000e+04	3.00000000e+01	3.40000000e+01	5.00000000e+01
88	6.56350000e+04	3.00000000e+01	3.40000000e+01	5.00000000e+01
89	6.62020000e+04	3.00000000e+01	3.40000000e+01	5.10000000e+01
90	6.67490000e+04	3.00000000e+01	3.40000000e+01	5.10000000e+01
91	6.72630000e+04	3.00000000e+01	3.40000000e+01	5.10000000e+01
92	6.77090000e+04	3.00000000e+01	3.40000000e+01	5.10000000e+01
93	6.82060000e+04	3.00000000e+01	3.40000000e+01	5.10000000e+01
94	6.89230000e+04	3.00000000e+01	3.40000000e+01	5.10000000e+01
95	6.99280000e+04	3.00000000e+01	3.40000000e+01	5.10000000e+01
96	7.06510000e+04	3.00000000e+01	3.40000000e+01	5.10000000e+01
97	7.13850000e+04	3.20000000e+01	3.50000000e+01	5.60000000e+01
98	7.21350000e+04	3.30000000e+01	3.60000000e+01	5.70000000e+01
99	7.34050000e+04	3.40000000e+01	3.70000000e+01	5.80000000e+01
100	7.44950000e+04	3.40000000e+01	3.70000000e+01	5.80000000e+01
