Day_(movie_time)	Views	Users	Rigor	Edits
-500	0.00000000e+00	0.00000000e+00	0.00000000e+00	0.00000000e+00
-499	0.00000000e+00	0.00000000e+00	0.00000000e+00	0.00000000e+00
-498	0.00000000e+00	0.00000000e+00	0.00000000e+00	0.00000000e+00
-497	0.00000000e+00	0.00000000e+00	0.00000000e+00	0.00000000e+00
-496	0.00000000e+00	0.00000000e+00	0.00000000e+00	0.00000000e+00
-495	0.00000000e+00	0.00000000e+00	0.00000000e+00	0.00000000e+00
-494	0.00000000e+00	0.00000000e+00	0.00000000e+00	0.00000000e+00
-493	0.00000000e+00	0.00000000e+00	0.00000000e+00	0.00000000e+00
-492	0.00000000e+00	0.00000000e+00	0.00000000e+00	0.00000000e+00
-491	0.00000000e+00	0.00000000e+00	0.00000000e+00	0.00000000e+00
-490	0.00000000e+00	0.00000000e+00	0.00000000e+00	0.00000000e+00
-489	0.00000000e+00	0.00000000e+00	0.00000000e+00	0.00000000e+00
-488	0.00000000e+00	0.00000000e+00	0.00000000e+00	0.00000000e+00
-487	0.00000000e+00	0.00000000e+00	0.00000000e+00	0.00000000e+00
-486	0.00000000e+00	0.00000000e+00	0.00000000e+00	0.00000000e+00
-485	0.00000000e+00	0.00000000e+00	0.00000000e+00	0.00000000e+00
-484	0.00000000e+00	0.00000000e+00	0.00000000e+00	0.00000000e+00
-483	0.00000000e+00	0.00000000e+00	0.00000000e+00	0.00000000e+00
-482	0.00000000e+00	0.00000000e+00	0.00000000e+00	0.00000000e+00
-481	0.00000000e+00	0.00000000e+00	0.00000000e+00	0.00000000e+00
-480	0.00000000e+00	0.00000000e+00	0.00000000e+00	0.00000000e+00
-479	0.00000000e+00	0.00000000e+00	0.00000000e+00	0.00000000e+00
-478	0.00000000e+00	0.00000000e+00	0.00000000e+00	0.00000000e+00
-477	0.00000000e+00	0.00000000e+00	0.00000000e+00	0.00000000e+00
-476	0.00000000e+00	0.00000000e+00	0.00000000e+00	0.00000000e+00
-475	0.00000000e+00	0.00000000e+00	0.00000000e+00	0.00000000e+00
-474	0.00000000e+00	0.00000000e+00	0.00000000e+00	0.00000000e+00
-473	0.00000000e+00	0.00000000e+00	0.00000000e+00	0.00000000e+00
-472	0.00000000e+00	0.00000000e+00	0.00000000e+00	0.00000000e+00
-471	0.00000000e+00	0.00000000e+00	0.00000000e+00	0.00000000e+00
-470	0.00000000e+00	0.00000000e+00	0.00000000e+00	0.00000000e+00
-469	0.00000000e+00	0.00000000e+00	0.00000000e+00	0.00000000e+00
-468	0.00000000e+00	0.00000000e+00	0.00000000e+00	0.00000000e+00
-467	0.00000000e+00	0.00000000e+00	0.00000000e+00	0.00000000e+00
-466	0.00000000e+00	0.00000000e+00	0.00000000e+00	0.00000000e+00
-465	0.00000000e+00	0.00000000e+00	0.00000000e+00	0.00000000e+00
-464	0.00000000e+00	0.00000000e+00	0.00000000e+00	0.00000000e+00
-463	0.00000000e+00	0.00000000e+00	0.00000000e+00	0.00000000e+00
-462	0.00000000e+00	0.00000000e+00	0.00000000e+00	0.00000000e+00
-461	0.00000000e+00	0.00000000e+00	0.00000000e+00	0.00000000e+00
-460	0.00000000e+00	0.00000000e+00	0.00000000e+00	0.00000000e+00
-459	0.00000000e+00	0.00000000e+00	0.00000000e+00	0.00000000e+00
-458	0.00000000e+00	0.00000000e+00	0.00000000e+00	0.00000000e+00
-457	0.00000000e+00	0.00000000e+00	0.00000000e+00	0.00000000e+00
-456	0.00000000e+00	0.00000000e+00	0.00000000e+00	0.00000000e+00
-455	0.00000000e+00	0.00000000e+00	0.00000000e+00	0.00000000e+00
-454	0.00000000e+00	0.00000000e+00	0.00000000e+00	0.00000000e+00
-453	0.00000000e+00	0.00000000e+00	0.00000000e+00	0.00000000e+00
-452	0.00000000e+00	0.00000000e+00	0.00000000e+00	0.00000000e+00
-451	0.00000000e+00	0.00000000e+00	0.00000000e+00	0.00000000e+00
-450	0.00000000e+00	0.00000000e+00	0.00000000e+00	0.00000000e+00
-449	0.00000000e+00	0.00000000e+00	0.00000000e+00	0.00000000e+00
-448	0.00000000e+00	0.00000000e+00	0.00000000e+00	0.00000000e+00
-447	0.00000000e+00	0.00000000e+00	0.00000000e+00	0.00000000e+00
-446	0.00000000e+00	0.00000000e+00	0.00000000e+00	0.00000000e+00
-445	0.00000000e+00	0.00000000e+00	0.00000000e+00	0.00000000e+00
-444	0.00000000e+00	0.00000000e+00	0.00000000e+00	0.00000000e+00
-443	0.00000000e+00	0.00000000e+00	0.00000000e+00	0.00000000e+00
-442	0.00000000e+00	0.00000000e+00	0.00000000e+00	0.00000000e+00
-441	0.00000000e+00	0.00000000e+00	0.00000000e+00	0.00000000e+00
-440	0.00000000e+00	0.00000000e+00	0.00000000e+00	0.00000000e+00
-439	0.00000000e+00	0.00000000e+00	0.00000000e+00	0.00000000e+00
-438	0.00000000e+00	0.00000000e+00	0.00000000e+00	0.00000000e+00
-437	0.00000000e+00	0.00000000e+00	0.00000000e+00	0.00000000e+00
-436	0.00000000e+00	0.00000000e+00	0.00000000e+00	0.00000000e+00
-435	0.00000000e+00	0.00000000e+00	0.00000000e+00	0.00000000e+00
-434	0.00000000e+00	0.00000000e+00	0.00000000e+00	0.00000000e+00
-433	0.00000000e+00	0.00000000e+00	0.00000000e+00	0.00000000e+00
-432	0.00000000e+00	0.00000000e+00	0.00000000e+00	0.00000000e+00
-431	0.00000000e+00	0.00000000e+00	0.00000000e+00	0.00000000e+00
-430	0.00000000e+00	0.00000000e+00	0.00000000e+00	0.00000000e+00
-429	0.00000000e+00	0.00000000e+00	0.00000000e+00	0.00000000e+00
-428	0.00000000e+00	0.00000000e+00	0.00000000e+00	0.00000000e+00
-427	0.00000000e+00	0.00000000e+00	0.00000000e+00	0.00000000e+00
-426	0.00000000e+00	0.00000000e+00	0.00000000e+00	0.00000000e+00
-425	0.00000000e+00	0.00000000e+00	0.00000000e+00	0.00000000e+00
-424	0.00000000e+00	0.00000000e+00	0.00000000e+00	0.00000000e+00
-423	0.00000000e+00	0.00000000e+00	0.00000000e+00	0.00000000e+00
-422	0.00000000e+00	0.00000000e+00	0.00000000e+00	0.00000000e+00
-421	0.00000000e+00	0.00000000e+00	0.00000000e+00	0.00000000e+00
-420	0.00000000e+00	0.00000000e+00	0.00000000e+00	0.00000000e+00
-419	0.00000000e+00	0.00000000e+00	0.00000000e+00	0.00000000e+00
-418	0.00000000e+00	0.00000000e+00	0.00000000e+00	0.00000000e+00
-417	0.00000000e+00	0.00000000e+00	0.00000000e+00	0.00000000e+00
-416	0.00000000e+00	0.00000000e+00	0.00000000e+00	0.00000000e+00
-415	0.00000000e+00	0.00000000e+00	0.00000000e+00	0.00000000e+00
-414	0.00000000e+00	0.00000000e+00	0.00000000e+00	0.00000000e+00
-413	0.00000000e+00	0.00000000e+00	0.00000000e+00	0.00000000e+00
-412	0.00000000e+00	0.00000000e+00	0.00000000e+00	0.00000000e+00
-411	0.00000000e+00	0.00000000e+00	0.00000000e+00	0.00000000e+00
-410	0.00000000e+00	0.00000000e+00	0.00000000e+00	0.00000000e+00
-409	0.00000000e+00	0.00000000e+00	0.00000000e+00	0.00000000e+00
-408	0.00000000e+00	0.00000000e+00	0.00000000e+00	0.00000000e+00
-407	0.00000000e+00	0.00000000e+00	0.00000000e+00	0.00000000e+00
-406	0.00000000e+00	0.00000000e+00	0.00000000e+00	0.00000000e+00
-405	0.00000000e+00	0.00000000e+00	0.00000000e+00	0.00000000e+00
-404	0.00000000e+00	0.00000000e+00	0.00000000e+00	0.00000000e+00
-403	0.00000000e+00	0.00000000e+00	0.00000000e+00	0.00000000e+00
-402	0.00000000e+00	0.00000000e+00	0.00000000e+00	0.00000000e+00
-401	0.00000000e+00	0.00000000e+00	0.00000000e+00	0.00000000e+00
-400	0.00000000e+00	0.00000000e+00	0.00000000e+00	0.00000000e+00
-399	0.00000000e+00	0.00000000e+00	0.00000000e+00	0.00000000e+00
-398	0.00000000e+00	0.00000000e+00	0.00000000e+00	0.00000000e+00
-397	0.00000000e+00	0.00000000e+00	0.00000000e+00	0.00000000e+00
-396	0.00000000e+00	0.00000000e+00	0.00000000e+00	0.00000000e+00
-395	0.00000000e+00	0.00000000e+00	0.00000000e+00	0.00000000e+00
-394	0.00000000e+00	0.00000000e+00	0.00000000e+00	0.00000000e+00
-393	0.00000000e+00	0.00000000e+00	0.00000000e+00	0.00000000e+00
-392	0.00000000e+00	0.00000000e+00	0.00000000e+00	0.00000000e+00
-391	0.00000000e+00	0.00000000e+00	0.00000000e+00	0.00000000e+00
-390	0.00000000e+00	0.00000000e+00	0.00000000e+00	0.00000000e+00
-389	0.00000000e+00	0.00000000e+00	0.00000000e+00	0.00000000e+00
-388	0.00000000e+00	0.00000000e+00	0.00000000e+00	0.00000000e+00
-387	0.00000000e+00	0.00000000e+00	0.00000000e+00	0.00000000e+00
-386	0.00000000e+00	0.00000000e+00	0.00000000e+00	0.00000000e+00
-385	0.00000000e+00	0.00000000e+00	0.00000000e+00	0.00000000e+00
-384	0.00000000e+00	0.00000000e+00	0.00000000e+00	0.00000000e+00
-383	0.00000000e+00	0.00000000e+00	0.00000000e+00	0.00000000e+00
-382	0.00000000e+00	0.00000000e+00	0.00000000e+00	0.00000000e+00
-381	0.00000000e+00	0.00000000e+00	0.00000000e+00	0.00000000e+00
-380	0.00000000e+00	0.00000000e+00	0.00000000e+00	0.00000000e+00
-379	0.00000000e+00	0.00000000e+00	0.00000000e+00	0.00000000e+00
-378	0.00000000e+00	0.00000000e+00	0.00000000e+00	0.00000000e+00
-377	0.00000000e+00	0.00000000e+00	0.00000000e+00	0.00000000e+00
-376	0.00000000e+00	0.00000000e+00	0.00000000e+00	0.00000000e+00
-375	0.00000000e+00	0.00000000e+00	0.00000000e+00	0.00000000e+00
-374	0.00000000e+00	0.00000000e+00	0.00000000e+00	0.00000000e+00
-373	0.00000000e+00	0.00000000e+00	0.00000000e+00	0.00000000e+00
-372	0.00000000e+00	0.00000000e+00	0.00000000e+00	0.00000000e+00
-371	0.00000000e+00	0.00000000e+00	0.00000000e+00	0.00000000e+00
-370	0.00000000e+00	0.00000000e+00	0.00000000e+00	0.00000000e+00
-369	0.00000000e+00	0.00000000e+00	0.00000000e+00	0.00000000e+00
-368	0.00000000e+00	0.00000000e+00	0.00000000e+00	0.00000000e+00
-367	0.00000000e+00	0.00000000e+00	0.00000000e+00	0.00000000e+00
-366	0.00000000e+00	0.00000000e+00	0.00000000e+00	0.00000000e+00
-365	0.00000000e+00	0.00000000e+00	0.00000000e+00	0.00000000e+00
-364	0.00000000e+00	0.00000000e+00	0.00000000e+00	0.00000000e+00
-363	0.00000000e+00	0.00000000e+00	0.00000000e+00	0.00000000e+00
-362	0.00000000e+00	0.00000000e+00	0.00000000e+00	0.00000000e+00
-361	0.00000000e+00	0.00000000e+00	0.00000000e+00	0.00000000e+00
-360	0.00000000e+00	0.00000000e+00	0.00000000e+00	0.00000000e+00
-359	0.00000000e+00	0.00000000e+00	0.00000000e+00	0.00000000e+00
-358	0.00000000e+00	0.00000000e+00	0.00000000e+00	0.00000000e+00
-357	0.00000000e+00	0.00000000e+00	0.00000000e+00	0.00000000e+00
-356	0.00000000e+00	0.00000000e+00	0.00000000e+00	0.00000000e+00
-355	0.00000000e+00	0.00000000e+00	0.00000000e+00	0.00000000e+00
-354	0.00000000e+00	0.00000000e+00	0.00000000e+00	0.00000000e+00
-353	0.00000000e+00	0.00000000e+00	0.00000000e+00	0.00000000e+00
-352	0.00000000e+00	0.00000000e+00	0.00000000e+00	0.00000000e+00
-351	0.00000000e+00	0.00000000e+00	0.00000000e+00	0.00000000e+00
-350	0.00000000e+00	0.00000000e+00	0.00000000e+00	0.00000000e+00
-349	0.00000000e+00	0.00000000e+00	0.00000000e+00	0.00000000e+00
-348	0.00000000e+00	0.00000000e+00	0.00000000e+00	0.00000000e+00
-347	0.00000000e+00	0.00000000e+00	0.00000000e+00	0.00000000e+00
-346	0.00000000e+00	0.00000000e+00	0.00000000e+00	0.00000000e+00
-345	0.00000000e+00	0.00000000e+00	0.00000000e+00	0.00000000e+00
-344	0.00000000e+00	0.00000000e+00	0.00000000e+00	0.00000000e+00
-343	0.00000000e+00	0.00000000e+00	0.00000000e+00	0.00000000e+00
-342	0.00000000e+00	0.00000000e+00	0.00000000e+00	0.00000000e+00
-341	0.00000000e+00	0.00000000e+00	0.00000000e+00	0.00000000e+00
-340	0.00000000e+00	0.00000000e+00	0.00000000e+00	0.00000000e+00
-339	0.00000000e+00	0.00000000e+00	0.00000000e+00	0.00000000e+00
-338	0.00000000e+00	0.00000000e+00	0.00000000e+00	0.00000000e+00
-337	0.00000000e+00	0.00000000e+00	0.00000000e+00	0.00000000e+00
-336	0.00000000e+00	0.00000000e+00	0.00000000e+00	0.00000000e+00
-335	0.00000000e+00	0.00000000e+00	0.00000000e+00	0.00000000e+00
-334	0.00000000e+00	0.00000000e+00	0.00000000e+00	0.00000000e+00
-333	0.00000000e+00	0.00000000e+00	0.00000000e+00	0.00000000e+00
-332	0.00000000e+00	0.00000000e+00	0.00000000e+00	0.00000000e+00
-331	0.00000000e+00	0.00000000e+00	0.00000000e+00	0.00000000e+00
-330	1.00000000e+00	0.00000000e+00	0.00000000e+00	0.00000000e+00
-329	5.04000000e+02	2.00000000e+00	2.00000000e+00	8.00000000e+00
-328	1.34500000e+03	3.00000000e+00	4.00000000e+00	1.00000000e+01
-327	2.30700000e+03	3.00000000e+00	4.00000000e+00	1.00000000e+01
-326	3.23200000e+03	4.00000000e+00	5.00000000e+00	1.10000000e+01
-325	4.13000000e+03	5.00000000e+00	7.00000000e+00	1.30000000e+01
-324	5.13300000e+03	5.00000000e+00	7.00000000e+00	1.30000000e+01
-323	6.01000000e+03	5.00000000e+00	7.00000000e+00	1.30000000e+01
-322	6.81500000e+03	5.00000000e+00	7.00000000e+00	1.30000000e+01
-321	7.58800000e+03	5.00000000e+00	7.00000000e+00	1.30000000e+01
-320	8.40200000e+03	5.00000000e+00	7.00000000e+00	1.30000000e+01
-319	9.11300000e+03	5.00000000e+00	7.00000000e+00	1.30000000e+01
-318	9.95100000e+03	5.00000000e+00	7.00000000e+00	1.30000000e+01
-317	1.10080000e+04	5.00000000e+00	7.00000000e+00	1.30000000e+01
-316	1.19250000e+04	5.00000000e+00	7.00000000e+00	1.30000000e+01
-315	1.27300000e+04	7.00000000e+00	9.00000000e+00	1.70000000e+01
-314	1.36390000e+04	7.00000000e+00	9.00000000e+00	1.70000000e+01
-313	1.43990000e+04	7.00000000e+00	9.00000000e+00	1.70000000e+01
-312	1.50850000e+04	8.00000000e+00	1.00000000e+01	2.00000000e+01
-311	1.59670000e+04	8.00000000e+00	1.00000000e+01	2.00000000e+01
-310	1.59670000e+04	8.00000000e+00	1.00000000e+01	2.00000000e+01
-309	1.67530000e+04	9.00000000e+00	1.10000000e+01	2.10000000e+01
-308	1.73360000e+04	9.00000000e+00	1.10000000e+01	2.10000000e+01
-307	1.80100000e+04	9.00000000e+00	1.10000000e+01	2.10000000e+01
-306	1.86630000e+04	9.00000000e+00	1.10000000e+01	2.10000000e+01
-305	1.93870000e+04	9.00000000e+00	1.10000000e+01	2.10000000e+01
-304	2.00540000e+04	9.00000000e+00	1.10000000e+01	2.10000000e+01
-303	2.00540000e+04	9.00000000e+00	1.10000000e+01	2.10000000e+01
-302	2.07460000e+04	9.00000000e+00	1.10000000e+01	2.10000000e+01
-301	2.14810000e+04	9.00000000e+00	1.10000000e+01	2.10000000e+01
-300	2.21970000e+04	9.00000000e+00	1.10000000e+01	2.10000000e+01
-299	2.29560000e+04	9.00000000e+00	1.10000000e+01	2.10000000e+01
-298	2.36990000e+04	9.00000000e+00	1.10000000e+01	2.10000000e+01
-297	2.44960000e+04	9.00000000e+00	1.10000000e+01	2.10000000e+01
-296	2.54160000e+04	1.00000000e+01	1.20000000e+01	2.40000000e+01
-295	2.62180000e+04	1.20000000e+01	1.40000000e+01	2.60000000e+01
-294	2.69920000e+04	1.20000000e+01	1.40000000e+01	2.60000000e+01
-293	2.76740000e+04	1.20000000e+01	1.40000000e+01	2.60000000e+01
-292	2.83510000e+04	1.20000000e+01	1.40000000e+01	2.60000000e+01
-291	2.90370000e+04	1.20000000e+01	1.40000000e+01	2.60000000e+01
-290	2.98160000e+04	1.20000000e+01	1.40000000e+01	2.60000000e+01
-289	3.06500000e+04	1.20000000e+01	1.40000000e+01	2.60000000e+01
-288	3.14760000e+04	1.20000000e+01	1.40000000e+01	2.60000000e+01
-287	3.22430000e+04	1.20000000e+01	1.40000000e+01	2.60000000e+01
-286	3.31650000e+04	1.20000000e+01	1.40000000e+01	2.60000000e+01
-285	3.38240000e+04	1.20000000e+01	1.40000000e+01	2.60000000e+01
-284	3.46130000e+04	1.20000000e+01	1.40000000e+01	2.60000000e+01
-283	3.54550000e+04	1.20000000e+01	1.40000000e+01	2.60000000e+01
-282	3.62990000e+04	1.20000000e+01	1.40000000e+01	2.60000000e+01
-281	3.71200000e+04	1.20000000e+01	1.40000000e+01	2.60000000e+01
-280	3.77530000e+04	1.20000000e+01	1.40000000e+01	2.60000000e+01
-279	3.85250000e+04	1.20000000e+01	1.40000000e+01	2.60000000e+01
-278	3.92830000e+04	1.20000000e+01	1.40000000e+01	2.60000000e+01
-277	4.01290000e+04	1.20000000e+01	1.40000000e+01	2.60000000e+01
-276	4.10170000e+04	1.20000000e+01	1.40000000e+01	2.60000000e+01
-275	4.18580000e+04	1.20000000e+01	1.40000000e+01	2.60000000e+01
-274	4.28800000e+04	1.20000000e+01	1.50000000e+01	2.80000000e+01
-273	4.38150000e+04	1.20000000e+01	1.50000000e+01	2.80000000e+01
-272	4.48400000e+04	1.40000000e+01	1.70000000e+01	3.10000000e+01
-271	4.56870000e+04	1.40000000e+01	1.70000000e+01	3.10000000e+01
-270	4.63970000e+04	1.40000000e+01	1.70000000e+01	3.10000000e+01
-269	4.73360000e+04	1.40000000e+01	1.70000000e+01	3.10000000e+01
-268	4.83630000e+04	1.40000000e+01	1.70000000e+01	3.10000000e+01
-267	4.95740000e+04	1.50000000e+01	1.80000000e+01	3.20000000e+01
-266	5.06370000e+04	1.50000000e+01	1.80000000e+01	3.20000000e+01
-265	5.17730000e+04	1.50000000e+01	1.80000000e+01	3.20000000e+01
-264	5.30220000e+04	1.50000000e+01	1.80000000e+01	3.20000000e+01
-263	5.40800000e+04	1.50000000e+01	1.80000000e+01	3.20000000e+01
-262	5.52950000e+04	1.50000000e+01	1.80000000e+01	3.20000000e+01
-261	5.65270000e+04	1.50000000e+01	1.80000000e+01	3.20000000e+01
-260	5.75390000e+04	1.50000000e+01	1.80000000e+01	3.20000000e+01
-259	5.84900000e+04	1.50000000e+01	1.80000000e+01	3.20000000e+01
-258	5.94500000e+04	1.50000000e+01	1.80000000e+01	3.20000000e+01
-257	6.05340000e+04	1.50000000e+01	1.80000000e+01	3.20000000e+01
-256	6.15610000e+04	1.50000000e+01	1.80000000e+01	3.20000000e+01
-255	6.26430000e+04	1.50000000e+01	1.80000000e+01	3.20000000e+01
-254	6.38750000e+04	1.50000000e+01	1.80000000e+01	3.20000000e+01
-253	6.51240000e+04	1.50000000e+01	1.80000000e+01	3.20000000e+01
-252	6.61130000e+04	1.50000000e+01	1.80000000e+01	3.20000000e+01
-251	6.72130000e+04	1.50000000e+01	1.80000000e+01	3.20000000e+01
-250	6.84710000e+04	1.50000000e+01	1.80000000e+01	3.20000000e+01
-249	6.96110000e+04	1.50000000e+01	1.80000000e+01	3.20000000e+01
-248	7.06890000e+04	1.50000000e+01	1.80000000e+01	3.20000000e+01
-247	7.18870000e+04	1.50000000e+01	1.80000000e+01	3.20000000e+01
-246	7.32440000e+04	1.50000000e+01	1.80000000e+01	3.20000000e+01
-245	7.43340000e+04	1.50000000e+01	1.80000000e+01	3.20000000e+01
-244	7.52810000e+04	1.50000000e+01	1.80000000e+01	3.20000000e+01
-243	7.62700000e+04	1.50000000e+01	1.80000000e+01	3.20000000e+01
-242	7.73170000e+04	1.50000000e+01	1.80000000e+01	3.20000000e+01
-241	7.73170000e+04	1.50000000e+01	1.80000000e+01	3.20000000e+01
-240	7.73170000e+04	1.50000000e+01	1.80000000e+01	3.20000000e+01
-239	7.85150000e+04	1.50000000e+01	1.80000000e+01	3.20000000e+01
-238	7.95640000e+04	1.50000000e+01	1.80000000e+01	3.20000000e+01
-237	8.04830000e+04	1.50000000e+01	1.80000000e+01	3.20000000e+01
-236	8.13610000e+04	1.50000000e+01	1.80000000e+01	3.20000000e+01
-235	8.23760000e+04	1.50000000e+01	1.80000000e+01	3.20000000e+01
-234	8.33940000e+04	1.50000000e+01	1.80000000e+01	3.20000000e+01
-233	8.45340000e+04	1.50000000e+01	1.80000000e+01	3.20000000e+01
-232	8.55300000e+04	1.50000000e+01	1.80000000e+01	3.20000000e+01
-231	8.65230000e+04	1.50000000e+01	1.80000000e+01	3.20000000e+01
-230	8.75300000e+04	1.50000000e+01	1.80000000e+01	3.20000000e+01
-229	8.86180000e+04	1.50000000e+01	1.90000000e+01	3.30000000e+01
-228	8.95860000e+04	1.60000000e+01	2.00000000e+01	3.40000000e+01
-227	9.06390000e+04	1.60000000e+01	2.00000000e+01	3.40000000e+01
-226	9.18240000e+04	1.60000000e+01	2.00000000e+01	3.40000000e+01
-225	9.18240000e+04	1.60000000e+01	2.00000000e+01	3.40000000e+01
-224	9.27730000e+04	1.60000000e+01	2.00000000e+01	3.40000000e+01
-223	9.37550000e+04	1.60000000e+01	2.00000000e+01	3.40000000e+01
-222	9.48120000e+04	1.60000000e+01	2.00000000e+01	3.40000000e+01
-221	9.59030000e+04	1.60000000e+01	2.00000000e+01	3.40000000e+01
-220	9.69460000e+04	1.60000000e+01	2.00000000e+01	3.40000000e+01
-219	9.80880000e+04	1.60000000e+01	2.00000000e+01	3.40000000e+01
-218	9.93260000e+04	1.60000000e+01	2.00000000e+01	3.40000000e+01
-217	1.00285000e+05	1.60000000e+01	2.00000000e+01	3.40000000e+01
-216	1.01165000e+05	1.60000000e+01	2.00000000e+01	3.40000000e+01
-215	1.02057000e+05	1.60000000e+01	2.00000000e+01	3.40000000e+01
-214	1.02987000e+05	1.60000000e+01	2.00000000e+01	3.40000000e+01
-213	1.04196000e+05	1.80000000e+01	2.20000000e+01	3.70000000e+01
-212	1.05493000e+05	1.80000000e+01	2.20000000e+01	3.70000000e+01
-211	1.06725000e+05	1.90000000e+01	2.40000000e+01	3.90000000e+01
-210	1.06725000e+05	2.00000000e+01	2.50000000e+01	4.00000000e+01
-209	1.07657000e+05	2.00000000e+01	2.50000000e+01	4.00000000e+01
-208	1.08787000e+05	2.00000000e+01	2.50000000e+01	4.00000000e+01
-207	1.09765000e+05	2.00000000e+01	2.50000000e+01	4.00000000e+01
-206	1.10819000e+05	2.00000000e+01	2.50000000e+01	4.00000000e+01
-205	1.11845000e+05	2.00000000e+01	2.50000000e+01	4.00000000e+01
-204	1.12768000e+05	2.20000000e+01	2.70000000e+01	4.20000000e+01
-203	1.13658000e+05	2.50000000e+01	2.80000000e+01	4.40000000e+01
-202	1.14594000e+05	2.30000000e+01	2.90000000e+01	4.50000000e+01
-201	1.15741000e+05	2.30000000e+01	2.90000000e+01	4.50000000e+01
-200	1.16670000e+05	2.50000000e+01	3.00000000e+01	4.70000000e+01
-199	1.17622000e+05	2.50000000e+01	3.00000000e+01	4.70000000e+01
-198	1.18633000e+05	2.50000000e+01	3.00000000e+01	4.70000000e+01
-197	1.19971000e+05	2.50000000e+01	3.00000000e+01	4.70000000e+01
-196	1.21197000e+05	2.50000000e+01	3.00000000e+01	4.70000000e+01
-195	1.22126000e+05	2.50000000e+01	3.00000000e+01	4.70000000e+01
-194	1.23194000e+05	2.50000000e+01	3.10000000e+01	4.80000000e+01
-193	1.24095000e+05	2.50000000e+01	3.10000000e+01	4.80000000e+01
-192	1.25188000e+05	2.50000000e+01	3.10000000e+01	4.80000000e+01
-191	1.26194000e+05	2.50000000e+01	3.10000000e+01	4.80000000e+01
-190	1.27146000e+05	2.50000000e+01	3.10000000e+01	4.80000000e+01
-189	1.28020000e+05	2.80000000e+01	3.20000000e+01	4.90000000e+01
-188	1.28875000e+05	2.80000000e+01	3.30000000e+01	5.00000000e+01
-187	1.29737000e+05	2.80000000e+01	3.30000000e+01	5.00000000e+01
-186	1.30663000e+05	2.80000000e+01	3.30000000e+01	5.00000000e+01
-185	1.31727000e+05	2.80000000e+01	3.30000000e+01	5.00000000e+01
-184	1.33182000e+05	2.80000000e+01	3.30000000e+01	5.00000000e+01
-183	1.34699000e+05	2.80000000e+01	3.30000000e+01	5.00000000e+01
-182	1.35905000e+05	2.80000000e+01	3.30000000e+01	5.00000000e+01
-181	1.36809000e+05	2.80000000e+01	3.30000000e+01	5.00000000e+01
-180	1.37607000e+05	2.80000000e+01	3.30000000e+01	5.00000000e+01
-179	1.38566000e+05	2.80000000e+01	3.30000000e+01	5.00000000e+01
-178	1.39622000e+05	2.80000000e+01	3.40000000e+01	5.10000000e+01
-177	1.40708000e+05	3.10000000e+01	3.50000000e+01	5.30000000e+01
-176	1.41766000e+05	3.10000000e+01	3.50000000e+01	5.30000000e+01
-175	1.42652000e+05	3.10000000e+01	3.50000000e+01	5.30000000e+01
-174	1.43624000e+05	3.10000000e+01	3.50000000e+01	5.30000000e+01
-173	1.44481000e+05	3.10000000e+01	3.50000000e+01	5.30000000e+01
-172	1.45426000e+05	3.20000000e+01	3.50000000e+01	5.40000000e+01
-171	1.46418000e+05	3.20000000e+01	3.50000000e+01	5.40000000e+01
-170	1.47525000e+05	3.20000000e+01	3.50000000e+01	5.40000000e+01
-169	1.48684000e+05	3.20000000e+01	3.50000000e+01	5.40000000e+01
-168	1.49625000e+05	3.20000000e+01	3.50000000e+01	5.40000000e+01
-167	1.50448000e+05	3.20000000e+01	3.50000000e+01	5.40000000e+01
-166	1.51409000e+05	3.10000000e+01	3.60000000e+01	5.50000000e+01
-165	1.52390000e+05	3.10000000e+01	3.60000000e+01	5.50000000e+01
-164	1.53278000e+05	3.10000000e+01	3.60000000e+01	5.50000000e+01
-163	1.54376000e+05	3.10000000e+01	3.60000000e+01	5.50000000e+01
-162	1.55253000e+05	3.10000000e+01	3.60000000e+01	5.50000000e+01
-161	1.56101000e+05	3.10000000e+01	3.60000000e+01	5.50000000e+01
-160	1.56910000e+05	3.10000000e+01	3.60000000e+01	5.50000000e+01
-159	1.58222000e+05	3.10000000e+01	3.60000000e+01	5.50000000e+01
-158	1.59691000e+05	3.10000000e+01	3.60000000e+01	5.50000000e+01
-157	1.60842000e+05	3.10000000e+01	3.60000000e+01	5.50000000e+01
-156	1.61958000e+05	3.10000000e+01	3.60000000e+01	5.50000000e+01
-155	1.62906000e+05	3.10000000e+01	3.60000000e+01	5.50000000e+01
-154	1.63781000e+05	3.10000000e+01	3.60000000e+01	5.50000000e+01
-153	1.64645000e+05	3.10000000e+01	3.60000000e+01	5.50000000e+01
-152	1.65514000e+05	3.10000000e+01	3.60000000e+01	5.50000000e+01
-151	1.66750000e+05	3.10000000e+01	3.60000000e+01	5.50000000e+01
-150	1.67995000e+05	3.30000000e+01	3.70000000e+01	5.60000000e+01
-149	1.69284000e+05	3.30000000e+01	3.70000000e+01	5.60000000e+01
-148	1.70323000e+05	3.30000000e+01	3.70000000e+01	5.60000000e+01
-147	1.71311000e+05	3.40000000e+01	3.80000000e+01	5.70000000e+01
-146	1.72271000e+05	3.50000000e+01	3.90000000e+01	5.80000000e+01
-145	1.73541000e+05	3.50000000e+01	3.90000000e+01	5.80000000e+01
-144	1.74530000e+05	3.50000000e+01	3.90000000e+01	5.80000000e+01
-143	1.75601000e+05	3.50000000e+01	3.90000000e+01	5.80000000e+01
-142	1.76760000e+05	3.50000000e+01	3.90000000e+01	5.80000000e+01
-141	1.77842000e+05	3.50000000e+01	3.90000000e+01	5.80000000e+01
-140	1.78810000e+05	3.50000000e+01	3.90000000e+01	5.80000000e+01
-139	1.79639000e+05	3.50000000e+01	3.90000000e+01	5.80000000e+01
-138	1.80487000e+05	3.50000000e+01	3.90000000e+01	5.80000000e+01
-137	1.81479000e+05	3.50000000e+01	3.90000000e+01	5.80000000e+01
-136	1.82414000e+05	3.50000000e+01	3.90000000e+01	5.80000000e+01
-135	1.83489000e+05	3.50000000e+01	3.90000000e+01	5.80000000e+01
-134	1.84588000e+05	3.50000000e+01	3.90000000e+01	5.80000000e+01
-133	1.85543000e+05	3.80000000e+01	4.00000000e+01	6.00000000e+01
-132	1.87101000e+05	3.70000000e+01	4.00000000e+01	6.20000000e+01
-131	1.88219000e+05	3.70000000e+01	4.00000000e+01	6.20000000e+01
-130	1.89310000e+05	3.70000000e+01	4.00000000e+01	6.20000000e+01
-129	1.91790000e+05	3.90000000e+01	4.10000000e+01	6.30000000e+01
-128	1.95621000e+05	3.80000000e+01	4.30000000e+01	6.70000000e+01
-127	1.98225000e+05	4.40000000e+01	4.50000000e+01	7.00000000e+01
-126	1.99779000e+05	4.50000000e+01	4.60000000e+01	7.10000000e+01
-125	1.99779000e+05	4.50000000e+01	4.60000000e+01	7.10000000e+01
-124	2.01069000e+05	4.50000000e+01	4.60000000e+01	7.10000000e+01
-123	2.02493000e+05	4.50000000e+01	4.60000000e+01	7.10000000e+01
-122	2.04018000e+05	4.50000000e+01	4.60000000e+01	7.10000000e+01
-121	2.05694000e+05	4.30000000e+01	4.70000000e+01	7.20000000e+01
-120	2.07440000e+05	4.30000000e+01	4.70000000e+01	7.20000000e+01
-119	2.08882000e+05	4.30000000e+01	4.70000000e+01	7.20000000e+01
-118	2.10296000e+05	4.30000000e+01	4.70000000e+01	7.20000000e+01
-117	2.11415000e+05	4.30000000e+01	4.70000000e+01	7.20000000e+01
-116	2.12189000e+05	4.30000000e+01	4.70000000e+01	7.20000000e+01
-115	2.13240000e+05	4.40000000e+01	4.80000000e+01	7.30000000e+01
-114	2.14301000e+05	4.60000000e+01	4.90000000e+01	7.40000000e+01
-113	2.15344000e+05	4.60000000e+01	4.90000000e+01	7.40000000e+01
-112	2.16356000e+05	5.00000000e+01	5.10000000e+01	8.00000000e+01
-111	2.17336000e+05	5.00000000e+01	5.10000000e+01	8.00000000e+01
-110	2.18289000e+05	5.00000000e+01	5.10000000e+01	8.00000000e+01
-109	2.19250000e+05	5.00000000e+01	5.10000000e+01	8.00000000e+01
-108	2.20387000e+05	5.00000000e+01	5.10000000e+01	8.00000000e+01
-107	2.21466000e+05	5.00000000e+01	5.10000000e+01	8.00000000e+01
-106	2.22544000e+05	5.10000000e+01	5.20000000e+01	8.10000000e+01
-105	2.23406000e+05	5.10000000e+01	5.20000000e+01	8.10000000e+01
-104	2.24142000e+05	5.10000000e+01	5.20000000e+01	8.10000000e+01
-103	2.24877000e+05	5.10000000e+01	5.20000000e+01	8.10000000e+01
-102	2.25316000e+05	5.10000000e+01	5.20000000e+01	8.10000000e+01
-101	2.25501000e+05	5.10000000e+01	5.30000000e+01	8.20000000e+01
-100	2.25660000e+05	5.10000000e+01	5.30000000e+01	8.20000000e+01
-99	2.25853000e+05	5.10000000e+01	5.30000000e+01	8.20000000e+01
-98	2.26242000e+05	4.80000000e+01	5.50000000e+01	8.40000000e+01
-97	2.26775000e+05	4.80000000e+01	5.50000000e+01	8.40000000e+01
-96	2.27565000e+05	4.80000000e+01	5.50000000e+01	8.40000000e+01
-95	2.28500000e+05	4.80000000e+01	5.50000000e+01	8.40000000e+01
-94	2.29509000e+05	4.80000000e+01	5.50000000e+01	8.40000000e+01
-93	2.30472000e+05	4.80000000e+01	5.50000000e+01	8.40000000e+01
-92	2.31441000e+05	4.80000000e+01	5.50000000e+01	8.40000000e+01
-91	2.32281000e+05	4.80000000e+01	5.50000000e+01	8.40000000e+01
-90	2.33356000e+05	4.80000000e+01	5.50000000e+01	8.40000000e+01
-89	2.34281000e+05	4.80000000e+01	5.50000000e+01	8.40000000e+01
-88	2.35165000e+05	4.80000000e+01	5.50000000e+01	8.40000000e+01
-87	2.35165000e+05	4.80000000e+01	5.50000000e+01	8.40000000e+01
-86	2.35499000e+05	4.80000000e+01	5.50000000e+01	8.40000000e+01
-85	2.35499000e+05	4.80000000e+01	5.50000000e+01	8.40000000e+01
-84	2.36441000e+05	4.80000000e+01	5.50000000e+01	8.40000000e+01
-83	2.37382000e+05	4.80000000e+01	5.50000000e+01	8.40000000e+01
-82	2.38489000e+05	4.80000000e+01	5.50000000e+01	8.40000000e+01
-81	2.39772000e+05	4.80000000e+01	5.50000000e+01	8.40000000e+01
-80	2.40801000e+05	4.80000000e+01	5.50000000e+01	8.40000000e+01
-79	2.41765000e+05	4.80000000e+01	5.50000000e+01	8.40000000e+01
-78	2.41765000e+05	4.80000000e+01	5.50000000e+01	8.40000000e+01
-77	2.42837000e+05	4.80000000e+01	5.50000000e+01	8.40000000e+01
-76	2.42837000e+05	4.80000000e+01	5.50000000e+01	8.40000000e+01
-75	2.42837000e+05	4.80000000e+01	5.50000000e+01	8.40000000e+01
-74	2.42837000e+05	4.80000000e+01	5.50000000e+01	8.40000000e+01
-73	2.42837000e+05	4.80000000e+01	5.50000000e+01	8.40000000e+01
-72	2.43724000e+05	4.80000000e+01	5.50000000e+01	8.40000000e+01
-71	2.44598000e+05	4.80000000e+01	5.50000000e+01	8.40000000e+01
-70	2.45438000e+05	4.80000000e+01	5.50000000e+01	8.40000000e+01
-69	2.46286000e+05	4.80000000e+01	5.50000000e+01	8.40000000e+01
-68	2.47099000e+05	4.80000000e+01	5.50000000e+01	8.40000000e+01
-67	2.47918000e+05	4.80000000e+01	5.50000000e+01	8.40000000e+01
-66	2.48900000e+05	4.80000000e+01	5.50000000e+01	8.40000000e+01
-65	2.49946000e+05	4.80000000e+01	5.50000000e+01	8.40000000e+01
-64	2.50860000e+05	4.80000000e+01	5.50000000e+01	8.40000000e+01
-63	2.52076000e+05	4.80000000e+01	5.50000000e+01	8.40000000e+01
-62	2.53502000e+05	4.80000000e+01	5.50000000e+01	8.40000000e+01
-61	2.54728000e+05	4.80000000e+01	5.50000000e+01	8.40000000e+01
-60	2.55934000e+05	4.80000000e+01	5.50000000e+01	8.40000000e+01
-59	2.57180000e+05	4.80000000e+01	5.50000000e+01	8.40000000e+01
-58	2.58475000e+05	4.80000000e+01	5.50000000e+01	8.40000000e+01
-57	2.60030000e+05	5.00000000e+01	5.60000000e+01	8.70000000e+01
-56	2.61334000e+05	5.00000000e+01	5.60000000e+01	8.70000000e+01
-55	2.62905000e+05	5.00000000e+01	5.60000000e+01	8.70000000e+01
-54	2.64429000e+05	5.00000000e+01	5.60000000e+01	8.70000000e+01
-53	2.65827000e+05	5.00000000e+01	5.60000000e+01	8.70000000e+01
-52	2.67163000e+05	5.00000000e+01	5.60000000e+01	8.70000000e+01
-51	2.68498000e+05	5.00000000e+01	5.60000000e+01	8.70000000e+01
-50	2.69987000e+05	5.00000000e+01	5.60000000e+01	8.70000000e+01
-49	2.71456000e+05	5.00000000e+01	5.60000000e+01	8.70000000e+01
-48	2.72762000e+05	5.00000000e+01	5.60000000e+01	8.70000000e+01
-47	2.74056000e+05	5.00000000e+01	5.60000000e+01	8.70000000e+01
-46	2.75568000e+05	5.20000000e+01	5.70000000e+01	8.80000000e+01
-45	2.76769000e+05	5.20000000e+01	5.70000000e+01	8.80000000e+01
-44	2.78144000e+05	5.20000000e+01	5.70000000e+01	8.80000000e+01
-43	2.79665000e+05	5.30000000e+01	5.80000000e+01	8.90000000e+01
-42	2.81255000e+05	5.90000000e+01	6.00000000e+01	9.20000000e+01
-41	2.82619000e+05	5.90000000e+01	6.00000000e+01	9.20000000e+01
-40	2.83789000e+05	5.90000000e+01	6.00000000e+01	9.20000000e+01
-39	2.85135000e+05	5.70000000e+01	6.10000000e+01	9.30000000e+01
-38	2.86301000e+05	5.70000000e+01	6.10000000e+01	9.30000000e+01
-37	2.87684000e+05	5.70000000e+01	6.10000000e+01	9.30000000e+01
-36	2.89144000e+05	5.30000000e+01	6.10000000e+01	9.60000000e+01
-35	2.90636000e+05	5.40000000e+01	6.20000000e+01	9.70000000e+01
-34	2.91841000e+05	5.40000000e+01	6.20000000e+01	9.70000000e+01
-33	2.93106000e+05	5.40000000e+01	6.20000000e+01	9.70000000e+01
-32	2.94461000e+05	5.70000000e+01	6.40000000e+01	9.90000000e+01
-31	2.95784000e+05	5.70000000e+01	6.40000000e+01	9.90000000e+01
-30	2.97421000e+05	5.70000000e+01	6.40000000e+01	9.90000000e+01
-29	2.99176000e+05	5.70000000e+01	6.40000000e+01	9.90000000e+01
-28	3.01219000e+05	5.60000000e+01	6.60000000e+01	1.01000000e+02
-27	3.03042000e+05	5.60000000e+01	6.60000000e+01	1.01000000e+02
-26	3.04542000e+05	5.60000000e+01	6.60000000e+01	1.01000000e+02
-25	3.05885000e+05	5.60000000e+01	6.60000000e+01	1.01000000e+02
-24	3.07392000e+05	5.80000000e+01	6.70000000e+01	1.02000000e+02
-23	3.09136000e+05	5.80000000e+01	6.70000000e+01	1.02000000e+02
-22	3.10882000e+05	5.80000000e+01	6.70000000e+01	1.02000000e+02
-21	3.12754000e+05	5.80000000e+01	6.70000000e+01	1.02000000e+02
-20	3.14658000e+05	5.80000000e+01	6.70000000e+01	1.02000000e+02
-19	3.16381000e+05	5.80000000e+01	6.70000000e+01	1.02000000e+02
-18	3.17947000e+05	5.70000000e+01	6.80000000e+01	1.03000000e+02
-17	3.19417000e+05	5.70000000e+01	6.80000000e+01	1.03000000e+02
-16	3.20948000e+05	5.70000000e+01	6.80000000e+01	1.03000000e+02
-15	3.22671000e+05	6.30000000e+01	6.90000000e+01	1.04000000e+02
-14	3.24211000e+05	6.30000000e+01	6.90000000e+01	1.04000000e+02
-13	3.25576000e+05	6.10000000e+01	7.10000000e+01	1.11000000e+02
-12	3.27056000e+05	6.10000000e+01	7.10000000e+01	1.11000000e+02
-11	3.28403000e+05	6.10000000e+01	7.10000000e+01	1.11000000e+02
-10	3.29869000e+05	6.10000000e+01	7.10000000e+01	1.11000000e+02
-9	3.31744000e+05	6.10000000e+01	7.10000000e+01	1.11000000e+02
-8	3.33752000e+05	6.10000000e+01	7.10000000e+01	1.11000000e+02
-7	3.35717000e+05	6.10000000e+01	7.10000000e+01	1.11000000e+02
-6	3.37916000e+05	6.10000000e+01	7.10000000e+01	1.11000000e+02
-5	3.39846000e+05	6.10000000e+01	7.10000000e+01	1.11000000e+02
-4	3.41925000e+05	6.10000000e+01	7.10000000e+01	1.11000000e+02
-3	3.43798000e+05	6.10000000e+01	7.10000000e+01	1.11000000e+02
-2	3.45756000e+05	6.10000000e+01	7.10000000e+01	1.11000000e+02
-1	3.47656000e+05	5.90000000e+01	7.20000000e+01	1.12000000e+02
0	3.49640000e+05	5.90000000e+01	7.20000000e+01	1.12000000e+02
1	3.52053000e+05	5.90000000e+01	7.20000000e+01	1.12000000e+02
2	3.54317000e+05	6.20000000e+01	7.40000000e+01	1.14000000e+02
3	3.56526000e+05	6.50000000e+01	7.50000000e+01	1.16000000e+02
4	3.58404000e+05	6.50000000e+01	7.50000000e+01	1.16000000e+02
5	3.60496000e+05	7.10000000e+01	7.80000000e+01	1.20000000e+02
6	3.62437000e+05	7.10000000e+01	7.80000000e+01	1.20000000e+02
7	3.64003000e+05	7.10000000e+01	7.80000000e+01	1.20000000e+02
8	3.65348000e+05	7.10000000e+01	7.80000000e+01	1.20000000e+02
9	3.66706000e+05	7.00000000e+01	7.90000000e+01	1.21000000e+02
10	3.68172000e+05	6.70000000e+01	8.00000000e+01	1.24000000e+02
11	3.69850000e+05	7.10000000e+01	8.20000000e+01	1.26000000e+02
12	3.71475000e+05	6.60000000e+01	8.50000000e+01	1.29000000e+02
13	3.72946000e+05	6.60000000e+01	8.50000000e+01	1.29000000e+02
14	3.74245000e+05	6.60000000e+01	8.50000000e+01	1.29000000e+02
15	3.75665000e+05	7.40000000e+01	8.70000000e+01	1.31000000e+02
16	3.77081000e+05	7.40000000e+01	8.70000000e+01	1.31000000e+02
17	3.78798000e+05	7.30000000e+01	8.80000000e+01	1.32000000e+02
18	3.80522000e+05	7.00000000e+01	9.00000000e+01	1.34000000e+02
19	3.82328000e+05	7.00000000e+01	9.00000000e+01	1.34000000e+02
20	3.84078000e+05	7.00000000e+01	9.00000000e+01	1.34000000e+02
21	3.85694000e+05	7.00000000e+01	9.00000000e+01	1.34000000e+02
22	3.87086000e+05	7.50000000e+01	9.20000000e+01	1.37000000e+02
23	3.88452000e+05	7.80000000e+01	9.30000000e+01	1.40000000e+02
24	3.89852000e+05	7.70000000e+01	9.40000000e+01	1.41000000e+02
25	3.91541000e+05	8.00000000e+01	9.80000000e+01	1.47000000e+02
26	3.93392000e+05	8.00000000e+01	9.80000000e+01	1.47000000e+02
27	3.95128000e+05	8.70000000e+01	9.90000000e+01	1.48000000e+02
28	3.96560000e+05	8.70000000e+01	9.90000000e+01	1.48000000e+02
29	3.98002000e+05	8.70000000e+01	9.90000000e+01	1.48000000e+02
30	3.99361000e+05	8.70000000e+01	9.90000000e+01	1.48000000e+02
31	4.01173000e+05	8.70000000e+01	1.00000000e+02	1.49000000e+02
32	4.03228000e+05	8.70000000e+01	1.02000000e+02	1.51000000e+02
33	4.05496000e+05	8.60000000e+01	1.03000000e+02	1.52000000e+02
34	4.07623000e+05	9.20000000e+01	1.04000000e+02	1.53000000e+02
35	4.09394000e+05	9.40000000e+01	1.08000000e+02	1.59000000e+02
36	4.11126000e+05	9.10000000e+01	1.09000000e+02	1.60000000e+02
37	4.12762000e+05	9.10000000e+01	1.09000000e+02	1.60000000e+02
38	4.14525000e+05	9.20000000e+01	1.11000000e+02	1.62000000e+02
39	4.16311000e+05	9.20000000e+01	1.11000000e+02	1.62000000e+02
40	4.18356000e+05	9.20000000e+01	1.11000000e+02	1.62000000e+02
41	4.20318000e+05	9.20000000e+01	1.11000000e+02	1.62000000e+02
42	4.21844000e+05	9.20000000e+01	1.11000000e+02	1.62000000e+02
43	4.23276000e+05	9.40000000e+01	1.12000000e+02	1.63000000e+02
44	4.24942000e+05	9.40000000e+01	1.12000000e+02	1.63000000e+02
45	4.26487000e+05	9.40000000e+01	1.12000000e+02	1.63000000e+02
46	4.28196000e+05	9.90000000e+01	1.13000000e+02	1.64000000e+02
47	4.29998000e+05	9.90000000e+01	1.13000000e+02	1.64000000e+02
48	4.31689000e+05	9.90000000e+01	1.13000000e+02	1.64000000e+02
49	4.33190000e+05	9.80000000e+01	1.14000000e+02	1.65000000e+02
50	4.34515000e+05	9.80000000e+01	1.14000000e+02	1.65000000e+02
51	4.35919000e+05	1.01000000e+02	1.16000000e+02	1.68000000e+02
52	4.37294000e+05	1.01000000e+02	1.16000000e+02	1.68000000e+02
53	4.38713000e+05	1.01000000e+02	1.17000000e+02	1.71000000e+02
54	4.40220000e+05	1.01000000e+02	1.17000000e+02	1.71000000e+02
55	4.41673000e+05	1.01000000e+02	1.17000000e+02	1.71000000e+02
56	4.42886000e+05	1.01000000e+02	1.17000000e+02	1.71000000e+02
57	4.44036000e+05	1.01000000e+02	1.17000000e+02	1.71000000e+02
58	4.45244000e+05	1.03000000e+02	1.18000000e+02	1.72000000e+02
59	4.46368000e+05	1.03000000e+02	1.18000000e+02	1.72000000e+02
60	4.47760000e+05	1.03000000e+02	1.18000000e+02	1.72000000e+02
61	4.49644000e+05	1.03000000e+02	1.18000000e+02	1.72000000e+02
62	4.51168000e+05	1.03000000e+02	1.18000000e+02	1.72000000e+02
63	4.52490000e+05	1.03000000e+02	1.18000000e+02	1.72000000e+02
64	4.53810000e+05	1.03000000e+02	1.18000000e+02	1.72000000e+02
65	4.55070000e+05	1.03000000e+02	1.18000000e+02	1.72000000e+02
66	4.56544000e+05	1.03000000e+02	1.18000000e+02	1.72000000e+02
67	4.58088000e+05	1.03000000e+02	1.18000000e+02	1.72000000e+02
68	4.59825000e+05	1.03000000e+02	1.18000000e+02	1.72000000e+02
69	4.61513000e+05	1.00000000e+02	1.18000000e+02	1.73000000e+02
70	4.63231000e+05	1.00000000e+02	1.18000000e+02	1.73000000e+02
71	4.65004000e+05	1.00000000e+02	1.18000000e+02	1.73000000e+02
72	4.67305000e+05	1.05000000e+02	1.18000000e+02	1.74000000e+02
73	4.69656000e+05	1.05000000e+02	1.18000000e+02	1.74000000e+02
74	4.72029000e+05	1.05000000e+02	1.18000000e+02	1.74000000e+02
75	4.74866000e+05	1.05000000e+02	1.18000000e+02	1.74000000e+02
76	4.76835000e+05	1.05000000e+02	1.18000000e+02	1.74000000e+02
77	4.78471000e+05	1.05000000e+02	1.18000000e+02	1.74000000e+02
78	4.80199000e+05	1.06000000e+02	1.18000000e+02	1.75000000e+02
79	4.81800000e+05	1.06000000e+02	1.18000000e+02	1.75000000e+02
80	4.83602000e+05	1.06000000e+02	1.18000000e+02	1.75000000e+02
81	4.85516000e+05	1.06000000e+02	1.18000000e+02	1.75000000e+02
82	4.87674000e+05	1.06000000e+02	1.19000000e+02	1.76000000e+02
83	4.89685000e+05	1.06000000e+02	1.19000000e+02	1.76000000e+02
84	4.91725000e+05	1.06000000e+02	1.19000000e+02	1.76000000e+02
85	4.93715000e+05	1.06000000e+02	1.19000000e+02	1.76000000e+02
86	4.95784000e+05	1.02000000e+02	1.19000000e+02	1.77000000e+02
87	4.98342000e+05	1.07000000e+02	1.20000000e+02	1.81000000e+02
88	5.00605000e+05	1.07000000e+02	1.20000000e+02	1.81000000e+02
89	5.02713000e+05	1.06000000e+02	1.21000000e+02	1.82000000e+02
90	5.04976000e+05	1.06000000e+02	1.21000000e+02	1.82000000e+02
91	5.06829000e+05	1.06000000e+02	1.21000000e+02	1.82000000e+02
92	5.08760000e+05	1.06000000e+02	1.21000000e+02	1.82000000e+02
93	5.10533000e+05	1.06000000e+02	1.21000000e+02	1.82000000e+02
94	5.11937000e+05	1.06000000e+02	1.21000000e+02	1.82000000e+02
95	5.13322000e+05	1.12000000e+02	1.23000000e+02	1.84000000e+02
96	5.15208000e+05	1.12000000e+02	1.23000000e+02	1.84000000e+02
97	5.17258000e+05	1.12000000e+02	1.23000000e+02	1.84000000e+02
98	5.19175000e+05	1.12000000e+02	1.23000000e+02	1.84000000e+02
99	5.21067000e+05	1.12000000e+02	1.23000000e+02	1.84000000e+02
100	5.22753000e+05	1.12000000e+02	1.23000000e+02	1.84000000e+02
