Day_(movie_time)	Views	Users	Rigor	Edits
-460	0.00000000e+00	0.00000000e+00	0.00000000e+00	0.00000000e+00
-459	8.00000000e+00	0.00000000e+00	0.00000000e+00	0.00000000e+00
-458	1.60000000e+01	0.00000000e+00	0.00000000e+00	0.00000000e+00
-457	2.30000000e+01	0.00000000e+00	0.00000000e+00	0.00000000e+00
-456	3.30000000e+01	0.00000000e+00	0.00000000e+00	0.00000000e+00
-455	4.00000000e+01	0.00000000e+00	0.00000000e+00	0.00000000e+00
-454	5.00000000e+01	0.00000000e+00	0.00000000e+00	0.00000000e+00
-453	5.80000000e+01	0.00000000e+00	0.00000000e+00	0.00000000e+00
-452	7.40000000e+01	0.00000000e+00	0.00000000e+00	0.00000000e+00
-451	9.20000000e+01	0.00000000e+00	0.00000000e+00	0.00000000e+00
-450	9.20000000e+01	0.00000000e+00	0.00000000e+00	0.00000000e+00
-449	9.20000000e+01	0.00000000e+00	0.00000000e+00	0.00000000e+00
-448	1.07000000e+02	0.00000000e+00	0.00000000e+00	0.00000000e+00
-447	1.24000000e+02	0.00000000e+00	0.00000000e+00	0.00000000e+00
-446	1.43000000e+02	0.00000000e+00	0.00000000e+00	0.00000000e+00
-445	1.60000000e+02	0.00000000e+00	0.00000000e+00	0.00000000e+00
-444	1.87000000e+02	0.00000000e+00	0.00000000e+00	0.00000000e+00
-443	2.04000000e+02	0.00000000e+00	0.00000000e+00	0.00000000e+00
-442	2.20000000e+02	0.00000000e+00	0.00000000e+00	0.00000000e+00
-441	3.04000000e+02	2.00000000e+00	2.00000000e+00	7.00000000e+00
-440	4.21000000e+02	3.00000000e+00	4.00000000e+00	9.00000000e+00
-439	4.94000000e+02	3.00000000e+00	4.00000000e+00	9.00000000e+00
-438	5.84000000e+02	3.00000000e+00	4.00000000e+00	9.00000000e+00
-437	7.19000000e+02	3.00000000e+00	4.00000000e+00	9.00000000e+00
-436	8.34000000e+02	3.00000000e+00	4.00000000e+00	9.00000000e+00
-435	9.06000000e+02	3.00000000e+00	4.00000000e+00	9.00000000e+00
-434	1.03100000e+03	3.00000000e+00	4.00000000e+00	9.00000000e+00
-433	1.17700000e+03	3.00000000e+00	4.00000000e+00	9.00000000e+00
-432	1.28400000e+03	3.00000000e+00	4.00000000e+00	9.00000000e+00
-431	1.39300000e+03	3.00000000e+00	4.00000000e+00	9.00000000e+00
-430	1.50700000e+03	3.00000000e+00	4.00000000e+00	9.00000000e+00
-429	1.61400000e+03	3.00000000e+00	4.00000000e+00	9.00000000e+00
-428	1.69900000e+03	3.00000000e+00	4.00000000e+00	9.00000000e+00
-427	1.80400000e+03	3.00000000e+00	4.00000000e+00	9.00000000e+00
-426	1.87500000e+03	3.00000000e+00	4.00000000e+00	9.00000000e+00
-425	1.94500000e+03	3.00000000e+00	4.00000000e+00	9.00000000e+00
-424	2.04600000e+03	3.00000000e+00	4.00000000e+00	9.00000000e+00
-423	2.14900000e+03	3.00000000e+00	4.00000000e+00	9.00000000e+00
-422	2.25200000e+03	3.00000000e+00	4.00000000e+00	9.00000000e+00
-421	2.33800000e+03	3.00000000e+00	4.00000000e+00	9.00000000e+00
-420	2.42000000e+03	3.00000000e+00	4.00000000e+00	9.00000000e+00
-419	2.59000000e+03	3.00000000e+00	4.00000000e+00	9.00000000e+00
-418	2.79000000e+03	4.00000000e+00	5.00000000e+00	1.00000000e+01
-417	3.05100000e+03	4.00000000e+00	5.00000000e+00	1.00000000e+01
-416	3.33800000e+03	4.00000000e+00	5.00000000e+00	1.00000000e+01
-415	3.53400000e+03	4.00000000e+00	5.00000000e+00	1.00000000e+01
-414	3.75300000e+03	4.00000000e+00	5.00000000e+00	1.00000000e+01
-413	3.92700000e+03	4.00000000e+00	5.00000000e+00	1.00000000e+01
-412	4.11300000e+03	5.00000000e+00	6.00000000e+00	1.60000000e+01
-411	4.34100000e+03	5.00000000e+00	6.00000000e+00	1.60000000e+01
-410	4.55900000e+03	6.00000000e+00	7.00000000e+00	1.70000000e+01
-409	4.82100000e+03	7.00000000e+00	9.00000000e+00	1.90000000e+01
-408	5.14400000e+03	9.00000000e+00	1.10000000e+01	2.20000000e+01
-407	5.45000000e+03	9.00000000e+00	1.10000000e+01	2.20000000e+01
-406	5.74700000e+03	9.00000000e+00	1.10000000e+01	2.20000000e+01
-405	6.10200000e+03	9.00000000e+00	1.10000000e+01	2.20000000e+01
-404	6.27100000e+03	9.00000000e+00	1.10000000e+01	2.20000000e+01
-403	6.34500000e+03	9.00000000e+00	1.10000000e+01	2.20000000e+01
-402	6.46100000e+03	9.00000000e+00	1.10000000e+01	2.20000000e+01
-401	6.55900000e+03	9.00000000e+00	1.10000000e+01	2.20000000e+01
-400	6.70200000e+03	9.00000000e+00	1.10000000e+01	2.20000000e+01
-399	6.83700000e+03	9.00000000e+00	1.10000000e+01	2.20000000e+01
-398	6.95600000e+03	9.00000000e+00	1.10000000e+01	2.20000000e+01
-397	7.08000000e+03	9.00000000e+00	1.10000000e+01	2.20000000e+01
-396	7.18500000e+03	9.00000000e+00	1.10000000e+01	2.20000000e+01
-395	7.31300000e+03	9.00000000e+00	1.10000000e+01	2.20000000e+01
-394	7.43800000e+03	9.00000000e+00	1.10000000e+01	2.20000000e+01
-393	7.57900000e+03	9.00000000e+00	1.10000000e+01	2.20000000e+01
-392	7.71200000e+03	9.00000000e+00	1.10000000e+01	2.20000000e+01
-391	7.83100000e+03	9.00000000e+00	1.10000000e+01	2.20000000e+01
-390	7.93900000e+03	9.00000000e+00	1.10000000e+01	2.20000000e+01
-389	8.04300000e+03	9.00000000e+00	1.10000000e+01	2.20000000e+01
-388	8.16400000e+03	9.00000000e+00	1.10000000e+01	2.20000000e+01
-387	8.25300000e+03	9.00000000e+00	1.10000000e+01	2.20000000e+01
-386	8.35900000e+03	9.00000000e+00	1.10000000e+01	2.20000000e+01
-385	8.44000000e+03	9.00000000e+00	1.10000000e+01	2.20000000e+01
-384	8.54500000e+03	9.00000000e+00	1.10000000e+01	2.20000000e+01
-383	8.67300000e+03	9.00000000e+00	1.10000000e+01	2.20000000e+01
-382	8.74500000e+03	9.00000000e+00	1.10000000e+01	2.20000000e+01
-381	8.83900000e+03	9.00000000e+00	1.10000000e+01	2.20000000e+01
-380	8.93900000e+03	9.00000000e+00	1.10000000e+01	2.20000000e+01
-379	9.06300000e+03	9.00000000e+00	1.10000000e+01	2.20000000e+01
-378	9.15000000e+03	9.00000000e+00	1.10000000e+01	2.20000000e+01
-377	9.26200000e+03	9.00000000e+00	1.10000000e+01	2.20000000e+01
-376	9.36200000e+03	9.00000000e+00	1.10000000e+01	2.20000000e+01
-375	9.45900000e+03	9.00000000e+00	1.10000000e+01	2.20000000e+01
-374	9.59300000e+03	9.00000000e+00	1.10000000e+01	2.20000000e+01
-373	9.69400000e+03	9.00000000e+00	1.10000000e+01	2.20000000e+01
-372	9.78900000e+03	9.00000000e+00	1.10000000e+01	2.20000000e+01
-371	9.86900000e+03	9.00000000e+00	1.10000000e+01	2.20000000e+01
-370	9.95200000e+03	9.00000000e+00	1.10000000e+01	2.20000000e+01
-369	1.00360000e+04	9.00000000e+00	1.10000000e+01	2.20000000e+01
-368	1.01720000e+04	9.00000000e+00	1.10000000e+01	2.20000000e+01
-367	1.02990000e+04	9.00000000e+00	1.10000000e+01	2.20000000e+01
-366	1.04220000e+04	9.00000000e+00	1.10000000e+01	2.20000000e+01
-365	1.05320000e+04	9.00000000e+00	1.10000000e+01	2.20000000e+01
-364	1.06390000e+04	9.00000000e+00	1.10000000e+01	2.20000000e+01
-363	1.07440000e+04	9.00000000e+00	1.10000000e+01	2.20000000e+01
-362	1.08470000e+04	9.00000000e+00	1.10000000e+01	2.20000000e+01
-361	1.09790000e+04	9.00000000e+00	1.10000000e+01	2.20000000e+01
-360	1.11290000e+04	9.00000000e+00	1.10000000e+01	2.20000000e+01
-359	1.12390000e+04	9.00000000e+00	1.10000000e+01	2.20000000e+01
-358	1.13700000e+04	9.00000000e+00	1.10000000e+01	2.20000000e+01
-357	1.14860000e+04	9.00000000e+00	1.10000000e+01	2.20000000e+01
-356	1.15910000e+04	9.00000000e+00	1.10000000e+01	2.20000000e+01
-355	1.17210000e+04	9.00000000e+00	1.10000000e+01	2.20000000e+01
-354	1.18330000e+04	9.00000000e+00	1.10000000e+01	2.20000000e+01
-353	1.19700000e+04	9.00000000e+00	1.10000000e+01	2.20000000e+01
-352	1.20730000e+04	9.00000000e+00	1.10000000e+01	2.20000000e+01
-351	1.21940000e+04	9.00000000e+00	1.10000000e+01	2.20000000e+01
-350	1.22810000e+04	9.00000000e+00	1.10000000e+01	2.20000000e+01
-349	1.23830000e+04	9.00000000e+00	1.10000000e+01	2.20000000e+01
-348	1.24520000e+04	9.00000000e+00	1.10000000e+01	2.20000000e+01
-347	1.25280000e+04	9.00000000e+00	1.10000000e+01	2.20000000e+01
-346	1.26500000e+04	9.00000000e+00	1.10000000e+01	2.40000000e+01
-345	1.27710000e+04	9.00000000e+00	1.10000000e+01	2.40000000e+01
-344	1.28530000e+04	9.00000000e+00	1.10000000e+01	2.40000000e+01
-343	1.29610000e+04	9.00000000e+00	1.10000000e+01	2.40000000e+01
-342	1.30630000e+04	9.00000000e+00	1.10000000e+01	2.40000000e+01
-341	1.31880000e+04	9.00000000e+00	1.10000000e+01	2.40000000e+01
-340	1.33170000e+04	9.00000000e+00	1.10000000e+01	2.40000000e+01
-339	1.34640000e+04	9.00000000e+00	1.10000000e+01	2.40000000e+01
-338	1.35770000e+04	9.00000000e+00	1.10000000e+01	2.60000000e+01
-337	1.36990000e+04	9.00000000e+00	1.10000000e+01	2.60000000e+01
-336	1.38320000e+04	9.00000000e+00	1.10000000e+01	2.60000000e+01
-335	1.40110000e+04	9.00000000e+00	1.10000000e+01	2.60000000e+01
-334	1.41930000e+04	9.00000000e+00	1.10000000e+01	2.60000000e+01
-333	1.43460000e+04	9.00000000e+00	1.10000000e+01	2.60000000e+01
-332	1.45430000e+04	9.00000000e+00	1.10000000e+01	2.60000000e+01
-331	1.46730000e+04	9.00000000e+00	1.10000000e+01	2.60000000e+01
-330	1.47800000e+04	8.00000000e+00	1.10000000e+01	2.80000000e+01
-329	1.49060000e+04	8.00000000e+00	1.10000000e+01	2.80000000e+01
-328	1.50290000e+04	8.00000000e+00	1.10000000e+01	2.80000000e+01
-327	1.51500000e+04	8.00000000e+00	1.10000000e+01	2.80000000e+01
-326	1.53090000e+04	8.00000000e+00	1.10000000e+01	2.80000000e+01
-325	1.55910000e+04	8.00000000e+00	1.10000000e+01	2.80000000e+01
-324	1.57380000e+04	8.00000000e+00	1.10000000e+01	2.80000000e+01
-323	1.58710000e+04	8.00000000e+00	1.10000000e+01	2.80000000e+01
-322	1.63860000e+04	9.00000000e+00	1.20000000e+01	3.60000000e+01
-321	1.72460000e+04	9.00000000e+00	1.30000000e+01	3.80000000e+01
-320	1.81190000e+04	9.00000000e+00	1.30000000e+01	3.80000000e+01
-319	1.91500000e+04	9.00000000e+00	1.30000000e+01	3.80000000e+01
-318	2.02020000e+04	9.00000000e+00	1.30000000e+01	3.80000000e+01
-317	2.10310000e+04	9.00000000e+00	1.30000000e+01	3.80000000e+01
-316	2.17850000e+04	9.00000000e+00	1.30000000e+01	3.80000000e+01
-315	2.25950000e+04	9.00000000e+00	1.30000000e+01	3.80000000e+01
-314	2.33500000e+04	9.00000000e+00	1.30000000e+01	3.80000000e+01
-313	2.41810000e+04	9.00000000e+00	1.30000000e+01	3.80000000e+01
-312	2.52080000e+04	9.00000000e+00	1.30000000e+01	3.80000000e+01
-311	2.63530000e+04	9.00000000e+00	1.30000000e+01	3.80000000e+01
-310	2.72160000e+04	9.00000000e+00	1.30000000e+01	3.80000000e+01
-309	2.80400000e+04	9.00000000e+00	1.30000000e+01	3.80000000e+01
-308	2.89280000e+04	9.00000000e+00	1.30000000e+01	3.80000000e+01
-307	2.98310000e+04	9.00000000e+00	1.30000000e+01	3.80000000e+01
-306	3.07530000e+04	9.00000000e+00	1.30000000e+01	3.80000000e+01
-305	3.16230000e+04	9.00000000e+00	1.30000000e+01	3.80000000e+01
-304	3.25660000e+04	9.00000000e+00	1.30000000e+01	3.80000000e+01
-303	3.35060000e+04	9.00000000e+00	1.30000000e+01	3.80000000e+01
-302	3.44130000e+04	9.00000000e+00	1.30000000e+01	3.80000000e+01
-301	3.51810000e+04	9.00000000e+00	1.30000000e+01	3.80000000e+01
-300	3.58350000e+04	9.00000000e+00	1.30000000e+01	3.80000000e+01
-299	3.67200000e+04	9.00000000e+00	1.30000000e+01	3.80000000e+01
-298	3.77130000e+04	9.00000000e+00	1.30000000e+01	3.80000000e+01
-297	3.86270000e+04	9.00000000e+00	1.30000000e+01	3.80000000e+01
-296	3.93920000e+04	9.00000000e+00	1.30000000e+01	3.80000000e+01
-295	4.01080000e+04	9.00000000e+00	1.30000000e+01	3.80000000e+01
-294	4.07670000e+04	9.00000000e+00	1.30000000e+01	3.80000000e+01
-293	4.13880000e+04	9.00000000e+00	1.30000000e+01	3.80000000e+01
-292	4.19610000e+04	9.00000000e+00	1.30000000e+01	3.80000000e+01
-291	4.27760000e+04	9.00000000e+00	1.30000000e+01	3.80000000e+01
-290	4.36380000e+04	9.00000000e+00	1.30000000e+01	3.80000000e+01
-289	4.43150000e+04	9.00000000e+00	1.30000000e+01	3.80000000e+01
-288	4.49490000e+04	9.00000000e+00	1.30000000e+01	3.80000000e+01
-287	4.57110000e+04	9.00000000e+00	1.30000000e+01	3.80000000e+01
-286	4.64770000e+04	1.10000000e+01	1.40000000e+01	4.00000000e+01
-285	4.73180000e+04	1.10000000e+01	1.40000000e+01	4.00000000e+01
-284	4.81220000e+04	1.10000000e+01	1.40000000e+01	4.00000000e+01
-283	4.88530000e+04	1.10000000e+01	1.40000000e+01	4.00000000e+01
-282	4.96320000e+04	1.10000000e+01	1.40000000e+01	4.00000000e+01
-281	5.04150000e+04	1.10000000e+01	1.40000000e+01	4.00000000e+01
-280	5.12150000e+04	1.10000000e+01	1.40000000e+01	4.00000000e+01
-279	5.19560000e+04	1.10000000e+01	1.40000000e+01	4.00000000e+01
-278	5.27410000e+04	1.10000000e+01	1.40000000e+01	4.00000000e+01
-277	5.36890000e+04	1.20000000e+01	1.50000000e+01	4.10000000e+01
-276	5.46330000e+04	1.30000000e+01	1.60000000e+01	4.20000000e+01
-275	5.53900000e+04	1.30000000e+01	1.60000000e+01	4.20000000e+01
-274	5.62280000e+04	1.30000000e+01	1.60000000e+01	4.20000000e+01
-273	5.69590000e+04	1.40000000e+01	1.70000000e+01	4.60000000e+01
-272	5.76810000e+04	1.40000000e+01	1.70000000e+01	4.60000000e+01
-271	5.84320000e+04	1.40000000e+01	1.70000000e+01	4.60000000e+01
-270	5.92520000e+04	1.40000000e+01	1.70000000e+01	4.60000000e+01
-269	6.00360000e+04	1.40000000e+01	1.70000000e+01	4.60000000e+01
-268	6.07160000e+04	1.40000000e+01	1.70000000e+01	4.60000000e+01
-267	6.14010000e+04	1.40000000e+01	1.70000000e+01	4.60000000e+01
-266	6.20820000e+04	1.40000000e+01	1.70000000e+01	4.60000000e+01
-265	6.27720000e+04	1.50000000e+01	1.80000000e+01	4.70000000e+01
-264	6.34310000e+04	1.50000000e+01	1.80000000e+01	4.70000000e+01
-263	6.41220000e+04	1.80000000e+01	2.00000000e+01	5.60000000e+01
-262	6.48880000e+04	1.80000000e+01	2.00000000e+01	5.60000000e+01
-261	6.55620000e+04	1.80000000e+01	2.00000000e+01	5.60000000e+01
-260	6.62660000e+04	1.80000000e+01	2.00000000e+01	5.60000000e+01
-259	6.68210000e+04	1.80000000e+01	2.00000000e+01	5.60000000e+01
-258	6.74120000e+04	1.80000000e+01	2.00000000e+01	5.60000000e+01
-257	6.80600000e+04	1.80000000e+01	2.20000000e+01	6.10000000e+01
-256	6.90240000e+04	1.80000000e+01	2.20000000e+01	6.10000000e+01
-255	6.99020000e+04	1.80000000e+01	2.20000000e+01	6.10000000e+01
-254	7.05590000e+04	2.00000000e+01	2.30000000e+01	6.20000000e+01
-253	7.13010000e+04	2.00000000e+01	2.30000000e+01	6.20000000e+01
-252	7.20650000e+04	2.00000000e+01	2.30000000e+01	6.20000000e+01
-251	7.29370000e+04	2.00000000e+01	2.30000000e+01	6.20000000e+01
-250	7.37570000e+04	2.00000000e+01	2.30000000e+01	6.20000000e+01
-249	7.46370000e+04	2.00000000e+01	2.30000000e+01	6.20000000e+01
-248	7.55900000e+04	2.00000000e+01	2.30000000e+01	6.20000000e+01
-247	7.64650000e+04	2.00000000e+01	2.30000000e+01	6.20000000e+01
-246	7.74680000e+04	2.00000000e+01	2.30000000e+01	6.20000000e+01
-245	7.84690000e+04	2.00000000e+01	2.40000000e+01	6.30000000e+01
-244	7.93540000e+04	2.00000000e+01	2.40000000e+01	6.30000000e+01
-243	8.01680000e+04	2.00000000e+01	2.40000000e+01	6.30000000e+01
-242	8.10780000e+04	2.00000000e+01	2.40000000e+01	6.30000000e+01
-241	8.22300000e+04	2.00000000e+01	2.40000000e+01	6.30000000e+01
-240	8.32810000e+04	2.00000000e+01	2.50000000e+01	6.60000000e+01
-239	8.42430000e+04	2.00000000e+01	2.50000000e+01	6.60000000e+01
-238	8.51350000e+04	2.00000000e+01	2.50000000e+01	6.60000000e+01
-237	8.60080000e+04	2.00000000e+01	2.50000000e+01	6.60000000e+01
-236	8.69330000e+04	2.10000000e+01	2.60000000e+01	6.70000000e+01
-235	8.77810000e+04	2.10000000e+01	2.60000000e+01	6.70000000e+01
-234	8.87250000e+04	2.30000000e+01	2.70000000e+01	6.90000000e+01
-233	8.97180000e+04	2.30000000e+01	2.70000000e+01	6.90000000e+01
-232	9.25320000e+04	2.30000000e+01	2.70000000e+01	6.90000000e+01
-231	9.41300000e+04	2.30000000e+01	2.70000000e+01	6.90000000e+01
-230	9.51380000e+04	2.30000000e+01	2.70000000e+01	6.90000000e+01
-229	9.61850000e+04	2.30000000e+01	2.70000000e+01	6.90000000e+01
-228	9.71070000e+04	2.30000000e+01	2.70000000e+01	6.90000000e+01
-227	9.84100000e+04	2.30000000e+01	2.70000000e+01	6.90000000e+01
-226	9.93660000e+04	2.30000000e+01	2.70000000e+01	6.90000000e+01
-225	1.00311000e+05	2.30000000e+01	2.70000000e+01	6.90000000e+01
-224	1.01239000e+05	2.30000000e+01	2.70000000e+01	6.90000000e+01
-223	1.02212000e+05	2.30000000e+01	2.70000000e+01	6.90000000e+01
-222	1.03105000e+05	2.30000000e+01	2.70000000e+01	6.90000000e+01
-221	1.04152000e+05	2.30000000e+01	2.70000000e+01	6.90000000e+01
-220	1.05442000e+05	2.30000000e+01	2.70000000e+01	6.90000000e+01
-219	1.06822000e+05	2.30000000e+01	2.70000000e+01	6.90000000e+01
-218	1.08217000e+05	2.30000000e+01	2.70000000e+01	6.90000000e+01
-217	1.09501000e+05	2.30000000e+01	2.70000000e+01	6.90000000e+01
-216	1.11140000e+05	2.30000000e+01	2.70000000e+01	6.90000000e+01
-215	1.12403000e+05	2.30000000e+01	2.70000000e+01	6.90000000e+01
-214	1.14146000e+05	2.30000000e+01	2.70000000e+01	6.90000000e+01
-213	1.16007000e+05	2.30000000e+01	2.70000000e+01	6.90000000e+01
-212	1.17386000e+05	2.30000000e+01	2.70000000e+01	6.90000000e+01
-211	1.18565000e+05	2.30000000e+01	2.70000000e+01	6.90000000e+01
-210	1.19655000e+05	2.30000000e+01	2.70000000e+01	6.90000000e+01
-209	1.20716000e+05	2.30000000e+01	2.70000000e+01	6.90000000e+01
-208	1.21627000e+05	2.30000000e+01	2.70000000e+01	6.90000000e+01
-207	1.22729000e+05	2.30000000e+01	2.70000000e+01	6.90000000e+01
-206	1.23937000e+05	2.30000000e+01	2.70000000e+01	6.90000000e+01
-205	1.24998000e+05	2.30000000e+01	2.70000000e+01	6.90000000e+01
-204	1.26048000e+05	2.30000000e+01	2.70000000e+01	6.90000000e+01
-203	1.26931000e+05	2.30000000e+01	2.70000000e+01	6.90000000e+01
-202	1.27891000e+05	2.30000000e+01	2.70000000e+01	6.90000000e+01
-201	1.28819000e+05	2.30000000e+01	2.70000000e+01	6.90000000e+01
-200	1.29845000e+05	2.30000000e+01	2.70000000e+01	6.90000000e+01
-199	1.30970000e+05	2.30000000e+01	2.70000000e+01	6.90000000e+01
-198	1.32109000e+05	2.30000000e+01	2.70000000e+01	6.90000000e+01
-197	1.33200000e+05	2.30000000e+01	2.70000000e+01	6.90000000e+01
-196	1.34479000e+05	2.30000000e+01	2.70000000e+01	6.90000000e+01
-195	1.35702000e+05	2.30000000e+01	2.70000000e+01	6.90000000e+01
-194	1.36779000e+05	2.30000000e+01	2.70000000e+01	6.90000000e+01
-193	1.37862000e+05	2.30000000e+01	2.70000000e+01	6.90000000e+01
-192	1.39314000e+05	2.30000000e+01	2.70000000e+01	6.90000000e+01
-191	1.40561000e+05	2.30000000e+01	2.70000000e+01	6.90000000e+01
-190	1.41844000e+05	2.30000000e+01	2.80000000e+01	7.00000000e+01
-189	1.43048000e+05	2.30000000e+01	2.80000000e+01	7.00000000e+01
-188	1.44241000e+05	2.30000000e+01	2.80000000e+01	7.00000000e+01
-187	1.45235000e+05	2.30000000e+01	2.80000000e+01	7.00000000e+01
-186	1.46463000e+05	2.30000000e+01	2.80000000e+01	7.00000000e+01
-185	1.47983000e+05	2.30000000e+01	2.80000000e+01	7.00000000e+01
-184	1.49586000e+05	2.30000000e+01	2.80000000e+01	7.00000000e+01
-183	1.51009000e+05	2.30000000e+01	2.80000000e+01	7.00000000e+01
-182	1.52454000e+05	2.30000000e+01	2.80000000e+01	7.00000000e+01
-181	1.53835000e+05	2.30000000e+01	2.80000000e+01	7.00000000e+01
-180	1.54995000e+05	2.30000000e+01	2.80000000e+01	7.00000000e+01
-179	1.56338000e+05	2.30000000e+01	2.80000000e+01	7.00000000e+01
-178	1.57981000e+05	2.30000000e+01	2.80000000e+01	7.00000000e+01
-177	1.59731000e+05	2.30000000e+01	2.80000000e+01	7.00000000e+01
-176	1.61940000e+05	2.30000000e+01	2.80000000e+01	7.00000000e+01
-175	1.64491000e+05	2.50000000e+01	2.90000000e+01	7.20000000e+01
-174	1.85819000e+05	3.00000000e+01	3.50000000e+01	8.20000000e+01
-173	1.98551000e+05	3.00000000e+01	3.70000000e+01	8.40000000e+01
-172	2.10539000e+05	3.30000000e+01	3.80000000e+01	8.50000000e+01
-171	2.22562000e+05	3.40000000e+01	4.20000000e+01	8.90000000e+01
-170	2.32541000e+05	3.60000000e+01	4.30000000e+01	9.00000000e+01
-169	2.39939000e+05	3.60000000e+01	4.30000000e+01	9.00000000e+01
-168	2.44990000e+05	3.70000000e+01	4.60000000e+01	9.40000000e+01
-167	2.49483000e+05	3.70000000e+01	5.00000000e+01	9.80000000e+01
-166	2.53074000e+05	3.70000000e+01	5.00000000e+01	9.80000000e+01
-165	2.57194000e+05	3.70000000e+01	5.00000000e+01	9.80000000e+01
-164	2.61310000e+05	3.70000000e+01	5.00000000e+01	9.80000000e+01
-163	2.64495000e+05	3.70000000e+01	5.00000000e+01	9.80000000e+01
-162	2.67345000e+05	3.70000000e+01	5.00000000e+01	9.80000000e+01
-161	2.69904000e+05	3.70000000e+01	5.10000000e+01	1.02000000e+02
-160	2.72593000e+05	3.90000000e+01	5.10000000e+01	1.03000000e+02
-159	2.75478000e+05	3.90000000e+01	5.10000000e+01	1.03000000e+02
-158	2.78702000e+05	4.00000000e+01	5.20000000e+01	1.06000000e+02
-157	2.82222000e+05	4.00000000e+01	5.20000000e+01	1.06000000e+02
-156	2.85296000e+05	4.00000000e+01	5.20000000e+01	1.06000000e+02
-155	2.88030000e+05	4.00000000e+01	5.20000000e+01	1.06000000e+02
-154	2.90857000e+05	4.00000000e+01	5.20000000e+01	1.06000000e+02
-153	2.93284000e+05	4.00000000e+01	5.20000000e+01	1.06000000e+02
-152	2.95339000e+05	4.00000000e+01	5.20000000e+01	1.06000000e+02
-151	2.97981000e+05	4.00000000e+01	5.20000000e+01	1.06000000e+02
-150	3.00860000e+05	4.00000000e+01	5.30000000e+01	1.07000000e+02
-149	3.03373000e+05	4.00000000e+01	5.30000000e+01	1.07000000e+02
-148	3.05729000e+05	4.00000000e+01	5.30000000e+01	1.07000000e+02
-147	3.07977000e+05	4.00000000e+01	5.30000000e+01	1.07000000e+02
-146	3.10286000e+05	4.00000000e+01	5.30000000e+01	1.07000000e+02
-145	3.12392000e+05	4.00000000e+01	5.30000000e+01	1.07000000e+02
-144	3.14601000e+05	4.10000000e+01	5.40000000e+01	1.10000000e+02
-143	3.16925000e+05	4.10000000e+01	5.40000000e+01	1.10000000e+02
-142	3.19246000e+05	4.30000000e+01	5.50000000e+01	1.11000000e+02
-141	3.21228000e+05	4.30000000e+01	5.50000000e+01	1.11000000e+02
-140	3.23356000e+05	4.30000000e+01	5.50000000e+01	1.11000000e+02
-139	3.25503000e+05	4.30000000e+01	5.50000000e+01	1.11000000e+02
-138	3.27548000e+05	4.30000000e+01	5.50000000e+01	1.11000000e+02
-137	3.29790000e+05	4.30000000e+01	5.50000000e+01	1.11000000e+02
-136	3.32110000e+05	4.30000000e+01	5.50000000e+01	1.11000000e+02
-135	3.34160000e+05	4.30000000e+01	5.50000000e+01	1.11000000e+02
-134	3.36384000e+05	4.30000000e+01	5.50000000e+01	1.11000000e+02
-133	3.38509000e+05	4.30000000e+01	5.50000000e+01	1.11000000e+02
-132	3.40733000e+05	4.60000000e+01	5.60000000e+01	1.12000000e+02
-131	3.42805000e+05	4.60000000e+01	5.60000000e+01	1.12000000e+02
-130	3.44724000e+05	4.60000000e+01	5.60000000e+01	1.12000000e+02
-129	3.46663000e+05	4.60000000e+01	5.60000000e+01	1.12000000e+02
-128	3.48568000e+05	4.60000000e+01	5.60000000e+01	1.12000000e+02
-127	3.50229000e+05	4.60000000e+01	5.60000000e+01	1.12000000e+02
-126	3.51728000e+05	4.60000000e+01	5.60000000e+01	1.12000000e+02
-125	3.53264000e+05	4.60000000e+01	5.60000000e+01	1.12000000e+02
-124	3.54940000e+05	4.60000000e+01	5.60000000e+01	1.12000000e+02
-123	3.56674000e+05	4.60000000e+01	5.60000000e+01	1.12000000e+02
-122	3.58280000e+05	4.60000000e+01	5.60000000e+01	1.12000000e+02
-121	3.59830000e+05	4.60000000e+01	5.60000000e+01	1.12000000e+02
-120	3.61220000e+05	4.60000000e+01	5.60000000e+01	1.12000000e+02
-119	3.62674000e+05	4.60000000e+01	5.60000000e+01	1.12000000e+02
-118	3.64087000e+05	4.60000000e+01	5.60000000e+01	1.12000000e+02
-117	3.65444000e+05	4.60000000e+01	5.60000000e+01	1.12000000e+02
-116	3.66814000e+05	4.70000000e+01	5.70000000e+01	1.13000000e+02
-115	3.66814000e+05	4.80000000e+01	5.80000000e+01	1.14000000e+02
-114	3.68173000e+05	4.80000000e+01	5.80000000e+01	1.14000000e+02
-113	3.68173000e+05	4.80000000e+01	5.80000000e+01	1.14000000e+02
-112	3.68173000e+05	4.80000000e+01	5.80000000e+01	1.14000000e+02
-111	3.68173000e+05	4.80000000e+01	5.80000000e+01	1.14000000e+02
-110	3.68173000e+05	4.80000000e+01	5.80000000e+01	1.14000000e+02
-109	3.68173000e+05	4.80000000e+01	5.80000000e+01	1.14000000e+02
-108	3.73608000e+05	4.80000000e+01	5.80000000e+01	1.14000000e+02
-107	3.77464000e+05	4.80000000e+01	5.80000000e+01	1.14000000e+02
-106	3.80942000e+05	4.80000000e+01	5.80000000e+01	1.14000000e+02
-105	3.83601000e+05	4.60000000e+01	6.00000000e+01	1.16000000e+02
-104	3.86004000e+05	4.60000000e+01	6.00000000e+01	1.16000000e+02
-103	3.88388000e+05	4.60000000e+01	6.00000000e+01	1.16000000e+02
-102	3.91074000e+05	4.60000000e+01	6.00000000e+01	1.16000000e+02
-101	3.95373000e+05	5.30000000e+01	6.20000000e+01	1.19000000e+02
-100	3.98203000e+05	5.40000000e+01	6.40000000e+01	1.21000000e+02
-99	4.01594000e+05	5.30000000e+01	6.70000000e+01	1.24000000e+02
-98	4.03705000e+05	5.30000000e+01	6.70000000e+01	1.24000000e+02
-97	4.05589000e+05	5.30000000e+01	6.80000000e+01	1.25000000e+02
-96	4.07491000e+05	5.30000000e+01	6.80000000e+01	1.25000000e+02
-95	4.09326000e+05	5.30000000e+01	6.80000000e+01	1.25000000e+02
-94	4.11529000e+05	5.30000000e+01	6.80000000e+01	1.25000000e+02
-93	4.14257000e+05	5.30000000e+01	6.80000000e+01	1.25000000e+02
-92	4.14257000e+05	5.30000000e+01	6.80000000e+01	1.25000000e+02
-91	4.14257000e+05	5.30000000e+01	6.80000000e+01	1.25000000e+02
-90	4.14257000e+05	5.30000000e+01	6.80000000e+01	1.25000000e+02
-89	4.16484000e+05	5.50000000e+01	7.00000000e+01	1.27000000e+02
-88	4.18668000e+05	5.90000000e+01	7.40000000e+01	1.32000000e+02
-87	4.21633000e+05	5.90000000e+01	7.40000000e+01	1.32000000e+02
-86	4.23763000e+05	5.90000000e+01	7.40000000e+01	1.32000000e+02
-85	4.25705000e+05	5.90000000e+01	7.40000000e+01	1.32000000e+02
-84	4.27647000e+05	5.90000000e+01	7.40000000e+01	1.32000000e+02
-83	4.29484000e+05	5.90000000e+01	7.40000000e+01	1.32000000e+02
-82	4.31184000e+05	5.90000000e+01	7.40000000e+01	1.32000000e+02
-81	4.33088000e+05	5.60000000e+01	7.50000000e+01	1.33000000e+02
-80	4.35086000e+05	5.60000000e+01	7.50000000e+01	1.33000000e+02
-79	4.37062000e+05	5.80000000e+01	7.60000000e+01	1.34000000e+02
-78	4.39169000e+05	5.80000000e+01	7.60000000e+01	1.34000000e+02
-77	4.41011000e+05	5.80000000e+01	7.60000000e+01	1.34000000e+02
-76	4.42901000e+05	5.80000000e+01	7.60000000e+01	1.34000000e+02
-75	4.44678000e+05	5.80000000e+01	7.60000000e+01	1.34000000e+02
-74	4.46521000e+05	5.80000000e+01	7.70000000e+01	1.35000000e+02
-73	4.48465000e+05	5.80000000e+01	7.80000000e+01	1.36000000e+02
-72	4.50393000e+05	5.80000000e+01	7.80000000e+01	1.36000000e+02
-71	4.52380000e+05	5.80000000e+01	7.80000000e+01	1.36000000e+02
-70	4.54387000e+05	5.80000000e+01	7.80000000e+01	1.36000000e+02
-69	4.56365000e+05	5.80000000e+01	7.80000000e+01	1.36000000e+02
-68	4.58526000e+05	5.80000000e+01	7.80000000e+01	1.36000000e+02
-67	4.61201000e+05	5.80000000e+01	7.80000000e+01	1.36000000e+02
-66	4.63811000e+05	5.80000000e+01	7.80000000e+01	1.36000000e+02
-65	4.66116000e+05	6.10000000e+01	8.00000000e+01	1.38000000e+02
-64	4.68433000e+05	6.10000000e+01	8.00000000e+01	1.38000000e+02
-63	4.71020000e+05	6.10000000e+01	8.00000000e+01	1.38000000e+02
-62	4.73171000e+05	6.10000000e+01	8.00000000e+01	1.38000000e+02
-61	4.75797000e+05	6.10000000e+01	8.00000000e+01	1.38000000e+02
-60	4.75797000e+05	6.20000000e+01	8.10000000e+01	1.39000000e+02
-59	4.78168000e+05	6.20000000e+01	8.10000000e+01	1.39000000e+02
-58	4.80075000e+05	6.20000000e+01	8.10000000e+01	1.39000000e+02
-57	4.81821000e+05	6.20000000e+01	8.10000000e+01	1.39000000e+02
-56	4.83546000e+05	6.20000000e+01	8.10000000e+01	1.39000000e+02
-55	4.85478000e+05	6.20000000e+01	8.10000000e+01	1.39000000e+02
-54	4.87126000e+05	6.20000000e+01	8.10000000e+01	1.39000000e+02
-53	4.87126000e+05	6.20000000e+01	8.10000000e+01	1.39000000e+02
-52	4.89070000e+05	6.20000000e+01	8.10000000e+01	1.39000000e+02
-51	4.90744000e+05	6.20000000e+01	8.10000000e+01	1.39000000e+02
-50	4.93180000e+05	6.50000000e+01	8.20000000e+01	1.40000000e+02
-49	4.95660000e+05	6.20000000e+01	8.30000000e+01	1.41000000e+02
-48	4.97968000e+05	6.20000000e+01	8.30000000e+01	1.41000000e+02
-47	5.00500000e+05	6.30000000e+01	8.40000000e+01	1.42000000e+02
-46	5.03166000e+05	6.30000000e+01	8.40000000e+01	1.42000000e+02
-45	5.06138000e+05	6.30000000e+01	8.40000000e+01	1.42000000e+02
-44	5.08584000e+05	6.30000000e+01	8.40000000e+01	1.42000000e+02
-43	5.10625000e+05	6.30000000e+01	8.40000000e+01	1.42000000e+02
-42	5.12774000e+05	6.30000000e+01	8.40000000e+01	1.42000000e+02
-41	5.15150000e+05	6.30000000e+01	8.40000000e+01	1.42000000e+02
-40	5.17939000e+05	6.30000000e+01	8.40000000e+01	1.42000000e+02
-39	5.20995000e+05	6.30000000e+01	8.50000000e+01	1.43000000e+02
-38	5.24042000e+05	6.30000000e+01	8.50000000e+01	1.43000000e+02
-37	5.26116000e+05	7.30000000e+01	8.70000000e+01	1.47000000e+02
-36	5.28193000e+05	6.80000000e+01	8.70000000e+01	1.49000000e+02
-35	5.30314000e+05	6.80000000e+01	8.70000000e+01	1.49000000e+02
-34	5.32400000e+05	6.80000000e+01	8.70000000e+01	1.49000000e+02
-33	5.34744000e+05	6.80000000e+01	8.90000000e+01	1.51000000e+02
-32	5.37141000e+05	6.80000000e+01	8.90000000e+01	1.51000000e+02
-31	5.39556000e+05	6.80000000e+01	8.90000000e+01	1.51000000e+02
-30	5.41943000e+05	6.80000000e+01	8.90000000e+01	1.51000000e+02
-29	5.44413000e+05	6.80000000e+01	8.90000000e+01	1.51000000e+02
-28	5.46989000e+05	6.90000000e+01	9.00000000e+01	1.52000000e+02
-27	5.49821000e+05	6.90000000e+01	9.00000000e+01	1.52000000e+02
-26	5.52605000e+05	6.90000000e+01	9.00000000e+01	1.52000000e+02
-25	5.60948000e+05	6.90000000e+01	9.00000000e+01	1.52000000e+02
-24	5.70752000e+05	7.80000000e+01	9.20000000e+01	1.54000000e+02
-23	5.88821000e+05	7.50000000e+01	9.60000000e+01	1.58000000e+02
-22	6.05220000e+05	7.50000000e+01	9.60000000e+01	1.58000000e+02
-21	6.19885000e+05	7.50000000e+01	9.60000000e+01	1.58000000e+02
-20	6.34280000e+05	8.10000000e+01	9.90000000e+01	1.61000000e+02
-19	6.59373000e+05	8.00000000e+01	1.01000000e+02	1.63000000e+02
-18	6.83247000e+05	8.00000000e+01	1.01000000e+02	1.63000000e+02
-17	7.12419000e+05	8.90000000e+01	1.03000000e+02	1.68000000e+02
-16	7.35128000e+05	9.40000000e+01	1.10000000e+02	1.80000000e+02
-15	7.54840000e+05	9.40000000e+01	1.10000000e+02	1.80000000e+02
-14	7.75933000e+05	9.30000000e+01	1.11000000e+02	1.81000000e+02
-13	7.92182000e+05	9.70000000e+01	1.12000000e+02	1.83000000e+02
-12	8.13103000e+05	9.50000000e+01	1.13000000e+02	1.84000000e+02
-11	8.37221000e+05	1.07000000e+02	1.22000000e+02	1.93000000e+02
-10	8.62989000e+05	1.09000000e+02	1.30000000e+02	2.01000000e+02
-9	8.81683000e+05	1.14000000e+02	1.32000000e+02	2.04000000e+02
-8	8.99374000e+05	1.10000000e+02	1.33000000e+02	2.05000000e+02
-7	9.19485000e+05	1.17000000e+02	1.37000000e+02	2.09000000e+02
-6	9.46039000e+05	1.36000000e+02	1.57000000e+02	2.33000000e+02
-5	9.69358000e+05	1.42000000e+02	1.67000000e+02	2.45000000e+02
-4	9.99762000e+05	1.49000000e+02	1.77000000e+02	2.56000000e+02
-3	1.03294400e+06	1.52000000e+02	1.79000000e+02	2.58000000e+02
-2	1.06967800e+06	1.69000000e+02	1.96000000e+02	2.83000000e+02
-1	1.09974600e+06	1.89000000e+02	2.11000000e+02	3.00000000e+02
0	1.13425300e+06	2.15000000e+02	2.36000000e+02	3.36000000e+02
1	1.22269700e+06	2.50000000e+02	2.87000000e+02	3.90000000e+02
2	1.30505900e+06	3.00000000e+02	3.28000000e+02	4.38000000e+02
3	1.37684200e+06	3.55000000e+02	3.93000000e+02	5.17000000e+02
4	1.44685700e+06	4.03000000e+02	4.57000000e+02	6.07000000e+02
5	1.49656700e+06	4.18000000e+02	4.76000000e+02	6.29000000e+02
6	1.52944000e+06	4.37000000e+02	4.80000000e+02	6.34000000e+02
7	1.55757500e+06	4.16000000e+02	4.84000000e+02	6.40000000e+02
8	1.58815800e+06	4.28000000e+02	4.90000000e+02	6.53000000e+02
9	1.58815800e+06	4.49000000e+02	4.97000000e+02	6.63000000e+02
10	1.58815800e+06	4.37000000e+02	4.98000000e+02	6.65000000e+02
11	1.62073700e+06	4.60000000e+02	5.05000000e+02	6.75000000e+02
12	1.64142600e+06	4.48000000e+02	5.10000000e+02	6.82000000e+02
13	1.65995500e+06	4.60000000e+02	5.19000000e+02	6.92000000e+02
14	1.67571300e+06	4.59000000e+02	5.27000000e+02	7.01000000e+02
15	1.69167200e+06	4.69000000e+02	5.35000000e+02	7.10000000e+02
16	1.71284600e+06	4.65000000e+02	5.46000000e+02	7.23000000e+02
17	1.73726500e+06	4.76000000e+02	5.51000000e+02	7.28000000e+02
18	1.75569000e+06	4.67000000e+02	5.59000000e+02	7.42000000e+02
19	1.76872700e+06	4.89000000e+02	5.69000000e+02	7.54000000e+02
20	1.78138100e+06	4.89000000e+02	5.83000000e+02	7.78000000e+02
21	1.79346800e+06	4.94000000e+02	5.89000000e+02	7.87000000e+02
22	1.80486800e+06	4.97000000e+02	5.94000000e+02	7.92000000e+02
23	1.81855800e+06	5.03000000e+02	6.04000000e+02	8.02000000e+02
24	1.83347500e+06	5.08000000e+02	6.09000000e+02	8.07000000e+02
25	1.83347500e+06	5.12000000e+02	6.15000000e+02	8.13000000e+02
26	1.84328300e+06	5.18000000e+02	6.24000000e+02	8.22000000e+02
27	1.85188000e+06	5.17000000e+02	6.27000000e+02	8.25000000e+02
28	1.86063200e+06	5.27000000e+02	6.31000000e+02	8.29000000e+02
29	1.87007000e+06	5.26000000e+02	6.36000000e+02	8.36000000e+02
30	1.88048700e+06	5.26000000e+02	6.36000000e+02	8.36000000e+02
31	1.89182200e+06	5.25000000e+02	6.39000000e+02	8.39000000e+02
32	1.90356400e+06	5.25000000e+02	6.44000000e+02	8.46000000e+02
33	1.91162900e+06	5.25000000e+02	6.44000000e+02	8.46000000e+02
34	1.91883500e+06	5.26000000e+02	6.45000000e+02	8.47000000e+02
35	1.92655600e+06	5.28000000e+02	6.49000000e+02	8.51000000e+02
36	1.93392500e+06	5.24000000e+02	6.50000000e+02	8.54000000e+02
37	1.94266700e+06	5.33000000e+02	6.53000000e+02	8.57000000e+02
38	1.95251500e+06	5.26000000e+02	6.61000000e+02	8.66000000e+02
39	1.96091300e+06	5.38000000e+02	6.63000000e+02	8.68000000e+02
40	1.96091300e+06	5.41000000e+02	6.65000000e+02	8.72000000e+02
41	1.96666400e+06	5.35000000e+02	6.67000000e+02	8.74000000e+02
42	1.97195100e+06	5.36000000e+02	6.69000000e+02	8.80000000e+02
43	1.97812400e+06	5.43000000e+02	6.70000000e+02	8.81000000e+02
44	1.98583100e+06	5.38000000e+02	6.73000000e+02	8.84000000e+02
45	1.99374200e+06	5.58000000e+02	6.75000000e+02	8.86000000e+02
46	2.00020000e+06	5.51000000e+02	6.82000000e+02	8.95000000e+02
47	2.00548100e+06	5.51000000e+02	6.82000000e+02	8.95000000e+02
48	2.01041000e+06	5.56000000e+02	6.87000000e+02	9.00000000e+02
49	2.01602800e+06	5.52000000e+02	6.93000000e+02	9.07000000e+02
50	2.02194700e+06	5.53000000e+02	6.94000000e+02	9.09000000e+02
51	2.02809200e+06	5.53000000e+02	6.94000000e+02	9.09000000e+02
52	2.03431400e+06	5.68000000e+02	6.96000000e+02	9.11000000e+02
53	2.04027700e+06	5.63000000e+02	6.97000000e+02	9.12000000e+02
54	2.04481000e+06	5.60000000e+02	7.00000000e+02	9.15000000e+02
55	2.04901500e+06	5.69000000e+02	7.01000000e+02	9.16000000e+02
56	2.05321900e+06	5.69000000e+02	7.01000000e+02	9.16000000e+02
57	2.05812300e+06	5.60000000e+02	7.05000000e+02	9.22000000e+02
58	2.06404200e+06	5.60000000e+02	7.05000000e+02	9.22000000e+02
59	2.06955200e+06	5.60000000e+02	7.05000000e+02	9.22000000e+02
60	2.07461100e+06	5.60000000e+02	7.05000000e+02	9.22000000e+02
61	2.07929500e+06	5.70000000e+02	7.07000000e+02	9.24000000e+02
62	2.08416400e+06	5.71000000e+02	7.09000000e+02	9.27000000e+02
63	2.08999000e+06	5.67000000e+02	7.11000000e+02	9.29000000e+02
64	2.09673600e+06	5.69000000e+02	7.12000000e+02	9.30000000e+02
65	2.10393500e+06	5.71000000e+02	7.13000000e+02	9.31000000e+02
66	2.11064200e+06	5.71000000e+02	7.13000000e+02	9.31000000e+02
67	2.11660300e+06	5.71000000e+02	7.13000000e+02	9.31000000e+02
68	2.12141300e+06	5.80000000e+02	7.14000000e+02	9.33000000e+02
69	2.12584200e+06	5.80000000e+02	7.14000000e+02	9.33000000e+02
70	2.12991900e+06	5.68000000e+02	7.17000000e+02	9.36000000e+02
71	2.13459900e+06	5.87000000e+02	7.25000000e+02	9.47000000e+02
72	2.13998700e+06	5.86000000e+02	7.28000000e+02	9.50000000e+02
73	2.14510300e+06	5.86000000e+02	7.28000000e+02	9.50000000e+02
74	2.14996800e+06	5.90000000e+02	7.29000000e+02	9.51000000e+02
75	2.15408100e+06	5.95000000e+02	7.30000000e+02	9.52000000e+02
76	2.15812700e+06	5.85000000e+02	7.31000000e+02	9.54000000e+02
77	2.16207400e+06	5.85000000e+02	7.31000000e+02	9.54000000e+02
78	2.16656300e+06	5.85000000e+02	7.31000000e+02	9.54000000e+02
79	2.17140600e+06	5.85000000e+02	7.31000000e+02	9.54000000e+02
80	2.17721800e+06	5.85000000e+02	7.31000000e+02	9.54000000e+02
81	2.18251900e+06	5.82000000e+02	7.36000000e+02	9.59000000e+02
82	2.18665200e+06	5.82000000e+02	7.36000000e+02	9.59000000e+02
83	2.19111000e+06	5.91000000e+02	7.38000000e+02	9.61000000e+02
84	2.19559700e+06	6.02000000e+02	7.40000000e+02	9.63000000e+02
85	2.19990700e+06	5.95000000e+02	7.42000000e+02	9.66000000e+02
86	2.20433400e+06	5.95000000e+02	7.42000000e+02	9.66000000e+02
87	2.21034500e+06	5.91000000e+02	7.46000000e+02	9.76000000e+02
88	2.21549000e+06	5.95000000e+02	7.49000000e+02	9.81000000e+02
89	2.22011800e+06	5.93000000e+02	7.51000000e+02	9.83000000e+02
90	2.22468000e+06	5.98000000e+02	7.54000000e+02	9.87000000e+02
91	2.23009500e+06	6.16000000e+02	7.57000000e+02	9.90000000e+02
92	2.23560600e+06	6.11000000e+02	7.60000000e+02	9.93000000e+02
93	2.24170900e+06	6.18000000e+02	7.65000000e+02	9.98000000e+02
94	2.24736100e+06	5.70000000e+02	7.67000000e+02	1.00000000e+03
95	2.25191800e+06	5.70000000e+02	7.69000000e+02	1.00300000e+03
96	2.25589700e+06	5.73000000e+02	7.73000000e+02	1.00700000e+03
97	2.25968600e+06	5.73000000e+02	7.73000000e+02	1.00700000e+03
98	2.26344500e+06	5.74000000e+02	7.74000000e+02	1.00900000e+03
99	2.26768700e+06	5.77000000e+02	7.77000000e+02	1.01200000e+03
100	2.27248300e+06	5.77000000e+02	7.77000000e+02	1.01200000e+03
