Day_(movie_time)	Views	Users	Rigor	Edits
-460	0.00000000e+00	0.00000000e+00	0.00000000e+00	0.00000000e+00
-459	0.00000000e+00	0.00000000e+00	0.00000000e+00	0.00000000e+00
-458	0.00000000e+00	0.00000000e+00	0.00000000e+00	0.00000000e+00
-457	0.00000000e+00	0.00000000e+00	0.00000000e+00	0.00000000e+00
-456	0.00000000e+00	0.00000000e+00	0.00000000e+00	0.00000000e+00
-455	0.00000000e+00	0.00000000e+00	0.00000000e+00	0.00000000e+00
-454	0.00000000e+00	0.00000000e+00	0.00000000e+00	0.00000000e+00
-453	0.00000000e+00	0.00000000e+00	0.00000000e+00	0.00000000e+00
-452	0.00000000e+00	0.00000000e+00	0.00000000e+00	0.00000000e+00
-451	0.00000000e+00	0.00000000e+00	0.00000000e+00	0.00000000e+00
-450	0.00000000e+00	0.00000000e+00	0.00000000e+00	0.00000000e+00
-449	0.00000000e+00	0.00000000e+00	0.00000000e+00	0.00000000e+00
-448	0.00000000e+00	0.00000000e+00	0.00000000e+00	0.00000000e+00
-447	0.00000000e+00	0.00000000e+00	0.00000000e+00	0.00000000e+00
-446	0.00000000e+00	0.00000000e+00	0.00000000e+00	0.00000000e+00
-445	0.00000000e+00	0.00000000e+00	0.00000000e+00	0.00000000e+00
-444	0.00000000e+00	0.00000000e+00	0.00000000e+00	0.00000000e+00
-443	0.00000000e+00	0.00000000e+00	0.00000000e+00	0.00000000e+00
-442	1.30000000e+01	0.00000000e+00	0.00000000e+00	0.00000000e+00
-441	3.00000000e+01	0.00000000e+00	0.00000000e+00	0.00000000e+00
-440	4.40000000e+01	0.00000000e+00	0.00000000e+00	0.00000000e+00
-439	6.50000000e+01	0.00000000e+00	0.00000000e+00	0.00000000e+00
-438	8.60000000e+01	0.00000000e+00	0.00000000e+00	0.00000000e+00
-437	1.05000000e+02	0.00000000e+00	0.00000000e+00	0.00000000e+00
-436	1.21000000e+02	0.00000000e+00	0.00000000e+00	0.00000000e+00
-435	1.27000000e+02	0.00000000e+00	0.00000000e+00	0.00000000e+00
-434	1.43000000e+02	0.00000000e+00	0.00000000e+00	0.00000000e+00
-433	1.56000000e+02	0.00000000e+00	0.00000000e+00	0.00000000e+00
-432	1.80000000e+02	0.00000000e+00	0.00000000e+00	0.00000000e+00
-431	2.09000000e+02	0.00000000e+00	0.00000000e+00	0.00000000e+00
-430	2.32000000e+02	0.00000000e+00	0.00000000e+00	0.00000000e+00
-429	3.53000000e+02	1.00000000e+00	1.00000000e+00	2.00000000e+00
-428	4.96000000e+02	1.00000000e+00	1.00000000e+00	2.00000000e+00
-427	6.50000000e+02	1.00000000e+00	1.00000000e+00	2.00000000e+00
-426	7.81000000e+02	1.00000000e+00	1.00000000e+00	2.00000000e+00
-425	9.92000000e+02	1.00000000e+00	1.00000000e+00	2.00000000e+00
-424	1.21000000e+03	1.00000000e+00	1.00000000e+00	2.00000000e+00
-423	1.37100000e+03	1.00000000e+00	1.00000000e+00	2.00000000e+00
-422	1.48700000e+03	1.00000000e+00	1.00000000e+00	2.00000000e+00
-421	1.62100000e+03	1.00000000e+00	1.00000000e+00	2.00000000e+00
-420	1.77600000e+03	1.00000000e+00	1.00000000e+00	2.00000000e+00
-419	1.93600000e+03	1.00000000e+00	1.00000000e+00	2.00000000e+00
-418	2.10500000e+03	1.00000000e+00	1.00000000e+00	2.00000000e+00
-417	2.32600000e+03	1.00000000e+00	1.00000000e+00	2.00000000e+00
-416	2.60000000e+03	2.00000000e+00	2.00000000e+00	1.30000000e+01
-415	2.86900000e+03	2.00000000e+00	2.00000000e+00	1.30000000e+01
-414	3.16900000e+03	2.00000000e+00	2.00000000e+00	1.30000000e+01
-413	3.44900000e+03	2.00000000e+00	2.00000000e+00	1.30000000e+01
-412	3.74200000e+03	3.00000000e+00	3.00000000e+00	1.40000000e+01
-411	4.08400000e+03	3.00000000e+00	3.00000000e+00	1.40000000e+01
-410	4.43300000e+03	5.00000000e+00	4.00000000e+00	1.50000000e+01
-409	4.73800000e+03	5.00000000e+00	4.00000000e+00	1.50000000e+01
-408	4.99700000e+03	5.00000000e+00	4.00000000e+00	1.50000000e+01
-407	5.31600000e+03	5.00000000e+00	4.00000000e+00	1.50000000e+01
-406	5.59500000e+03	5.00000000e+00	4.00000000e+00	1.50000000e+01
-405	5.85300000e+03	5.00000000e+00	4.00000000e+00	1.50000000e+01
-404	6.15700000e+03	5.00000000e+00	5.00000000e+00	1.60000000e+01
-403	6.52100000e+03	5.00000000e+00	5.00000000e+00	1.60000000e+01
-402	6.82600000e+03	5.00000000e+00	5.00000000e+00	1.60000000e+01
-401	7.08200000e+03	5.00000000e+00	5.00000000e+00	1.60000000e+01
-400	7.30700000e+03	6.00000000e+00	6.00000000e+00	1.70000000e+01
-399	7.56100000e+03	6.00000000e+00	6.00000000e+00	1.70000000e+01
-398	7.84200000e+03	6.00000000e+00	6.00000000e+00	1.70000000e+01
-397	8.07100000e+03	6.00000000e+00	6.00000000e+00	1.70000000e+01
-396	8.45500000e+03	6.00000000e+00	6.00000000e+00	1.70000000e+01
-395	8.75100000e+03	6.00000000e+00	6.00000000e+00	1.70000000e+01
-394	8.99900000e+03	6.00000000e+00	6.00000000e+00	1.70000000e+01
-393	9.22100000e+03	6.00000000e+00	6.00000000e+00	1.70000000e+01
-392	9.48000000e+03	6.00000000e+00	6.00000000e+00	1.70000000e+01
-391	9.76200000e+03	6.00000000e+00	6.00000000e+00	1.70000000e+01
-390	1.00750000e+04	6.00000000e+00	6.00000000e+00	1.70000000e+01
-389	1.03960000e+04	8.00000000e+00	7.00000000e+00	1.80000000e+01
-388	1.07290000e+04	8.00000000e+00	7.00000000e+00	1.80000000e+01
-387	1.10550000e+04	8.00000000e+00	7.00000000e+00	1.80000000e+01
-386	1.14040000e+04	6.00000000e+00	8.00000000e+00	1.90000000e+01
-385	1.16630000e+04	1.00000000e+01	1.00000000e+01	2.10000000e+01
-384	1.19790000e+04	1.00000000e+01	1.00000000e+01	2.10000000e+01
-383	1.23530000e+04	1.00000000e+01	1.00000000e+01	2.10000000e+01
-382	1.26970000e+04	8.00000000e+00	1.10000000e+01	2.20000000e+01
-381	1.30450000e+04	8.00000000e+00	1.10000000e+01	2.20000000e+01
-380	1.34060000e+04	8.00000000e+00	1.10000000e+01	2.20000000e+01
-379	1.38430000e+04	1.00000000e+01	1.20000000e+01	2.40000000e+01
-378	1.42430000e+04	1.00000000e+01	1.20000000e+01	2.40000000e+01
-377	1.47550000e+04	1.00000000e+01	1.20000000e+01	2.40000000e+01
-376	1.52660000e+04	1.00000000e+01	1.20000000e+01	2.40000000e+01
-375	1.57400000e+04	1.00000000e+01	1.20000000e+01	2.40000000e+01
-374	1.62250000e+04	1.00000000e+01	1.20000000e+01	2.50000000e+01
-373	1.66100000e+04	1.00000000e+01	1.20000000e+01	2.50000000e+01
-372	1.69730000e+04	1.00000000e+01	1.20000000e+01	2.50000000e+01
-371	1.73680000e+04	1.00000000e+01	1.20000000e+01	2.50000000e+01
-370	1.78410000e+04	1.00000000e+01	1.20000000e+01	2.50000000e+01
-369	1.83750000e+04	9.00000000e+00	1.30000000e+01	2.60000000e+01
-368	1.88330000e+04	9.00000000e+00	1.30000000e+01	2.60000000e+01
-367	1.91830000e+04	9.00000000e+00	1.30000000e+01	2.60000000e+01
-366	1.95900000e+04	9.00000000e+00	1.30000000e+01	2.60000000e+01
-365	2.00660000e+04	9.00000000e+00	1.30000000e+01	2.60000000e+01
-364	2.05660000e+04	1.10000000e+01	1.40000000e+01	2.70000000e+01
-363	2.09800000e+04	1.10000000e+01	1.40000000e+01	2.70000000e+01
-362	2.14530000e+04	1.10000000e+01	1.40000000e+01	2.70000000e+01
-361	2.18830000e+04	1.10000000e+01	1.40000000e+01	2.70000000e+01
-360	2.23840000e+04	1.10000000e+01	1.40000000e+01	2.70000000e+01
-359	2.27490000e+04	1.10000000e+01	1.40000000e+01	2.70000000e+01
-358	2.30840000e+04	1.10000000e+01	1.40000000e+01	2.70000000e+01
-357	2.34320000e+04	1.10000000e+01	1.40000000e+01	2.70000000e+01
-356	2.37370000e+04	1.30000000e+01	1.50000000e+01	2.80000000e+01
-355	2.41120000e+04	1.30000000e+01	1.50000000e+01	2.80000000e+01
-354	2.45440000e+04	1.30000000e+01	1.50000000e+01	2.80000000e+01
-353	2.49550000e+04	1.30000000e+01	1.50000000e+01	2.80000000e+01
-352	2.52980000e+04	1.30000000e+01	1.50000000e+01	2.80000000e+01
-351	2.56620000e+04	1.30000000e+01	1.50000000e+01	2.80000000e+01
-350	2.60170000e+04	1.30000000e+01	1.50000000e+01	2.80000000e+01
-349	2.63890000e+04	1.30000000e+01	1.50000000e+01	2.80000000e+01
-348	2.68640000e+04	1.30000000e+01	1.50000000e+01	2.80000000e+01
-347	2.72650000e+04	1.30000000e+01	1.50000000e+01	2.80000000e+01
-346	2.76250000e+04	1.30000000e+01	1.50000000e+01	2.80000000e+01
-345	2.80250000e+04	1.30000000e+01	1.50000000e+01	2.80000000e+01
-344	2.83400000e+04	1.30000000e+01	1.50000000e+01	2.80000000e+01
-343	2.86810000e+04	1.50000000e+01	1.60000000e+01	2.90000000e+01
-342	2.89910000e+04	1.50000000e+01	1.60000000e+01	2.90000000e+01
-341	2.93620000e+04	1.50000000e+01	1.60000000e+01	2.90000000e+01
-340	2.98420000e+04	1.50000000e+01	1.60000000e+01	2.90000000e+01
-339	3.01700000e+04	1.50000000e+01	1.60000000e+01	2.90000000e+01
-338	3.04850000e+04	1.50000000e+01	1.60000000e+01	2.90000000e+01
-337	3.08010000e+04	1.50000000e+01	1.60000000e+01	2.90000000e+01
-336	3.10680000e+04	1.50000000e+01	1.60000000e+01	2.90000000e+01
-335	3.14270000e+04	1.50000000e+01	1.60000000e+01	2.90000000e+01
-334	3.18100000e+04	1.50000000e+01	1.60000000e+01	2.90000000e+01
-333	3.22560000e+04	1.50000000e+01	1.60000000e+01	2.90000000e+01
-332	3.27300000e+04	1.50000000e+01	1.60000000e+01	2.90000000e+01
-331	3.32930000e+04	1.50000000e+01	1.60000000e+01	2.90000000e+01
-330	3.37650000e+04	1.70000000e+01	1.80000000e+01	3.10000000e+01
-329	3.42030000e+04	1.60000000e+01	1.90000000e+01	3.20000000e+01
-328	3.46810000e+04	1.60000000e+01	1.90000000e+01	3.20000000e+01
-327	3.52110000e+04	1.60000000e+01	1.90000000e+01	3.20000000e+01
-326	3.57560000e+04	1.60000000e+01	1.90000000e+01	3.20000000e+01
-325	3.63050000e+04	1.70000000e+01	2.00000000e+01	3.30000000e+01
-324	3.67350000e+04	1.70000000e+01	2.00000000e+01	3.30000000e+01
-323	3.72110000e+04	2.20000000e+01	2.40000000e+01	3.70000000e+01
-322	3.76190000e+04	2.20000000e+01	2.40000000e+01	3.70000000e+01
-321	3.80050000e+04	2.20000000e+01	2.40000000e+01	3.70000000e+01
-320	3.85260000e+04	2.20000000e+01	2.40000000e+01	3.70000000e+01
-319	3.91800000e+04	2.20000000e+01	2.40000000e+01	3.70000000e+01
-318	3.98050000e+04	2.20000000e+01	2.40000000e+01	3.70000000e+01
-317	4.03220000e+04	2.20000000e+01	2.50000000e+01	3.90000000e+01
-316	4.08430000e+04	2.20000000e+01	2.50000000e+01	3.90000000e+01
-315	4.13560000e+04	2.20000000e+01	2.50000000e+01	3.90000000e+01
-314	4.18270000e+04	2.20000000e+01	2.50000000e+01	3.90000000e+01
-313	4.24150000e+04	2.20000000e+01	2.50000000e+01	3.90000000e+01
-312	4.31150000e+04	2.20000000e+01	2.50000000e+01	3.90000000e+01
-311	4.36570000e+04	2.30000000e+01	2.60000000e+01	4.10000000e+01
-310	4.41330000e+04	2.40000000e+01	2.70000000e+01	4.20000000e+01
-309	4.46600000e+04	2.40000000e+01	2.70000000e+01	4.20000000e+01
-308	4.51160000e+04	2.50000000e+01	2.80000000e+01	4.30000000e+01
-307	4.55460000e+04	2.50000000e+01	2.80000000e+01	4.30000000e+01
-306	4.60960000e+04	2.70000000e+01	2.90000000e+01	4.40000000e+01
-305	4.67050000e+04	2.70000000e+01	2.90000000e+01	4.40000000e+01
-304	4.73880000e+04	2.70000000e+01	2.90000000e+01	4.40000000e+01
-303	4.79070000e+04	2.70000000e+01	2.90000000e+01	4.40000000e+01
-302	4.83960000e+04	2.70000000e+01	2.90000000e+01	4.40000000e+01
-301	4.89010000e+04	2.70000000e+01	2.90000000e+01	4.40000000e+01
-300	4.94120000e+04	2.70000000e+01	2.90000000e+01	4.40000000e+01
-299	5.01300000e+04	3.10000000e+01	3.00000000e+01	4.50000000e+01
-298	5.07620000e+04	2.60000000e+01	3.10000000e+01	4.60000000e+01
-297	5.13400000e+04	2.60000000e+01	3.10000000e+01	4.60000000e+01
-296	5.18260000e+04	2.60000000e+01	3.10000000e+01	4.60000000e+01
-295	5.23800000e+04	2.60000000e+01	3.10000000e+01	4.60000000e+01
-294	5.28500000e+04	2.60000000e+01	3.10000000e+01	4.60000000e+01
-293	5.33380000e+04	2.60000000e+01	3.10000000e+01	4.60000000e+01
-292	5.39590000e+04	2.60000000e+01	3.10000000e+01	4.60000000e+01
-291	5.49620000e+04	2.60000000e+01	3.10000000e+01	4.60000000e+01
-290	5.55810000e+04	3.10000000e+01	3.20000000e+01	4.80000000e+01
-289	5.61840000e+04	3.10000000e+01	3.20000000e+01	4.80000000e+01
-288	5.67110000e+04	3.10000000e+01	3.20000000e+01	4.80000000e+01
-287	5.72910000e+04	3.10000000e+01	3.20000000e+01	4.80000000e+01
-286	5.78830000e+04	3.10000000e+01	3.20000000e+01	4.80000000e+01
-285	5.86400000e+04	3.10000000e+01	3.20000000e+01	4.80000000e+01
-284	5.93760000e+04	3.10000000e+01	3.20000000e+01	4.80000000e+01
-283	6.00360000e+04	3.10000000e+01	3.20000000e+01	4.80000000e+01
-282	6.07600000e+04	3.10000000e+01	3.20000000e+01	4.80000000e+01
-281	6.14660000e+04	3.10000000e+01	3.20000000e+01	4.80000000e+01
-280	6.23340000e+04	3.10000000e+01	3.20000000e+01	4.80000000e+01
-279	6.35280000e+04	3.10000000e+01	3.20000000e+01	4.80000000e+01
-278	6.50120000e+04	3.10000000e+01	3.20000000e+01	4.80000000e+01
-277	6.61490000e+04	3.10000000e+01	3.20000000e+01	4.80000000e+01
-276	6.72870000e+04	3.10000000e+01	3.20000000e+01	4.80000000e+01
-275	6.82250000e+04	3.10000000e+01	3.20000000e+01	4.80000000e+01
-274	6.90660000e+04	3.10000000e+01	3.20000000e+01	4.80000000e+01
-273	6.99820000e+04	3.10000000e+01	3.20000000e+01	4.80000000e+01
-272	7.07170000e+04	3.10000000e+01	3.20000000e+01	4.80000000e+01
-271	7.16460000e+04	3.10000000e+01	3.20000000e+01	4.80000000e+01
-270	7.28030000e+04	3.10000000e+01	3.20000000e+01	4.80000000e+01
-269	7.37900000e+04	3.10000000e+01	3.20000000e+01	4.80000000e+01
-268	7.45200000e+04	3.10000000e+01	3.20000000e+01	4.80000000e+01
-267	7.51020000e+04	3.10000000e+01	3.20000000e+01	4.80000000e+01
-266	7.56720000e+04	3.10000000e+01	3.20000000e+01	4.80000000e+01
-265	7.62840000e+04	3.10000000e+01	3.20000000e+01	4.80000000e+01
-264	7.70310000e+04	3.10000000e+01	3.20000000e+01	4.80000000e+01
-263	7.77280000e+04	3.10000000e+01	3.20000000e+01	4.80000000e+01
-262	7.82820000e+04	3.10000000e+01	3.20000000e+01	4.80000000e+01
-261	7.86630000e+04	3.10000000e+01	3.20000000e+01	4.80000000e+01
-260	7.91450000e+04	3.10000000e+01	3.20000000e+01	4.80000000e+01
-259	7.95920000e+04	3.10000000e+01	3.20000000e+01	4.80000000e+01
-258	8.01520000e+04	3.10000000e+01	3.20000000e+01	4.80000000e+01
-257	8.08660000e+04	3.40000000e+01	3.30000000e+01	4.90000000e+01
-256	8.16060000e+04	3.40000000e+01	3.30000000e+01	4.90000000e+01
-255	8.21910000e+04	3.40000000e+01	3.30000000e+01	4.90000000e+01
-254	8.27610000e+04	3.30000000e+01	3.50000000e+01	5.10000000e+01
-253	8.35150000e+04	3.30000000e+01	3.50000000e+01	5.10000000e+01
-252	8.41770000e+04	3.30000000e+01	3.50000000e+01	5.10000000e+01
-251	8.48200000e+04	3.30000000e+01	3.50000000e+01	5.10000000e+01
-250	8.57350000e+04	3.30000000e+01	3.50000000e+01	5.10000000e+01
-249	8.67280000e+04	3.30000000e+01	3.50000000e+01	5.10000000e+01
-248	8.73470000e+04	3.30000000e+01	3.50000000e+01	5.10000000e+01
-247	8.80080000e+04	3.30000000e+01	3.50000000e+01	5.10000000e+01
-246	8.86430000e+04	3.30000000e+01	3.50000000e+01	5.10000000e+01
-245	8.92600000e+04	3.30000000e+01	3.50000000e+01	5.10000000e+01
-244	8.98240000e+04	3.30000000e+01	3.50000000e+01	5.10000000e+01
-243	9.05250000e+04	3.30000000e+01	3.50000000e+01	5.10000000e+01
-242	9.13640000e+04	3.30000000e+01	3.50000000e+01	5.10000000e+01
-241	9.21220000e+04	3.40000000e+01	3.60000000e+01	5.20000000e+01
-240	9.26830000e+04	3.40000000e+01	3.60000000e+01	5.20000000e+01
-239	9.32780000e+04	3.40000000e+01	3.60000000e+01	5.20000000e+01
-238	9.39500000e+04	3.40000000e+01	3.60000000e+01	5.20000000e+01
-237	9.45500000e+04	3.40000000e+01	3.60000000e+01	5.20000000e+01
-236	9.53780000e+04	3.40000000e+01	3.60000000e+01	5.20000000e+01
-235	9.62210000e+04	3.40000000e+01	3.60000000e+01	5.20000000e+01
-234	9.71450000e+04	3.40000000e+01	3.60000000e+01	5.20000000e+01
-233	9.78100000e+04	3.40000000e+01	3.60000000e+01	5.20000000e+01
-232	9.84320000e+04	3.70000000e+01	3.90000000e+01	5.50000000e+01
-231	9.90630000e+04	3.70000000e+01	3.90000000e+01	5.50000000e+01
-230	9.96600000e+04	3.70000000e+01	3.90000000e+01	5.50000000e+01
-229	1.00338000e+05	3.70000000e+01	3.90000000e+01	5.50000000e+01
-228	1.00967000e+05	3.70000000e+01	3.90000000e+01	5.50000000e+01
-227	1.01634000e+05	3.70000000e+01	3.90000000e+01	5.50000000e+01
-226	1.02222000e+05	3.70000000e+01	3.90000000e+01	5.50000000e+01
-225	1.02832000e+05	3.70000000e+01	3.90000000e+01	5.50000000e+01
-224	1.03374000e+05	3.70000000e+01	3.90000000e+01	5.50000000e+01
-223	1.04026000e+05	3.70000000e+01	3.90000000e+01	5.50000000e+01
-222	1.04598000e+05	3.70000000e+01	3.90000000e+01	5.50000000e+01
-221	1.05308000e+05	3.70000000e+01	3.90000000e+01	5.50000000e+01
-220	1.05954000e+05	3.70000000e+01	3.90000000e+01	5.50000000e+01
-219	1.06617000e+05	3.70000000e+01	3.90000000e+01	5.50000000e+01
-218	1.07263000e+05	3.70000000e+01	3.90000000e+01	5.50000000e+01
-217	1.07838000e+05	3.70000000e+01	3.90000000e+01	5.50000000e+01
-216	1.08500000e+05	4.10000000e+01	4.00000000e+01	5.60000000e+01
-215	1.09176000e+05	4.10000000e+01	4.00000000e+01	5.60000000e+01
-214	1.09933000e+05	4.10000000e+01	4.00000000e+01	5.60000000e+01
-213	1.10703000e+05	4.10000000e+01	4.00000000e+01	5.60000000e+01
-212	1.11449000e+05	4.00000000e+01	4.10000000e+01	5.80000000e+01
-211	1.12228000e+05	4.00000000e+01	4.10000000e+01	5.80000000e+01
-210	1.12927000e+05	4.00000000e+01	4.10000000e+01	5.80000000e+01
-209	1.13606000e+05	4.00000000e+01	4.10000000e+01	5.80000000e+01
-208	1.14306000e+05	4.00000000e+01	4.10000000e+01	5.80000000e+01
-207	1.15043000e+05	4.00000000e+01	4.10000000e+01	5.80000000e+01
-206	1.15865000e+05	4.00000000e+01	4.10000000e+01	5.80000000e+01
-205	1.16529000e+05	4.00000000e+01	4.10000000e+01	5.80000000e+01
-204	1.17220000e+05	4.00000000e+01	4.10000000e+01	5.80000000e+01
-203	1.17816000e+05	4.00000000e+01	4.10000000e+01	5.80000000e+01
-202	1.18434000e+05	4.00000000e+01	4.10000000e+01	5.80000000e+01
-201	1.19103000e+05	4.00000000e+01	4.10000000e+01	5.80000000e+01
-200	1.19722000e+05	4.00000000e+01	4.10000000e+01	5.80000000e+01
-199	1.20416000e+05	4.00000000e+01	4.10000000e+01	5.80000000e+01
-198	1.21064000e+05	4.10000000e+01	4.20000000e+01	5.90000000e+01
-197	1.21696000e+05	4.10000000e+01	4.20000000e+01	5.90000000e+01
-196	1.22308000e+05	4.50000000e+01	4.30000000e+01	6.10000000e+01
-195	1.22920000e+05	4.50000000e+01	4.30000000e+01	6.10000000e+01
-194	1.23534000e+05	4.50000000e+01	4.30000000e+01	6.10000000e+01
-193	1.24291000e+05	4.50000000e+01	4.40000000e+01	6.40000000e+01
-192	1.25127000e+05	4.50000000e+01	4.40000000e+01	6.40000000e+01
-191	1.25972000e+05	4.50000000e+01	4.40000000e+01	6.40000000e+01
-190	1.26755000e+05	4.50000000e+01	4.40000000e+01	6.40000000e+01
-189	1.27580000e+05	4.50000000e+01	4.40000000e+01	6.40000000e+01
-188	1.28363000e+05	4.40000000e+01	4.40000000e+01	6.50000000e+01
-187	1.29128000e+05	4.70000000e+01	4.40000000e+01	7.40000000e+01
-186	1.29896000e+05	4.70000000e+01	4.50000000e+01	7.50000000e+01
-185	1.30923000e+05	5.60000000e+01	4.80000000e+01	8.10000000e+01
-184	1.31930000e+05	5.30000000e+01	4.90000000e+01	8.20000000e+01
-183	1.32749000e+05	5.30000000e+01	4.90000000e+01	8.20000000e+01
-182	1.33500000e+05	5.30000000e+01	4.90000000e+01	8.20000000e+01
-181	1.34368000e+05	5.10000000e+01	5.10000000e+01	8.60000000e+01
-180	1.35178000e+05	5.30000000e+01	5.20000000e+01	8.70000000e+01
-179	1.36033000e+05	5.30000000e+01	5.20000000e+01	8.70000000e+01
-178	1.36914000e+05	5.30000000e+01	5.20000000e+01	8.70000000e+01
-177	1.37829000e+05	6.10000000e+01	5.40000000e+01	8.90000000e+01
-176	1.38713000e+05	6.10000000e+01	5.40000000e+01	8.90000000e+01
-175	1.39628000e+05	6.10000000e+01	5.70000000e+01	9.70000000e+01
-174	1.40620000e+05	6.10000000e+01	6.20000000e+01	1.06000000e+02
-173	1.41442000e+05	6.10000000e+01	6.20000000e+01	1.06000000e+02
-172	1.42308000e+05	6.10000000e+01	6.20000000e+01	1.06000000e+02
-171	1.43393000e+05	6.10000000e+01	6.20000000e+01	1.06000000e+02
-170	1.44301000e+05	6.10000000e+01	6.20000000e+01	1.06000000e+02
-169	1.45173000e+05	6.10000000e+01	6.20000000e+01	1.06000000e+02
-168	1.46039000e+05	5.90000000e+01	6.40000000e+01	1.08000000e+02
-167	1.46886000e+05	5.90000000e+01	6.40000000e+01	1.08000000e+02
-166	1.47718000e+05	5.90000000e+01	6.40000000e+01	1.08000000e+02
-165	1.48557000e+05	5.90000000e+01	6.40000000e+01	1.08000000e+02
-164	1.49698000e+05	5.70000000e+01	6.50000000e+01	1.09000000e+02
-163	1.50520000e+05	5.70000000e+01	6.50000000e+01	1.09000000e+02
-162	1.51422000e+05	6.30000000e+01	6.60000000e+01	1.10000000e+02
-161	1.52206000e+05	6.30000000e+01	6.60000000e+01	1.10000000e+02
-160	1.53022000e+05	6.30000000e+01	6.60000000e+01	1.10000000e+02
-159	1.53824000e+05	6.30000000e+01	6.60000000e+01	1.10000000e+02
-158	1.54793000e+05	6.30000000e+01	6.60000000e+01	1.10000000e+02
-157	1.55782000e+05	6.30000000e+01	6.60000000e+01	1.10000000e+02
-156	1.56726000e+05	6.30000000e+01	6.60000000e+01	1.10000000e+02
-155	1.57610000e+05	6.30000000e+01	6.60000000e+01	1.10000000e+02
-154	1.58448000e+05	6.30000000e+01	6.70000000e+01	1.11000000e+02
-153	1.59325000e+05	6.30000000e+01	6.70000000e+01	1.11000000e+02
-152	1.60185000e+05	6.30000000e+01	6.70000000e+01	1.11000000e+02
-151	1.61029000e+05	6.30000000e+01	6.70000000e+01	1.11000000e+02
-150	1.61994000e+05	6.30000000e+01	6.70000000e+01	1.11000000e+02
-149	1.62931000e+05	6.30000000e+01	6.70000000e+01	1.11000000e+02
-148	1.63843000e+05	6.30000000e+01	6.70000000e+01	1.11000000e+02
-147	1.64703000e+05	6.30000000e+01	6.70000000e+01	1.11000000e+02
-146	1.65632000e+05	6.30000000e+01	6.70000000e+01	1.11000000e+02
-145	1.66391000e+05	6.30000000e+01	6.70000000e+01	1.11000000e+02
-144	1.67271000e+05	6.30000000e+01	6.70000000e+01	1.11000000e+02
-143	1.68079000e+05	6.30000000e+01	6.70000000e+01	1.11000000e+02
-142	1.69023000e+05	6.30000000e+01	6.70000000e+01	1.11000000e+02
-141	1.69745000e+05	6.30000000e+01	6.70000000e+01	1.11000000e+02
-140	1.70538000e+05	6.30000000e+01	6.70000000e+01	1.11000000e+02
-139	1.71259000e+05	6.30000000e+01	6.70000000e+01	1.11000000e+02
-138	1.72185000e+05	6.30000000e+01	6.70000000e+01	1.11000000e+02
-137	1.73084000e+05	6.30000000e+01	6.70000000e+01	1.11000000e+02
-136	1.73986000e+05	6.30000000e+01	6.70000000e+01	1.11000000e+02
-135	1.74763000e+05	6.30000000e+01	6.70000000e+01	1.11000000e+02
-134	1.75671000e+05	6.30000000e+01	6.70000000e+01	1.11000000e+02
-133	1.76454000e+05	6.30000000e+01	6.70000000e+01	1.11000000e+02
-132	1.77299000e+05	6.30000000e+01	6.70000000e+01	1.11000000e+02
-131	1.78314000e+05	6.30000000e+01	6.70000000e+01	1.11000000e+02
-130	1.79363000e+05	6.30000000e+01	6.70000000e+01	1.11000000e+02
-129	1.80307000e+05	6.30000000e+01	6.70000000e+01	1.11000000e+02
-128	1.81119000e+05	6.30000000e+01	6.70000000e+01	1.11000000e+02
-127	1.81812000e+05	6.30000000e+01	6.70000000e+01	1.11000000e+02
-126	1.82478000e+05	6.30000000e+01	6.70000000e+01	1.11000000e+02
-125	1.83175000e+05	6.30000000e+01	6.70000000e+01	1.11000000e+02
-124	1.84139000e+05	6.30000000e+01	6.70000000e+01	1.11000000e+02
-123	1.85079000e+05	6.30000000e+01	6.70000000e+01	1.11000000e+02
-122	1.85995000e+05	6.30000000e+01	6.70000000e+01	1.11000000e+02
-121	1.86884000e+05	6.30000000e+01	6.70000000e+01	1.11000000e+02
-120	1.87670000e+05	6.30000000e+01	6.70000000e+01	1.11000000e+02
-119	1.88359000e+05	6.30000000e+01	6.70000000e+01	1.11000000e+02
-118	1.89070000e+05	6.30000000e+01	6.70000000e+01	1.11000000e+02
-117	1.90004000e+05	6.30000000e+01	6.70000000e+01	1.11000000e+02
-116	1.91022000e+05	6.30000000e+01	6.70000000e+01	1.11000000e+02
-115	1.91022000e+05	6.30000000e+01	6.70000000e+01	1.11000000e+02
-114	1.91757000e+05	6.30000000e+01	6.70000000e+01	1.11000000e+02
-113	1.91757000e+05	6.30000000e+01	6.70000000e+01	1.11000000e+02
-112	1.91757000e+05	6.30000000e+01	6.70000000e+01	1.11000000e+02
-111	1.91757000e+05	6.30000000e+01	6.70000000e+01	1.11000000e+02
-110	1.91757000e+05	6.30000000e+01	6.70000000e+01	1.11000000e+02
-109	1.91757000e+05	6.30000000e+01	6.70000000e+01	1.11000000e+02
-108	1.92561000e+05	6.30000000e+01	6.70000000e+01	1.11000000e+02
-107	1.93227000e+05	6.30000000e+01	6.70000000e+01	1.11000000e+02
-106	1.93832000e+05	6.30000000e+01	6.70000000e+01	1.11000000e+02
-105	1.94496000e+05	6.30000000e+01	6.70000000e+01	1.11000000e+02
-104	1.95187000e+05	6.30000000e+01	6.70000000e+01	1.11000000e+02
-103	1.96055000e+05	6.60000000e+01	6.90000000e+01	1.13000000e+02
-102	1.97008000e+05	6.60000000e+01	6.90000000e+01	1.13000000e+02
-101	1.97806000e+05	6.60000000e+01	6.90000000e+01	1.13000000e+02
-100	1.98435000e+05	6.60000000e+01	6.90000000e+01	1.13000000e+02
-99	1.99118000e+05	6.60000000e+01	6.90000000e+01	1.13000000e+02
-98	1.99735000e+05	6.60000000e+01	6.90000000e+01	1.13000000e+02
-97	2.00423000e+05	6.60000000e+01	6.90000000e+01	1.13000000e+02
-96	2.01201000e+05	6.60000000e+01	6.90000000e+01	1.13000000e+02
-95	2.02094000e+05	6.60000000e+01	6.90000000e+01	1.13000000e+02
-94	2.02865000e+05	6.60000000e+01	6.90000000e+01	1.13000000e+02
-93	2.03616000e+05	6.60000000e+01	6.90000000e+01	1.13000000e+02
-92	2.03616000e+05	6.60000000e+01	6.90000000e+01	1.13000000e+02
-91	2.03616000e+05	6.60000000e+01	6.90000000e+01	1.13000000e+02
-90	2.03616000e+05	6.60000000e+01	6.90000000e+01	1.13000000e+02
-89	2.04592000e+05	6.80000000e+01	7.00000000e+01	1.14000000e+02
-88	2.05796000e+05	6.50000000e+01	7.20000000e+01	1.17000000e+02
-87	2.06813000e+05	6.50000000e+01	7.20000000e+01	1.17000000e+02
-86	2.07655000e+05	6.50000000e+01	7.20000000e+01	1.17000000e+02
-85	2.08659000e+05	6.60000000e+01	7.30000000e+01	1.18000000e+02
-84	2.09722000e+05	6.90000000e+01	7.40000000e+01	1.19000000e+02
-83	2.10773000e+05	6.90000000e+01	7.40000000e+01	1.19000000e+02
-82	2.12051000e+05	6.90000000e+01	7.40000000e+01	1.19000000e+02
-81	2.13338000e+05	6.90000000e+01	7.40000000e+01	1.19000000e+02
-80	2.14637000e+05	7.80000000e+01	7.80000000e+01	1.26000000e+02
-79	2.15855000e+05	7.60000000e+01	7.90000000e+01	1.27000000e+02
-78	2.16936000e+05	7.60000000e+01	7.90000000e+01	1.27000000e+02
-77	2.18023000e+05	7.70000000e+01	8.00000000e+01	1.29000000e+02
-76	2.19072000e+05	7.90000000e+01	8.20000000e+01	1.32000000e+02
-75	2.20102000e+05	7.70000000e+01	8.30000000e+01	1.34000000e+02
-74	2.21006000e+05	7.70000000e+01	8.30000000e+01	1.34000000e+02
-73	2.21938000e+05	7.70000000e+01	8.30000000e+01	1.34000000e+02
-72	2.22929000e+05	7.70000000e+01	8.30000000e+01	1.34000000e+02
-71	2.23864000e+05	7.70000000e+01	8.30000000e+01	1.34000000e+02
-70	2.24810000e+05	7.70000000e+01	8.30000000e+01	1.34000000e+02
-69	2.25758000e+05	7.20000000e+01	8.30000000e+01	1.35000000e+02
-68	2.26805000e+05	7.20000000e+01	8.30000000e+01	1.35000000e+02
-67	2.27997000e+05	7.20000000e+01	8.30000000e+01	1.35000000e+02
-66	2.29051000e+05	7.20000000e+01	8.30000000e+01	1.35000000e+02
-65	2.30064000e+05	7.20000000e+01	8.30000000e+01	1.35000000e+02
-64	2.31055000e+05	7.20000000e+01	8.30000000e+01	1.35000000e+02
-63	2.32005000e+05	7.20000000e+01	8.30000000e+01	1.35000000e+02
-62	2.32902000e+05	7.20000000e+01	8.30000000e+01	1.35000000e+02
-61	2.33969000e+05	7.70000000e+01	8.40000000e+01	1.36000000e+02
-60	2.33969000e+05	9.20000000e+01	8.60000000e+01	1.38000000e+02
-59	2.34928000e+05	9.20000000e+01	8.60000000e+01	1.38000000e+02
-58	2.35812000e+05	7.80000000e+01	8.70000000e+01	1.39000000e+02
-57	2.36635000e+05	7.80000000e+01	8.70000000e+01	1.39000000e+02
-56	2.37404000e+05	7.80000000e+01	8.70000000e+01	1.39000000e+02
-55	2.38478000e+05	7.80000000e+01	8.70000000e+01	1.39000000e+02
-54	2.39527000e+05	7.80000000e+01	8.70000000e+01	1.39000000e+02
-53	2.39527000e+05	7.80000000e+01	8.70000000e+01	1.39000000e+02
-52	2.40535000e+05	7.80000000e+01	8.70000000e+01	1.39000000e+02
-51	2.41436000e+05	7.80000000e+01	8.70000000e+01	1.39000000e+02
-50	2.42468000e+05	7.80000000e+01	8.70000000e+01	1.39000000e+02
-49	2.43680000e+05	7.90000000e+01	8.80000000e+01	1.40000000e+02
-48	2.44928000e+05	7.90000000e+01	8.80000000e+01	1.40000000e+02
-47	2.46201000e+05	8.90000000e+01	9.00000000e+01	1.42000000e+02
-46	2.47526000e+05	8.60000000e+01	9.10000000e+01	1.43000000e+02
-45	2.48650000e+05	8.60000000e+01	9.10000000e+01	1.43000000e+02
-44	2.50018000e+05	8.60000000e+01	9.10000000e+01	1.43000000e+02
-43	2.51108000e+05	8.60000000e+01	9.10000000e+01	1.43000000e+02
-42	2.52087000e+05	8.60000000e+01	9.10000000e+01	1.43000000e+02
-41	2.53074000e+05	8.60000000e+01	9.10000000e+01	1.43000000e+02
-40	2.53997000e+05	8.60000000e+01	9.10000000e+01	1.43000000e+02
-39	2.55023000e+05	8.60000000e+01	9.20000000e+01	1.44000000e+02
-38	2.55923000e+05	8.60000000e+01	9.20000000e+01	1.44000000e+02
-37	2.56797000e+05	9.60000000e+01	9.50000000e+01	1.49000000e+02
-36	2.57618000e+05	9.60000000e+01	9.50000000e+01	1.49000000e+02
-35	2.58412000e+05	9.60000000e+01	9.50000000e+01	1.49000000e+02
-34	2.59236000e+05	9.60000000e+01	9.60000000e+01	1.50000000e+02
-33	2.60300000e+05	9.60000000e+01	9.60000000e+01	1.50000000e+02
-32	2.61237000e+05	9.10000000e+01	9.80000000e+01	1.52000000e+02
-31	2.62119000e+05	9.10000000e+01	9.80000000e+01	1.52000000e+02
-30	2.62993000e+05	9.50000000e+01	9.90000000e+01	1.53000000e+02
-29	2.63870000e+05	9.10000000e+01	1.00000000e+02	1.54000000e+02
-28	2.64912000e+05	9.10000000e+01	1.00000000e+02	1.54000000e+02
-27	2.66050000e+05	9.10000000e+01	1.00000000e+02	1.54000000e+02
-26	2.68082000e+05	9.10000000e+01	1.00000000e+02	1.54000000e+02
-25	2.70598000e+05	9.80000000e+01	1.02000000e+02	1.56000000e+02
-24	2.73094000e+05	9.50000000e+01	1.03000000e+02	1.57000000e+02
-23	2.75326000e+05	9.50000000e+01	1.03000000e+02	1.57000000e+02
-22	2.78336000e+05	9.50000000e+01	1.03000000e+02	1.57000000e+02
-21	2.80829000e+05	9.90000000e+01	1.06000000e+02	1.61000000e+02
-20	2.82639000e+05	1.00000000e+02	1.07000000e+02	1.62000000e+02
-19	2.84677000e+05	1.00000000e+02	1.07000000e+02	1.62000000e+02
-18	2.87022000e+05	1.00000000e+02	1.07000000e+02	1.62000000e+02
-17	2.89680000e+05	9.30000000e+01	1.08000000e+02	1.63000000e+02
-16	2.92406000e+05	9.30000000e+01	1.08000000e+02	1.63000000e+02
-15	2.95248000e+05	1.11000000e+02	1.10000000e+02	1.65000000e+02
-14	2.98213000e+05	1.11000000e+02	1.10000000e+02	1.65000000e+02
-13	3.01150000e+05	1.11000000e+02	1.10000000e+02	1.65000000e+02
-12	3.04379000e+05	1.09000000e+02	1.11000000e+02	1.67000000e+02
-11	3.07114000e+05	1.03000000e+02	1.12000000e+02	1.68000000e+02
-10	3.09543000e+05	1.03000000e+02	1.12000000e+02	1.68000000e+02
-9	3.11910000e+05	1.03000000e+02	1.12000000e+02	1.68000000e+02
-8	3.14550000e+05	1.09000000e+02	1.13000000e+02	1.69000000e+02
-7	3.17381000e+05	1.09000000e+02	1.14000000e+02	1.71000000e+02
-6	3.20521000e+05	1.13000000e+02	1.17000000e+02	1.75000000e+02
-5	3.24595000e+05	1.13000000e+02	1.17000000e+02	1.75000000e+02
-4	3.28606000e+05	1.17000000e+02	1.20000000e+02	1.79000000e+02
-3	3.32551000e+05	1.17000000e+02	1.20000000e+02	1.79000000e+02
-2	3.36752000e+05	1.18000000e+02	1.22000000e+02	1.81000000e+02
-1	3.40533000e+05	1.21000000e+02	1.25000000e+02	1.86000000e+02
0	3.44681000e+05	1.20000000e+02	1.28000000e+02	1.90000000e+02
1	3.52572000e+05	1.27000000e+02	1.35000000e+02	1.99000000e+02
2	3.61901000e+05	1.24000000e+02	1.42000000e+02	2.11000000e+02
3	3.70001000e+05	1.50000000e+02	1.68000000e+02	2.39000000e+02
4	3.77967000e+05	1.59000000e+02	1.73000000e+02	2.45000000e+02
5	3.83772000e+05	1.61000000e+02	1.76000000e+02	2.48000000e+02
6	3.87605000e+05	1.63000000e+02	1.80000000e+02	2.52000000e+02
7	3.91294000e+05	1.72000000e+02	1.84000000e+02	2.58000000e+02
8	3.95786000e+05	1.75000000e+02	1.88000000e+02	2.62000000e+02
9	3.95786000e+05	1.75000000e+02	1.88000000e+02	2.62000000e+02
10	3.95786000e+05	1.75000000e+02	1.88000000e+02	2.62000000e+02
11	4.00312000e+05	1.80000000e+02	1.92000000e+02	2.66000000e+02
12	4.03362000e+05	1.78000000e+02	1.94000000e+02	2.68000000e+02
13	4.06134000e+05	1.75000000e+02	1.95000000e+02	2.69000000e+02
14	4.08896000e+05	1.84000000e+02	1.97000000e+02	2.71000000e+02
15	4.11624000e+05	1.84000000e+02	1.97000000e+02	2.71000000e+02
16	4.15031000e+05	1.86000000e+02	1.98000000e+02	2.72000000e+02
17	4.18781000e+05	1.86000000e+02	1.98000000e+02	2.72000000e+02
18	4.21326000e+05	1.86000000e+02	1.98000000e+02	2.72000000e+02
19	4.23449000e+05	1.80000000e+02	2.00000000e+02	2.74000000e+02
20	4.25380000e+05	1.80000000e+02	2.00000000e+02	2.74000000e+02
21	4.27348000e+05	1.89000000e+02	2.01000000e+02	2.76000000e+02
22	4.29469000e+05	1.89000000e+02	2.01000000e+02	2.76000000e+02
23	4.32172000e+05	1.89000000e+02	2.01000000e+02	2.76000000e+02
24	4.34803000e+05	1.82000000e+02	2.02000000e+02	2.77000000e+02
25	4.34803000e+05	1.82000000e+02	2.02000000e+02	2.77000000e+02
26	4.36985000e+05	1.73000000e+02	2.06000000e+02	2.82000000e+02
27	4.39981000e+05	1.90000000e+02	2.08000000e+02	2.84000000e+02
28	4.42839000e+05	1.90000000e+02	2.08000000e+02	2.84000000e+02
29	4.45951000e+05	1.74000000e+02	2.10000000e+02	2.87000000e+02
30	4.49493000e+05	1.74000000e+02	2.10000000e+02	2.87000000e+02
31	4.52915000e+05	1.74000000e+02	2.10000000e+02	2.87000000e+02
32	4.56047000e+05	1.90000000e+02	2.11000000e+02	2.88000000e+02
33	4.58394000e+05	1.90000000e+02	2.11000000e+02	2.88000000e+02
34	4.60536000e+05	1.96000000e+02	2.12000000e+02	2.89000000e+02
35	4.62671000e+05	1.97000000e+02	2.15000000e+02	2.93000000e+02
36	4.64832000e+05	1.97000000e+02	2.15000000e+02	2.93000000e+02
37	4.67550000e+05	1.96000000e+02	2.16000000e+02	2.94000000e+02
38	4.70456000e+05	1.96000000e+02	2.16000000e+02	2.94000000e+02
39	4.72664000e+05	1.96000000e+02	2.16000000e+02	2.94000000e+02
40	4.72664000e+05	1.96000000e+02	2.16000000e+02	2.94000000e+02
41	4.74232000e+05	1.96000000e+02	2.16000000e+02	2.94000000e+02
42	4.75712000e+05	1.96000000e+02	2.16000000e+02	2.94000000e+02
43	4.77440000e+05	1.96000000e+02	2.16000000e+02	2.94000000e+02
44	4.79806000e+05	1.99000000e+02	2.18000000e+02	2.96000000e+02
45	4.81925000e+05	1.99000000e+02	2.18000000e+02	2.96000000e+02
46	4.83525000e+05	1.99000000e+02	2.18000000e+02	2.96000000e+02
47	4.84997000e+05	1.99000000e+02	2.18000000e+02	2.96000000e+02
48	4.86478000e+05	1.96000000e+02	2.20000000e+02	2.99000000e+02
49	4.88120000e+05	1.96000000e+02	2.20000000e+02	2.99000000e+02
50	4.89957000e+05	1.96000000e+02	2.20000000e+02	2.99000000e+02
51	4.92278000e+05	1.96000000e+02	2.20000000e+02	2.99000000e+02
52	4.94574000e+05	2.08000000e+02	2.21000000e+02	3.01000000e+02
53	4.96425000e+05	1.99000000e+02	2.22000000e+02	3.02000000e+02
54	4.97943000e+05	1.99000000e+02	2.22000000e+02	3.02000000e+02
55	4.99350000e+05	2.04000000e+02	2.23000000e+02	3.03000000e+02
56	5.00822000e+05	2.04000000e+02	2.23000000e+02	3.03000000e+02
57	5.02478000e+05	2.04000000e+02	2.23000000e+02	3.03000000e+02
58	5.04865000e+05	2.04000000e+02	2.23000000e+02	3.03000000e+02
59	5.07041000e+05	2.04000000e+02	2.23000000e+02	3.03000000e+02
60	5.08883000e+05	2.07000000e+02	2.24000000e+02	3.12000000e+02
61	5.10489000e+05	2.05000000e+02	2.25000000e+02	3.13000000e+02
62	5.12005000e+05	2.05000000e+02	2.25000000e+02	3.13000000e+02
63	5.13771000e+05	2.05000000e+02	2.25000000e+02	3.13000000e+02
64	5.15705000e+05	2.05000000e+02	2.25000000e+02	3.13000000e+02
65	5.18361000e+05	2.10000000e+02	2.26000000e+02	3.14000000e+02
66	5.21017000e+05	2.00000000e+02	2.28000000e+02	3.18000000e+02
67	5.22694000e+05	2.07000000e+02	2.29000000e+02	3.19000000e+02
68	5.24125000e+05	2.07000000e+02	2.29000000e+02	3.19000000e+02
69	5.25560000e+05	2.10000000e+02	2.30000000e+02	3.22000000e+02
70	5.26994000e+05	2.13000000e+02	2.32000000e+02	3.24000000e+02
71	5.28777000e+05	2.13000000e+02	2.32000000e+02	3.24000000e+02
72	5.31004000e+05	2.12000000e+02	2.33000000e+02	3.25000000e+02
73	5.33105000e+05	2.20000000e+02	2.34000000e+02	3.27000000e+02
74	5.34870000e+05	2.17000000e+02	2.35000000e+02	3.28000000e+02
75	5.36409000e+05	2.15000000e+02	2.37000000e+02	3.30000000e+02
76	5.38167000e+05	2.20000000e+02	2.40000000e+02	3.33000000e+02
77	5.40052000e+05	2.20000000e+02	2.40000000e+02	3.33000000e+02
78	5.42114000e+05	2.20000000e+02	2.40000000e+02	3.33000000e+02
79	5.44282000e+05	2.15000000e+02	2.41000000e+02	3.34000000e+02
80	5.46448000e+05	2.15000000e+02	2.41000000e+02	3.34000000e+02
81	5.48333000e+05	2.28000000e+02	2.46000000e+02	3.40000000e+02
82	5.50084000e+05	2.27000000e+02	2.49000000e+02	3.48000000e+02
83	5.51690000e+05	2.29000000e+02	2.51000000e+02	3.50000000e+02
84	5.53266000e+05	2.29000000e+02	2.51000000e+02	3.50000000e+02
85	5.54938000e+05	2.38000000e+02	2.54000000e+02	3.54000000e+02
86	5.56609000e+05	2.32000000e+02	2.55000000e+02	3.57000000e+02
87	5.58645000e+05	2.20000000e+02	2.57000000e+02	3.60000000e+02
88	5.60007000e+05	2.51000000e+02	2.58000000e+02	3.62000000e+02
89	5.61351000e+05	2.51000000e+02	2.58000000e+02	3.62000000e+02
90	5.62574000e+05	2.46000000e+02	2.60000000e+02	3.65000000e+02
91	5.63840000e+05	2.30000000e+02	2.62000000e+02	3.67000000e+02
92	5.65355000e+05	2.30000000e+02	2.62000000e+02	3.67000000e+02
93	5.67066000e+05	2.30000000e+02	2.62000000e+02	3.67000000e+02
94	5.68559000e+05	2.29000000e+02	2.63000000e+02	3.68000000e+02
95	5.69741000e+05	2.47000000e+02	2.65000000e+02	3.70000000e+02
96	5.70747000e+05	2.47000000e+02	2.65000000e+02	3.70000000e+02
97	5.71784000e+05	2.53000000e+02	2.66000000e+02	3.71000000e+02
98	5.72782000e+05	2.53000000e+02	2.66000000e+02	3.71000000e+02
99	5.73989000e+05	2.53000000e+02	2.66000000e+02	3.71000000e+02
100	5.75529000e+05	2.53000000e+02	2.66000000e+02	3.71000000e+02
