Day_(movie_time)	Views	Users	Rigor	Edits
-460	0.00000000e+00	1.99000000e+02	3.17000000e+02	4.66000000e+02
-459	2.75300000e+03	1.99000000e+02	3.17000000e+02	4.66000000e+02
-458	5.25400000e+03	1.99000000e+02	3.17000000e+02	4.66000000e+02
-457	7.68900000e+03	1.99000000e+02	3.17000000e+02	4.66000000e+02
-456	1.00620000e+04	1.99000000e+02	3.17000000e+02	4.66000000e+02
-455	1.22200000e+04	1.99000000e+02	3.17000000e+02	4.66000000e+02
-454	1.46150000e+04	1.99000000e+02	3.17000000e+02	4.66000000e+02
-453	1.71740000e+04	1.99000000e+02	3.17000000e+02	4.66000000e+02
-452	1.97980000e+04	1.99000000e+02	3.17000000e+02	4.66000000e+02
-451	2.20850000e+04	2.00000000e+02	3.18000000e+02	4.67000000e+02
-450	2.43930000e+04	1.86000000e+02	3.19000000e+02	4.68000000e+02
-449	2.64410000e+04	1.86000000e+02	3.19000000e+02	4.68000000e+02
-448	2.86620000e+04	1.86000000e+02	3.19000000e+02	4.68000000e+02
-447	3.07730000e+04	1.86000000e+02	3.19000000e+02	4.68000000e+02
-446	3.27760000e+04	1.86000000e+02	3.19000000e+02	4.68000000e+02
-445	3.52730000e+04	1.86000000e+02	3.19000000e+02	4.68000000e+02
-444	3.78450000e+04	1.86000000e+02	3.19000000e+02	4.68000000e+02
-443	4.00680000e+04	1.86000000e+02	3.19000000e+02	4.68000000e+02
-442	4.25130000e+04	1.86000000e+02	3.19000000e+02	4.68000000e+02
-441	4.46010000e+04	1.86000000e+02	3.19000000e+02	4.68000000e+02
-440	4.67910000e+04	1.86000000e+02	3.19000000e+02	4.68000000e+02
-439	4.90410000e+04	1.86000000e+02	3.19000000e+02	4.68000000e+02
-438	5.15460000e+04	1.86000000e+02	3.19000000e+02	4.68000000e+02
-437	5.43750000e+04	1.86000000e+02	3.19000000e+02	4.68000000e+02
-436	5.67980000e+04	1.86000000e+02	3.19000000e+02	4.68000000e+02
-435	5.92020000e+04	1.86000000e+02	3.19000000e+02	4.68000000e+02
-434	6.13260000e+04	1.86000000e+02	3.19000000e+02	4.68000000e+02
-433	6.33920000e+04	1.96000000e+02	3.21000000e+02	4.71000000e+02
-432	6.55380000e+04	1.96000000e+02	3.21000000e+02	4.71000000e+02
-431	6.78180000e+04	1.96000000e+02	3.21000000e+02	4.71000000e+02
-430	7.01110000e+04	1.96000000e+02	3.21000000e+02	4.71000000e+02
-429	7.19450000e+04	1.96000000e+02	3.21000000e+02	4.71000000e+02
-428	7.40340000e+04	1.96000000e+02	3.21000000e+02	4.71000000e+02
-427	7.57400000e+04	1.96000000e+02	3.21000000e+02	4.71000000e+02
-426	7.71950000e+04	1.90000000e+02	3.22000000e+02	4.72000000e+02
-425	7.89650000e+04	1.90000000e+02	3.24000000e+02	4.74000000e+02
-424	8.10410000e+04	1.90000000e+02	3.24000000e+02	4.74000000e+02
-423	8.30580000e+04	2.02000000e+02	3.26000000e+02	4.77000000e+02
-422	8.30580000e+04	2.02000000e+02	3.26000000e+02	4.77000000e+02
-421	8.30580000e+04	2.02000000e+02	3.26000000e+02	4.77000000e+02
-420	8.46870000e+04	2.02000000e+02	3.26000000e+02	4.77000000e+02
-419	8.64090000e+04	2.02000000e+02	3.26000000e+02	4.77000000e+02
-418	8.82500000e+04	2.02000000e+02	3.26000000e+02	4.77000000e+02
-417	9.02740000e+04	2.02000000e+02	3.26000000e+02	4.77000000e+02
-416	9.23970000e+04	2.02000000e+02	3.26000000e+02	4.77000000e+02
-415	9.41960000e+04	2.02000000e+02	3.26000000e+02	4.77000000e+02
-414	9.61580000e+04	2.02000000e+02	3.28000000e+02	4.79000000e+02
-413	9.78740000e+04	2.02000000e+02	3.28000000e+02	4.79000000e+02
-412	9.96590000e+04	2.02000000e+02	3.28000000e+02	4.79000000e+02
-411	1.01520000e+05	2.02000000e+02	3.28000000e+02	4.79000000e+02
-410	1.03615000e+05	2.02000000e+02	3.28000000e+02	4.79000000e+02
-409	1.05918000e+05	2.02000000e+02	3.28000000e+02	4.79000000e+02
-408	1.07982000e+05	2.02000000e+02	3.28000000e+02	4.79000000e+02
-407	1.09494000e+05	2.02000000e+02	3.28000000e+02	4.79000000e+02
-406	1.11341000e+05	1.93000000e+02	3.29000000e+02	4.80000000e+02
-405	1.13364000e+05	1.93000000e+02	3.29000000e+02	4.80000000e+02
-404	1.15577000e+05	1.93000000e+02	3.29000000e+02	4.80000000e+02
-403	1.18593000e+05	1.93000000e+02	3.29000000e+02	4.80000000e+02
-402	1.21295000e+05	1.93000000e+02	3.29000000e+02	4.80000000e+02
-401	1.23866000e+05	2.06000000e+02	3.30000000e+02	4.81000000e+02
-400	1.26446000e+05	2.06000000e+02	3.30000000e+02	4.81000000e+02
-399	1.28848000e+05	2.06000000e+02	3.30000000e+02	4.81000000e+02
-398	1.31295000e+05	2.06000000e+02	3.30000000e+02	4.81000000e+02
-397	1.33634000e+05	1.93000000e+02	3.32000000e+02	4.83000000e+02
-396	1.36711000e+05	1.94000000e+02	3.33000000e+02	4.84000000e+02
-395	1.40118000e+05	1.99000000e+02	3.35000000e+02	4.86000000e+02
-394	1.42998000e+05	1.99000000e+02	3.35000000e+02	4.86000000e+02
-393	1.45631000e+05	1.99000000e+02	3.35000000e+02	4.86000000e+02
-392	1.48081000e+05	1.99000000e+02	3.35000000e+02	4.86000000e+02
-391	1.50362000e+05	1.99000000e+02	3.35000000e+02	4.86000000e+02
-390	1.53000000e+05	1.98000000e+02	3.39000000e+02	4.90000000e+02
-389	1.55971000e+05	1.98000000e+02	3.39000000e+02	4.90000000e+02
-388	1.58585000e+05	1.98000000e+02	3.39000000e+02	4.90000000e+02
-387	1.61196000e+05	1.98000000e+02	3.39000000e+02	4.90000000e+02
-386	1.63718000e+05	1.99000000e+02	3.40000000e+02	4.91000000e+02
-385	1.65830000e+05	1.99000000e+02	3.40000000e+02	4.91000000e+02
-384	1.67931000e+05	2.09000000e+02	3.42000000e+02	4.93000000e+02
-383	1.70388000e+05	2.05000000e+02	3.44000000e+02	4.97000000e+02
-382	1.73369000e+05	2.08000000e+02	3.45000000e+02	4.99000000e+02
-381	1.76380000e+05	2.08000000e+02	3.45000000e+02	4.99000000e+02
-380	1.78741000e+05	2.08000000e+02	3.45000000e+02	4.99000000e+02
-379	1.81502000e+05	2.08000000e+02	3.45000000e+02	4.99000000e+02
-378	1.84045000e+05	2.08000000e+02	3.45000000e+02	4.99000000e+02
-377	1.86629000e+05	2.08000000e+02	3.45000000e+02	4.99000000e+02
-376	1.89080000e+05	2.08000000e+02	3.45000000e+02	4.99000000e+02
-375	1.91932000e+05	2.08000000e+02	3.45000000e+02	4.99000000e+02
-374	1.94482000e+05	2.08000000e+02	3.45000000e+02	4.99000000e+02
-373	1.97059000e+05	2.08000000e+02	3.45000000e+02	4.99000000e+02
-372	2.00413000e+05	2.08000000e+02	3.45000000e+02	4.99000000e+02
-371	2.04047000e+05	2.08000000e+02	3.45000000e+02	4.99000000e+02
-370	2.07875000e+05	2.08000000e+02	3.45000000e+02	4.99000000e+02
-369	2.11193000e+05	2.08000000e+02	3.45000000e+02	4.99000000e+02
-368	2.14629000e+05	2.08000000e+02	3.45000000e+02	4.99000000e+02
-367	2.17840000e+05	2.08000000e+02	3.45000000e+02	4.99000000e+02
-366	2.20856000e+05	2.08000000e+02	3.45000000e+02	4.99000000e+02
-365	2.24217000e+05	2.12000000e+02	3.47000000e+02	5.02000000e+02
-364	2.27384000e+05	2.12000000e+02	3.47000000e+02	5.02000000e+02
-363	2.30141000e+05	1.98000000e+02	3.48000000e+02	5.03000000e+02
-362	2.32897000e+05	2.10000000e+02	3.54000000e+02	5.11000000e+02
-361	2.35813000e+05	2.10000000e+02	3.54000000e+02	5.11000000e+02
-360	2.39162000e+05	2.10000000e+02	3.54000000e+02	5.11000000e+02
-359	2.42547000e+05	2.19000000e+02	3.56000000e+02	5.15000000e+02
-358	2.45733000e+05	2.19000000e+02	3.56000000e+02	5.15000000e+02
-357	2.47992000e+05	2.19000000e+02	3.56000000e+02	5.15000000e+02
-356	2.50859000e+05	2.19000000e+02	3.56000000e+02	5.15000000e+02
-355	2.53619000e+05	2.19000000e+02	3.56000000e+02	5.15000000e+02
-354	2.56721000e+05	2.24000000e+02	3.58000000e+02	5.20000000e+02
-353	2.60264000e+05	2.24000000e+02	3.58000000e+02	5.20000000e+02
-352	2.64864000e+05	2.26000000e+02	3.60000000e+02	5.22000000e+02
-351	2.68415000e+05	2.26000000e+02	3.60000000e+02	5.22000000e+02
-350	2.71749000e+05	2.26000000e+02	3.60000000e+02	5.22000000e+02
-349	2.76167000e+05	2.28000000e+02	3.62000000e+02	5.24000000e+02
-348	2.80271000e+05	2.28000000e+02	3.62000000e+02	5.24000000e+02
-347	2.84385000e+05	2.28000000e+02	3.62000000e+02	5.24000000e+02
-346	2.91257000e+05	2.28000000e+02	3.62000000e+02	5.24000000e+02
-345	2.95290000e+05	2.28000000e+02	3.62000000e+02	5.24000000e+02
-344	2.99659000e+05	2.28000000e+02	3.63000000e+02	5.27000000e+02
-343	3.05937000e+05	2.28000000e+02	3.63000000e+02	5.27000000e+02
-342	3.09791000e+05	2.23000000e+02	3.65000000e+02	5.29000000e+02
-341	3.13872000e+05	2.43000000e+02	3.67000000e+02	5.31000000e+02
-340	3.17817000e+05	2.43000000e+02	3.67000000e+02	5.31000000e+02
-339	3.22687000e+05	2.43000000e+02	3.67000000e+02	5.31000000e+02
-338	3.28093000e+05	2.43000000e+02	3.67000000e+02	5.31000000e+02
-337	3.32104000e+05	2.43000000e+02	3.67000000e+02	5.31000000e+02
-336	3.35579000e+05	2.43000000e+02	3.67000000e+02	5.31000000e+02
-335	3.39048000e+05	2.37000000e+02	3.68000000e+02	5.32000000e+02
-334	3.42509000e+05	2.40000000e+02	3.69000000e+02	5.33000000e+02
-333	3.46257000e+05	2.40000000e+02	3.69000000e+02	5.33000000e+02
-332	3.50067000e+05	2.40000000e+02	3.69000000e+02	5.33000000e+02
-331	3.53065000e+05	2.40000000e+02	3.69000000e+02	5.33000000e+02
-330	3.56750000e+05	2.40000000e+02	3.69000000e+02	5.33000000e+02
-329	3.60353000e+05	2.40000000e+02	3.69000000e+02	5.33000000e+02
-328	3.63917000e+05	2.40000000e+02	3.69000000e+02	5.33000000e+02
-327	3.67700000e+05	2.40000000e+02	3.69000000e+02	5.33000000e+02
-326	3.71560000e+05	2.42000000e+02	3.70000000e+02	5.34000000e+02
-325	3.75290000e+05	2.42000000e+02	3.70000000e+02	5.34000000e+02
-324	3.78934000e+05	2.42000000e+02	3.70000000e+02	5.34000000e+02
-323	3.82383000e+05	2.42000000e+02	3.70000000e+02	5.34000000e+02
-322	3.85500000e+05	2.42000000e+02	3.70000000e+02	5.34000000e+02
-321	3.88683000e+05	2.42000000e+02	3.70000000e+02	5.34000000e+02
-320	3.91758000e+05	2.42000000e+02	3.70000000e+02	5.34000000e+02
-319	3.95086000e+05	2.35000000e+02	3.73000000e+02	5.38000000e+02
-318	3.99915000e+05	2.35000000e+02	3.73000000e+02	5.38000000e+02
-317	4.03990000e+05	2.35000000e+02	3.73000000e+02	5.38000000e+02
-316	4.07478000e+05	2.35000000e+02	3.73000000e+02	5.38000000e+02
-315	4.10494000e+05	2.35000000e+02	3.73000000e+02	5.38000000e+02
-314	4.13609000e+05	2.35000000e+02	3.73000000e+02	5.38000000e+02
-313	4.16816000e+05	2.34000000e+02	3.74000000e+02	5.39000000e+02
-312	4.20164000e+05	2.19000000e+02	3.75000000e+02	5.40000000e+02
-311	4.22840000e+05	2.19000000e+02	3.75000000e+02	5.40000000e+02
-310	4.25218000e+05	2.19000000e+02	3.75000000e+02	5.40000000e+02
-309	4.28251000e+05	2.19000000e+02	3.75000000e+02	5.40000000e+02
-308	4.31212000e+05	2.19000000e+02	3.75000000e+02	5.40000000e+02
-307	4.34356000e+05	2.42000000e+02	3.77000000e+02	5.42000000e+02
-306	4.37443000e+05	2.36000000e+02	3.78000000e+02	5.43000000e+02
-305	4.40986000e+05	2.36000000e+02	3.78000000e+02	5.43000000e+02
-304	4.44846000e+05	2.36000000e+02	3.78000000e+02	5.43000000e+02
-303	4.48137000e+05	2.36000000e+02	3.78000000e+02	5.43000000e+02
-302	4.50918000e+05	2.36000000e+02	3.78000000e+02	5.43000000e+02
-301	4.54134000e+05	2.36000000e+02	3.78000000e+02	5.43000000e+02
-300	4.57102000e+05	2.36000000e+02	3.78000000e+02	5.43000000e+02
-299	4.59657000e+05	2.36000000e+02	3.78000000e+02	5.43000000e+02
-298	4.62732000e+05	2.36000000e+02	3.78000000e+02	5.43000000e+02
-297	4.66671000e+05	2.36000000e+02	3.78000000e+02	5.43000000e+02
-296	4.69636000e+05	2.36000000e+02	3.78000000e+02	5.43000000e+02
-295	4.72305000e+05	2.36000000e+02	3.78000000e+02	5.43000000e+02
-294	4.75191000e+05	2.36000000e+02	3.78000000e+02	5.43000000e+02
-293	4.77917000e+05	2.36000000e+02	3.78000000e+02	5.43000000e+02
-292	4.81269000e+05	2.43000000e+02	3.79000000e+02	5.44000000e+02
-291	4.84926000e+05	2.43000000e+02	3.79000000e+02	5.44000000e+02
-290	4.88884000e+05	2.43000000e+02	3.79000000e+02	5.44000000e+02
-289	4.95023000e+05	2.43000000e+02	3.79000000e+02	5.44000000e+02
-288	4.99132000e+05	2.43000000e+02	3.79000000e+02	5.44000000e+02
-287	5.02960000e+05	2.43000000e+02	3.79000000e+02	5.44000000e+02
-286	5.06376000e+05	2.48000000e+02	3.80000000e+02	5.45000000e+02
-285	5.10159000e+05	2.50000000e+02	3.81000000e+02	5.46000000e+02
-284	5.14323000e+05	2.50000000e+02	3.81000000e+02	5.46000000e+02
-283	5.18634000e+05	2.50000000e+02	3.81000000e+02	5.46000000e+02
-282	5.22646000e+05	2.50000000e+02	3.82000000e+02	5.49000000e+02
-281	5.26449000e+05	2.46000000e+02	3.84000000e+02	5.51000000e+02
-280	5.30274000e+05	2.46000000e+02	3.84000000e+02	5.51000000e+02
-279	5.33372000e+05	2.46000000e+02	3.84000000e+02	5.51000000e+02
-278	5.36872000e+05	2.46000000e+02	3.84000000e+02	5.51000000e+02
-277	5.40664000e+05	2.34000000e+02	3.87000000e+02	5.54000000e+02
-276	5.44466000e+05	2.34000000e+02	3.87000000e+02	5.54000000e+02
-275	5.47964000e+05	2.34000000e+02	3.87000000e+02	5.54000000e+02
-274	5.51424000e+05	2.36000000e+02	3.91000000e+02	5.58000000e+02
-273	5.54816000e+05	2.37000000e+02	3.92000000e+02	5.59000000e+02
-272	5.59662000e+05	2.31000000e+02	3.99000000e+02	5.67000000e+02
-271	5.64243000e+05	2.44000000e+02	4.04000000e+02	5.72000000e+02
-270	5.69450000e+05	2.48000000e+02	4.06000000e+02	5.74000000e+02
-269	5.74848000e+05	2.48000000e+02	4.06000000e+02	5.74000000e+02
-268	5.79880000e+05	2.48000000e+02	4.06000000e+02	5.74000000e+02
-267	5.83946000e+05	2.32000000e+02	4.07000000e+02	5.75000000e+02
-266	5.88176000e+05	2.57000000e+02	4.09000000e+02	5.77000000e+02
-265	5.93402000e+05	2.48000000e+02	4.11000000e+02	5.81000000e+02
-264	5.98933000e+05	2.64000000e+02	4.15000000e+02	5.86000000e+02
-263	6.04937000e+05	2.64000000e+02	4.15000000e+02	5.86000000e+02
-262	6.11054000e+05	2.64000000e+02	4.15000000e+02	5.86000000e+02
-261	6.16047000e+05	2.64000000e+02	4.15000000e+02	5.86000000e+02
-260	6.20684000e+05	2.67000000e+02	4.17000000e+02	5.89000000e+02
-259	6.25187000e+05	2.63000000e+02	4.20000000e+02	5.92000000e+02
-258	6.30627000e+05	2.67000000e+02	4.22000000e+02	5.94000000e+02
-257	6.36694000e+05	2.67000000e+02	4.22000000e+02	5.94000000e+02
-256	6.43684000e+05	2.56000000e+02	4.23000000e+02	5.95000000e+02
-255	6.50530000e+05	2.56000000e+02	4.23000000e+02	5.95000000e+02
-254	6.55861000e+05	2.68000000e+02	4.24000000e+02	5.96000000e+02
-253	6.60829000e+05	2.68000000e+02	4.25000000e+02	5.97000000e+02
-252	6.65892000e+05	2.68000000e+02	4.25000000e+02	5.97000000e+02
-251	6.71125000e+05	2.68000000e+02	4.25000000e+02	5.97000000e+02
-250	6.76262000e+05	2.69000000e+02	4.26000000e+02	5.98000000e+02
-249	6.81082000e+05	2.69000000e+02	4.26000000e+02	5.98000000e+02
-248	6.86126000e+05	2.69000000e+02	4.26000000e+02	5.98000000e+02
-247	6.90550000e+05	2.69000000e+02	4.26000000e+02	5.98000000e+02
-246	6.94734000e+05	2.69000000e+02	4.28000000e+02	6.00000000e+02
-245	6.98512000e+05	2.69000000e+02	4.28000000e+02	6.00000000e+02
-244	7.02466000e+05	2.69000000e+02	4.28000000e+02	6.00000000e+02
-243	7.06787000e+05	2.69000000e+02	4.28000000e+02	6.00000000e+02
-242	7.11037000e+05	2.69000000e+02	4.28000000e+02	6.00000000e+02
-241	7.16373000e+05	2.69000000e+02	4.28000000e+02	6.00000000e+02
-240	7.20417000e+05	2.69000000e+02	4.28000000e+02	6.00000000e+02
-239	7.23864000e+05	2.68000000e+02	4.34000000e+02	6.08000000e+02
-238	7.27165000e+05	2.68000000e+02	4.34000000e+02	6.08000000e+02
-237	7.30337000e+05	2.68000000e+02	4.34000000e+02	6.08000000e+02
-236	7.34218000e+05	2.61000000e+02	4.41000000e+02	6.19000000e+02
-235	7.39311000e+05	2.61000000e+02	4.41000000e+02	6.19000000e+02
-234	7.43750000e+05	2.68000000e+02	4.44000000e+02	6.24000000e+02
-233	7.47391000e+05	2.68000000e+02	4.44000000e+02	6.24000000e+02
-232	7.51296000e+05	2.70000000e+02	4.45000000e+02	6.26000000e+02
-231	7.55967000e+05	2.70000000e+02	4.45000000e+02	6.26000000e+02
-230	7.61342000e+05	2.66000000e+02	4.47000000e+02	6.29000000e+02
-229	7.66599000e+05	2.93000000e+02	4.49000000e+02	6.35000000e+02
-228	7.71862000e+05	2.93000000e+02	4.49000000e+02	6.35000000e+02
-227	7.77440000e+05	2.77000000e+02	4.50000000e+02	6.36000000e+02
-226	7.81832000e+05	2.77000000e+02	4.50000000e+02	6.36000000e+02
-225	7.86042000e+05	2.77000000e+02	4.50000000e+02	6.36000000e+02
-224	7.89875000e+05	2.82000000e+02	4.51000000e+02	6.37000000e+02
-223	7.94278000e+05	2.82000000e+02	4.51000000e+02	6.37000000e+02
-222	7.99805000e+05	2.82000000e+02	4.51000000e+02	6.37000000e+02
-221	8.05342000e+05	2.84000000e+02	4.52000000e+02	6.38000000e+02
-220	8.11059000e+05	2.94000000e+02	4.54000000e+02	6.41000000e+02
-219	8.16513000e+05	2.94000000e+02	4.54000000e+02	6.41000000e+02
-218	8.22171000e+05	2.83000000e+02	4.55000000e+02	6.42000000e+02
-217	8.27410000e+05	2.99000000e+02	4.56000000e+02	6.43000000e+02
-216	8.32237000e+05	2.86000000e+02	4.58000000e+02	6.45000000e+02
-215	8.36777000e+05	2.86000000e+02	4.58000000e+02	6.45000000e+02
-214	8.42050000e+05	2.86000000e+02	4.58000000e+02	6.45000000e+02
-213	8.48390000e+05	2.97000000e+02	4.60000000e+02	6.49000000e+02
-212	8.54866000e+05	2.97000000e+02	4.60000000e+02	6.49000000e+02
-211	8.61453000e+05	2.97000000e+02	4.62000000e+02	6.51000000e+02
-210	8.70621000e+05	2.96000000e+02	4.63000000e+02	6.52000000e+02
-209	8.80510000e+05	2.86000000e+02	4.64000000e+02	6.54000000e+02
-208	8.89178000e+05	2.79000000e+02	4.67000000e+02	6.59000000e+02
-207	8.97400000e+05	2.77000000e+02	4.69000000e+02	6.64000000e+02
-206	9.05811000e+05	2.82000000e+02	4.71000000e+02	6.67000000e+02
-205	9.20215000e+05	2.82000000e+02	4.71000000e+02	6.67000000e+02
-204	9.27829000e+05	2.82000000e+02	4.71000000e+02	6.67000000e+02
-203	9.35826000e+05	2.82000000e+02	4.72000000e+02	6.68000000e+02
-202	9.42999000e+05	2.82000000e+02	4.72000000e+02	6.68000000e+02
-201	9.49730000e+05	2.96000000e+02	4.78000000e+02	6.74000000e+02
-200	9.57097000e+05	2.98000000e+02	4.82000000e+02	6.79000000e+02
-199	9.64687000e+05	3.14000000e+02	4.84000000e+02	6.85000000e+02
-198	9.78874000e+05	3.24000000e+02	4.89000000e+02	6.91000000e+02
-197	9.90114000e+05	3.33000000e+02	4.91000000e+02	6.93000000e+02
-196	9.99812000e+05	3.33000000e+02	4.91000000e+02	6.93000000e+02
-195	1.01008100e+06	2.96000000e+02	4.93000000e+02	6.95000000e+02
-194	1.01703700e+06	3.19000000e+02	4.96000000e+02	6.98000000e+02
-193	1.02350700e+06	3.18000000e+02	4.99000000e+02	7.03000000e+02
-192	1.02903400e+06	3.28000000e+02	5.00000000e+02	7.04000000e+02
-191	1.03321500e+06	3.27000000e+02	5.04000000e+02	7.08000000e+02
-190	1.03690900e+06	3.27000000e+02	5.04000000e+02	7.08000000e+02
-189	1.03996300e+06	3.27000000e+02	5.04000000e+02	7.08000000e+02
-188	1.04247500e+06	3.31000000e+02	5.05000000e+02	7.10000000e+02
-187	1.04437400e+06	3.31000000e+02	5.05000000e+02	7.10000000e+02
-186	1.04642300e+06	3.32000000e+02	5.06000000e+02	7.11000000e+02
-185	1.04853000e+06	3.18000000e+02	5.08000000e+02	7.13000000e+02
-184	1.05065000e+06	3.18000000e+02	5.08000000e+02	7.13000000e+02
-183	1.05196600e+06	3.32000000e+02	5.10000000e+02	7.15000000e+02
-182	1.05310200e+06	3.20000000e+02	5.11000000e+02	7.16000000e+02
-181	1.05422500e+06	3.40000000e+02	5.12000000e+02	7.18000000e+02
-180	1.05520400e+06	3.40000000e+02	5.12000000e+02	7.18000000e+02
-179	1.05633400e+06	3.40000000e+02	5.14000000e+02	7.20000000e+02
-178	1.05754700e+06	3.36000000e+02	5.15000000e+02	7.21000000e+02
-177	1.05890400e+06	3.36000000e+02	5.15000000e+02	7.21000000e+02
-176	1.06191400e+06	3.45000000e+02	5.20000000e+02	7.31000000e+02
-175	1.06466200e+06	3.50000000e+02	5.21000000e+02	7.33000000e+02
-174	1.06638600e+06	3.50000000e+02	5.21000000e+02	7.33000000e+02
-173	1.06769300e+06	3.30000000e+02	5.24000000e+02	7.36000000e+02
-172	1.06908800e+06	3.51000000e+02	5.26000000e+02	7.39000000e+02
-171	1.07109000e+06	3.25000000e+02	5.28000000e+02	7.41000000e+02
-170	1.07207900e+06	3.50000000e+02	5.29000000e+02	7.42000000e+02
-169	1.07264600e+06	3.55000000e+02	5.30000000e+02	7.43000000e+02
-168	1.07318500e+06	3.35000000e+02	5.32000000e+02	7.45000000e+02
-167	1.07373400e+06	3.43000000e+02	5.36000000e+02	7.49000000e+02
-166	1.07423400e+06	3.55000000e+02	5.37000000e+02	7.50000000e+02
-165	1.07475800e+06	3.65000000e+02	5.40000000e+02	7.54000000e+02
-164	1.07553200e+06	3.62000000e+02	5.43000000e+02	7.58000000e+02
-163	1.07618700e+06	3.61000000e+02	5.47000000e+02	7.63000000e+02
-162	1.07679600e+06	3.79000000e+02	5.51000000e+02	7.68000000e+02
-161	1.07726700e+06	3.71000000e+02	5.56000000e+02	7.73000000e+02
-160	1.07774300e+06	3.71000000e+02	5.56000000e+02	7.73000000e+02
-159	1.07820500e+06	3.71000000e+02	5.56000000e+02	7.73000000e+02
-158	1.07863100e+06	3.77000000e+02	5.57000000e+02	7.74000000e+02
-157	1.07915800e+06	3.77000000e+02	5.57000000e+02	7.74000000e+02
-156	1.07967000e+06	3.77000000e+02	5.57000000e+02	7.74000000e+02
-155	1.08023700e+06	3.81000000e+02	5.60000000e+02	7.82000000e+02
-154	1.08073300e+06	3.84000000e+02	5.62000000e+02	7.85000000e+02
-153	1.08125500e+06	3.84000000e+02	5.62000000e+02	7.85000000e+02
-152	1.08165200e+06	3.84000000e+02	5.62000000e+02	7.85000000e+02
-151	1.08209700e+06	3.84000000e+02	5.62000000e+02	7.85000000e+02
-150	1.08264900e+06	3.57000000e+02	5.64000000e+02	7.87000000e+02
-149	1.08315400e+06	3.85000000e+02	5.65000000e+02	7.88000000e+02
-148	1.08383200e+06	3.75000000e+02	5.66000000e+02	7.90000000e+02
-147	1.08461300e+06	3.87000000e+02	5.72000000e+02	7.97000000e+02
-146	1.08614400e+06	3.79000000e+02	5.78000000e+02	8.07000000e+02
-145	1.08740700e+06	3.88000000e+02	5.79000000e+02	8.08000000e+02
-144	1.08914100e+06	4.00000000e+02	5.83000000e+02	8.14000000e+02
-143	1.09045700e+06	3.74000000e+02	5.85000000e+02	8.18000000e+02
-142	1.09125100e+06	4.07000000e+02	5.90000000e+02	8.23000000e+02
-141	1.09190900e+06	4.00000000e+02	5.91000000e+02	8.24000000e+02
-140	1.09258000e+06	3.79000000e+02	5.93000000e+02	8.26000000e+02
-139	1.09311700e+06	4.03000000e+02	5.95000000e+02	8.28000000e+02
-138	1.09361400e+06	4.26000000e+02	5.97000000e+02	8.30000000e+02
-137	1.09414200e+06	4.01000000e+02	6.00000000e+02	8.34000000e+02
-136	1.09479600e+06	4.12000000e+02	6.00000000e+02	8.35000000e+02
-135	1.09534800e+06	4.11000000e+02	6.03000000e+02	8.38000000e+02
-134	1.09593900e+06	4.25000000e+02	6.07000000e+02	8.42000000e+02
-133	1.09645800e+06	4.21000000e+02	6.11000000e+02	8.47000000e+02
-132	1.09693400e+06	4.29000000e+02	6.15000000e+02	8.53000000e+02
-131	1.09734400e+06	4.29000000e+02	6.15000000e+02	8.53000000e+02
-130	1.09774500e+06	4.24000000e+02	6.16000000e+02	8.54000000e+02
-129	1.09821200e+06	4.28000000e+02	6.17000000e+02	8.55000000e+02
-128	1.09868400e+06	4.04000000e+02	6.19000000e+02	8.57000000e+02
-127	1.09917600e+06	4.10000000e+02	6.21000000e+02	8.60000000e+02
-126	1.09961000e+06	4.08000000e+02	6.22000000e+02	8.61000000e+02
-125	1.10012000e+06	4.25000000e+02	6.23000000e+02	8.62000000e+02
-124	1.10063900e+06	4.05000000e+02	6.27000000e+02	8.66000000e+02
-123	1.10113100e+06	4.13000000e+02	6.30000000e+02	8.71000000e+02
-122	1.10194300e+06	4.14000000e+02	6.31000000e+02	8.72000000e+02
-121	1.10291900e+06	4.38000000e+02	6.37000000e+02	8.78000000e+02
-120	1.10376100e+06	4.22000000e+02	6.40000000e+02	8.82000000e+02
-119	1.10578700e+06	4.81000000e+02	6.73000000e+02	9.18000000e+02
-118	1.10863700e+06	5.12000000e+02	7.08000000e+02	9.60000000e+02
-117	1.11155300e+06	4.95000000e+02	7.29000000e+02	9.83000000e+02
-116	1.11311200e+06	5.23000000e+02	7.41000000e+02	9.98000000e+02
-115	1.11460600e+06	4.84000000e+02	7.44000000e+02	1.00100000e+03
-114	1.11571200e+06	4.90000000e+02	7.50000000e+02	1.01000000e+03
-113	1.11682800e+06	4.97000000e+02	7.61000000e+02	1.02400000e+03
-112	1.11778800e+06	5.03000000e+02	7.67000000e+02	1.03100000e+03
-111	1.11856400e+06	5.07000000e+02	7.72000000e+02	1.03800000e+03
-110	1.11929400e+06	5.10000000e+02	7.76000000e+02	1.04400000e+03
-109	1.12003300e+06	5.14000000e+02	7.81000000e+02	1.04900000e+03
-108	1.12078800e+06	5.16000000e+02	7.83000000e+02	1.05100000e+03
-107	1.12124300e+06	5.19000000e+02	7.86000000e+02	1.05400000e+03
-106	1.12162300e+06	5.22000000e+02	7.90000000e+02	1.05900000e+03
-105	1.12202800e+06	5.25000000e+02	7.93000000e+02	1.06200000e+03
-104	1.12243400e+06	5.29000000e+02	7.97000000e+02	1.06600000e+03
-103	1.12276500e+06	5.29000000e+02	7.97000000e+02	1.06600000e+03
-102	1.12313600e+06	5.32000000e+02	8.00000000e+02	1.06900000e+03
-101	1.12354800e+06	5.33000000e+02	8.01000000e+02	1.07000000e+03
-100	1.12388700e+06	5.36000000e+02	8.04000000e+02	1.07300000e+03
-99	1.12420000e+06	5.38000000e+02	8.07000000e+02	1.07600000e+03
-98	1.12450900e+06	5.38000000e+02	8.07000000e+02	1.07600000e+03
-97	1.12479800e+06	5.39000000e+02	8.08000000e+02	1.07800000e+03
-96	1.12511400e+06	5.40000000e+02	8.09000000e+02	1.07900000e+03
-95	1.12540800e+06	5.41000000e+02	8.12000000e+02	1.08200000e+03
-94	1.12572500e+06	5.43000000e+02	8.16000000e+02	1.08700000e+03
-93	1.12602100e+06	5.43000000e+02	8.16000000e+02	1.08700000e+03
-92	1.12626500e+06	5.43000000e+02	8.16000000e+02	1.08700000e+03
-91	1.12652000e+06	5.44000000e+02	8.17000000e+02	1.08800000e+03
-90	1.12682100e+06	5.45000000e+02	8.18000000e+02	1.08900000e+03
-89	1.12708100e+06	5.49000000e+02	8.23000000e+02	1.09600000e+03
-88	1.12733700e+06	5.50000000e+02	8.24000000e+02	1.09700000e+03
-87	1.12759500e+06	5.53000000e+02	8.27000000e+02	1.10100000e+03
-86	1.12788100e+06	5.56000000e+02	8.30000000e+02	1.10400000e+03
-85	1.12788100e+06	5.59000000e+02	8.33000000e+02	1.10700000e+03
-84	1.12812600e+06	5.59000000e+02	8.33000000e+02	1.10700000e+03
-83	1.12812600e+06	5.60000000e+02	8.34000000e+02	1.10800000e+03
-82	1.12838900e+06	5.62000000e+02	8.36000000e+02	1.11100000e+03
-81	1.12838900e+06	5.65000000e+02	8.40000000e+02	1.11500000e+03
-80	1.12864600e+06	5.67000000e+02	8.42000000e+02	1.11700000e+03
-79	1.12892500e+06	5.67000000e+02	8.42000000e+02	1.11700000e+03
-78	1.12914600e+06	5.68000000e+02	8.43000000e+02	1.11800000e+03
-77	1.12936100e+06	5.72000000e+02	8.48000000e+02	1.12400000e+03
-76	1.12959400e+06	5.76000000e+02	8.52000000e+02	1.12900000e+03
-75	1.12982000e+06	5.78000000e+02	8.54000000e+02	1.13100000e+03
-74	1.13004400e+06	5.85000000e+02	8.61000000e+02	1.13800000e+03
-73	1.13030000e+06	5.86000000e+02	8.62000000e+02	1.14000000e+03
-72	1.13056000e+06	5.87000000e+02	8.63000000e+02	1.14100000e+03
-71	1.13077900e+06	5.90000000e+02	8.66000000e+02	1.14400000e+03
-70	1.13105400e+06	5.95000000e+02	8.71000000e+02	1.15000000e+03
-69	1.13126600e+06	5.99000000e+02	8.76000000e+02	1.15800000e+03
-68	1.13151000e+06	6.06000000e+02	8.87000000e+02	1.17400000e+03
-67	1.13177800e+06	6.08000000e+02	8.89000000e+02	1.17600000e+03
-66	1.13199700e+06	6.09000000e+02	8.90000000e+02	1.17700000e+03
-65	1.13228800e+06	6.09000000e+02	8.90000000e+02	1.17700000e+03
-64	1.13228800e+06	6.10000000e+02	8.92000000e+02	1.17900000e+03
-63	1.13228800e+06	6.12000000e+02	8.94000000e+02	1.18100000e+03
-62	1.13228800e+06	6.13000000e+02	8.96000000e+02	1.18300000e+03
-61	1.13253000e+06	6.15000000e+02	8.99000000e+02	1.18600000e+03
-60	1.13273300e+06	6.17000000e+02	9.02000000e+02	1.19000000e+03
-59	1.13296900e+06	6.18000000e+02	9.04000000e+02	1.19200000e+03
-58	1.13317800e+06	6.21000000e+02	9.08000000e+02	1.19600000e+03
-57	1.13340000e+06	6.22000000e+02	9.09000000e+02	1.19700000e+03
-56	1.13364000e+06	6.25000000e+02	9.12000000e+02	1.20000000e+03
-55	1.13394900e+06	6.27000000e+02	9.17000000e+02	1.20500000e+03
-54	1.13423900e+06	6.28000000e+02	9.20000000e+02	1.20800000e+03
-53	1.13449500e+06	6.32000000e+02	9.24000000e+02	1.21300000e+03
-52	1.13475200e+06	6.32000000e+02	9.24000000e+02	1.21300000e+03
-51	1.13495800e+06	6.35000000e+02	9.27000000e+02	1.21600000e+03
-50	1.13521200e+06	6.37000000e+02	9.30000000e+02	1.22100000e+03
-49	1.13560100e+06	6.42000000e+02	9.38000000e+02	1.23000000e+03
-48	1.13619900e+06	6.64000000e+02	9.63000000e+02	1.26000000e+03
-47	1.13667700e+06	6.70000000e+02	9.72000000e+02	1.26900000e+03
-46	1.13732500e+06	6.79000000e+02	9.83000000e+02	1.28400000e+03
-45	1.13813900e+06	6.92000000e+02	1.00000000e+03	1.30100000e+03
-44	1.13861200e+06	6.98000000e+02	1.00900000e+03	1.31200000e+03
-43	1.13906800e+06	7.02000000e+02	1.01500000e+03	1.32200000e+03
-42	1.13967300e+06	7.06000000e+02	1.02200000e+03	1.33000000e+03
-41	1.14014400e+06	7.06000000e+02	1.02200000e+03	1.33000000e+03
-40	1.14057100e+06	7.07000000e+02	1.02500000e+03	1.33400000e+03
-39	1.14094600e+06	7.09000000e+02	1.02900000e+03	1.34200000e+03
-38	1.14148000e+06	7.10000000e+02	1.03200000e+03	1.34600000e+03
-37	1.14192400e+06	7.14000000e+02	1.03700000e+03	1.35100000e+03
-36	1.14231800e+06	7.16000000e+02	1.04100000e+03	1.35600000e+03
-35	1.14296700e+06	7.32000000e+02	1.06300000e+03	1.37900000e+03
-34	1.14348100e+06	7.42000000e+02	1.07400000e+03	1.39000000e+03
-33	1.14393900e+06	7.57000000e+02	1.09700000e+03	1.42300000e+03
-32	1.14393900e+06	7.63000000e+02	1.10400000e+03	1.43100000e+03
-31	1.14447800e+06	7.66000000e+02	1.10700000e+03	1.43500000e+03
-30	1.14496400e+06	7.68000000e+02	1.11000000e+03	1.43800000e+03
-29	1.14541900e+06	7.70000000e+02	1.11300000e+03	1.44100000e+03
-28	1.14581200e+06	7.70000000e+02	1.11300000e+03	1.44100000e+03
-27	1.14623600e+06	7.71000000e+02	1.11400000e+03	1.44200000e+03
-26	1.14662500e+06	7.72000000e+02	1.11600000e+03	1.44400000e+03
-25	1.14662500e+06	7.73000000e+02	1.11700000e+03	1.44500000e+03
-24	1.14719400e+06	7.73000000e+02	1.11900000e+03	1.44800000e+03
-23	1.14775000e+06	7.76000000e+02	1.12200000e+03	1.45200000e+03
-22	1.14819200e+06	7.76000000e+02	1.12200000e+03	1.45200000e+03
-21	1.14867200e+06	7.77000000e+02	1.12300000e+03	1.45300000e+03
-20	1.14921700e+06	7.77000000e+02	1.12300000e+03	1.45300000e+03
-19	1.14978500e+06	7.77000000e+02	1.12600000e+03	1.45700000e+03
-18	1.15040900e+06	7.83000000e+02	1.13800000e+03	1.47500000e+03
-17	1.15099000e+06	7.96000000e+02	1.15100000e+03	1.49300000e+03
-16	1.15159000e+06	8.05000000e+02	1.16300000e+03	1.50700000e+03
-15	1.15233000e+06	8.21000000e+02	1.18300000e+03	1.53000000e+03
-14	1.15301500e+06	8.28000000e+02	1.19200000e+03	1.54200000e+03
-13	1.15381800e+06	8.36000000e+02	1.20300000e+03	1.55400000e+03
-12	1.15454300e+06	8.63000000e+02	1.24900000e+03	1.61000000e+03
-11	1.15533800e+06	8.85000000e+02	1.27700000e+03	1.64200000e+03
-10	1.15633500e+06	8.89000000e+02	1.28300000e+03	1.65100000e+03
-9	1.15706000e+06	8.93000000e+02	1.29100000e+03	1.65900000e+03
-8	1.15795500e+06	8.95000000e+02	1.29600000e+03	1.66700000e+03
-7	1.15884100e+06	8.96000000e+02	1.30000000e+03	1.67100000e+03
-6	1.16088200e+06	9.06000000e+02	1.31800000e+03	1.69300000e+03
-5	1.16265500e+06	9.13000000e+02	1.33900000e+03	1.71500000e+03
-4	1.16431300e+06	9.18000000e+02	1.35300000e+03	1.73500000e+03
-3	1.16614400e+06	9.25000000e+02	1.36600000e+03	1.75700000e+03
-2	1.16795500e+06	9.38000000e+02	1.38600000e+03	1.78300000e+03
-1	1.16989400e+06	9.45000000e+02	1.40400000e+03	1.80500000e+03
0	1.17267200e+06	9.60000000e+02	1.44000000e+03	1.87000000e+03
1	1.17710300e+06	9.76000000e+02	1.47200000e+03	1.92400000e+03
2	1.18226900e+06	9.97000000e+02	1.52600000e+03	1.99600000e+03
3	1.18673200e+06	1.03000000e+03	1.60600000e+03	2.12400000e+03
4	1.19189900e+06	1.15300000e+03	1.83400000e+03	2.40500000e+03
5	1.19533900e+06	1.24400000e+03	2.01500000e+03	2.64500000e+03
6	1.19879600e+06	1.26000000e+03	2.10900000e+03	2.77300000e+03
7	1.20160700e+06	1.27600000e+03	2.21400000e+03	2.92100000e+03
8	1.20351800e+06	1.28900000e+03	2.24600000e+03	2.97100000e+03
9	1.20579500e+06	1.29900000e+03	2.28800000e+03	3.03800000e+03
10	1.20848800e+06	1.31500000e+03	2.33100000e+03	3.10100000e+03
11	1.21178000e+06	1.33000000e+03	2.37000000e+03	3.15100000e+03
12	1.21437000e+06	1.33700000e+03	2.40000000e+03	3.18800000e+03
13	1.21666300e+06	1.34700000e+03	2.43200000e+03	3.24600000e+03
14	1.21880800e+06	1.36100000e+03	2.48100000e+03	3.37100000e+03
15	1.22084200e+06	1.37400000e+03	2.52200000e+03	3.43100000e+03
16	1.22304000e+06	1.38500000e+03	2.55700000e+03	3.42400000e+03
17	1.22538100e+06	1.39800000e+03	2.59600000e+03	3.47400000e+03
18	1.22779400e+06	1.40600000e+03	2.63500000e+03	3.53200000e+03
19	1.22959400e+06	1.41500000e+03	2.67300000e+03	3.58100000e+03
20	1.23121700e+06	1.45200000e+03	2.73700000e+03	3.66900000e+03
21	1.23279200e+06	1.45400000e+03	2.76000000e+03	3.70700000e+03
22	1.23457800e+06	1.46700000e+03	2.79900000e+03	3.75700000e+03
23	1.23634700e+06	1.48100000e+03	2.84300000e+03	3.81000000e+03
24	1.23854900e+06	1.48700000e+03	2.87000000e+03	3.85800000e+03
25	1.24070000e+06	1.49700000e+03	2.89600000e+03	3.89200000e+03
26	1.24241700e+06	1.50700000e+03	2.93400000e+03	3.94600000e+03
27	1.24395000e+06	1.51800000e+03	2.95700000e+03	3.98200000e+03
28	1.24523700e+06	1.52200000e+03	2.98600000e+03	4.01600000e+03
29	1.24661400e+06	1.53100000e+03	3.00800000e+03	4.04900000e+03
30	1.24796800e+06	1.53800000e+03	3.03000000e+03	4.08400000e+03
31	1.24995900e+06	1.54600000e+03	3.05900000e+03	4.12200000e+03
32	1.25232900e+06	1.55700000e+03	3.09700000e+03	4.17400000e+03
33	1.25405900e+06	1.56500000e+03	3.12500000e+03	4.20900000e+03
34	1.25532900e+06	1.57000000e+03	3.14900000e+03	4.24200000e+03
35	1.25658200e+06	1.57400000e+03	3.17700000e+03	4.28200000e+03
36	1.25766200e+06	1.57600000e+03	3.21800000e+03	4.33400000e+03
37	1.25766200e+06	1.58000000e+03	3.24800000e+03	4.38300000e+03
38	1.25766200e+06	1.58300000e+03	3.27300000e+03	4.42100000e+03
39	1.25940400e+06	1.59100000e+03	3.31100000e+03	4.47600000e+03
40	1.26073600e+06	1.61400000e+03	3.39900000e+03	4.60000000e+03
41	1.26195400e+06	1.62400000e+03	3.49000000e+03	4.73700000e+03
42	1.26281900e+06	1.63400000e+03	3.53500000e+03	4.81100000e+03
43	1.26355600e+06	1.64400000e+03	3.57200000e+03	4.86000000e+03
44	1.26434700e+06	1.64800000e+03	3.59900000e+03	4.90400000e+03
45	1.26536600e+06	1.65400000e+03	3.64200000e+03	4.97200000e+03
46	1.26643100e+06	1.66200000e+03	3.66600000e+03	5.01000000e+03
47	1.26741200e+06	1.66900000e+03	3.68900000e+03	5.06000000e+03
48	1.26831700e+06	1.67300000e+03	3.71400000e+03	5.09900000e+03
49	1.26929800e+06	1.67900000e+03	3.73500000e+03	5.14300000e+03
50	1.26998800e+06	1.68300000e+03	3.74900000e+03	5.16200000e+03
51	1.27080400e+06	1.69600000e+03	3.77300000e+03	5.19000000e+03
52	1.27169600e+06	1.69700000e+03	3.78300000e+03	5.20300000e+03
53	1.27169600e+06	1.69900000e+03	3.79700000e+03	5.22400000e+03
54	1.27230300e+06	1.70300000e+03	3.81600000e+03	5.25400000e+03
55	1.27282900e+06	1.70300000e+03	3.82400000e+03	5.26800000e+03
56	1.27342800e+06	1.70300000e+03	3.83100000e+03	5.27700000e+03
57	1.27396700e+06	1.70300000e+03	3.83400000e+03	5.28000000e+03
58	1.27452800e+06	1.70600000e+03	3.84000000e+03	5.28700000e+03
59	1.27510900e+06	1.70800000e+03	3.85000000e+03	5.30300000e+03
60	1.27574100e+06	1.71100000e+03	3.86600000e+03	5.32700000e+03
61	1.27622600e+06	1.71500000e+03	3.87500000e+03	5.34100000e+03
62	1.27667000e+06	1.71500000e+03	3.87900000e+03	5.35100000e+03
63	1.27719900e+06	1.71700000e+03	3.88600000e+03	5.36600000e+03
64	1.27760300e+06	1.71700000e+03	3.89100000e+03	5.37400000e+03
65	1.27809300e+06	1.72000000e+03	3.90700000e+03	5.39600000e+03
66	1.27869800e+06	1.72700000e+03	3.92600000e+03	5.42500000e+03
67	1.27929300e+06	1.72700000e+03	3.94200000e+03	5.45200000e+03
68	1.27970600e+06	1.72800000e+03	3.94600000e+03	5.46100000e+03
69	1.28011400e+06	1.73000000e+03	3.95300000e+03	5.47100000e+03
70	1.28041800e+06	1.73100000e+03	3.95900000e+03	5.48600000e+03
71	1.28077700e+06	1.73400000e+03	3.96900000e+03	5.50200000e+03
72	1.28123100e+06	1.73500000e+03	3.97600000e+03	5.51000000e+03
73	1.28164200e+06	1.73800000e+03	3.98700000e+03	5.52400000e+03
74	1.28209900e+06	1.74000000e+03	3.99200000e+03	5.53000000e+03
75	1.28243500e+06	1.74000000e+03	4.00300000e+03	5.55000000e+03
76	1.28280300e+06	1.74000000e+03	4.00500000e+03	5.55800000e+03
77	1.28314200e+06	1.74100000e+03	4.01000000e+03	5.56500000e+03
78	1.28354200e+06	1.74200000e+03	4.01300000e+03	5.57100000e+03
79	1.28398900e+06	1.74500000e+03	4.02000000e+03	5.57900000e+03
80	1.28444000e+06	1.75000000e+03	4.03100000e+03	5.59200000e+03
81	1.28586400e+06	1.75700000e+03	4.05100000e+03	5.61500000e+03
82	1.28640100e+06	1.75700000e+03	4.05700000e+03	5.62300000e+03
83	1.28673200e+06	1.75900000e+03	4.06000000e+03	5.62600000e+03
84	1.28705700e+06	1.76000000e+03	4.06300000e+03	5.62900000e+03
85	1.28739200e+06	1.76200000e+03	4.06800000e+03	5.63500000e+03
86	1.28772200e+06	1.76400000e+03	4.07400000e+03	5.64300000e+03
87	1.28804300e+06	1.76400000e+03	4.07800000e+03	5.64800000e+03
88	1.28839100e+06	1.76400000e+03	4.08000000e+03	5.65300000e+03
89	1.28866500e+06	1.77000000e+03	4.09200000e+03	5.66800000e+03
90	1.28890100e+06	1.77100000e+03	4.10000000e+03	5.68000000e+03
91	1.28912000e+06	1.77100000e+03	4.10200000e+03	5.68400000e+03
92	1.28934500e+06	1.77100000e+03	4.10600000e+03	5.69100000e+03
93	1.28956400e+06	1.77100000e+03	4.10700000e+03	5.69200000e+03
94	1.28980500e+06	1.77100000e+03	4.10800000e+03	5.69400000e+03
95	1.29000600e+06	1.77300000e+03	4.11400000e+03	5.70100000e+03
96	1.29021500e+06	1.77400000e+03	4.11600000e+03	5.70300000e+03
97	1.29041800e+06	1.77400000e+03	4.11800000e+03	5.70500000e+03
98	1.29060800e+06	1.77500000e+03	4.13000000e+03	5.72000000e+03
99	1.29079500e+06	1.77600000e+03	4.13500000e+03	5.73200000e+03
100	1.29103300e+06	1.77800000e+03	4.14400000e+03	5.74500000e+03
