Day_(movie_time)	Views	Users	Rigor	Edits
-460	0.00000000e+00	0.00000000e+00	0.00000000e+00	0.00000000e+00
-459	0.00000000e+00	0.00000000e+00	0.00000000e+00	0.00000000e+00
-458	0.00000000e+00	0.00000000e+00	0.00000000e+00	0.00000000e+00
-457	0.00000000e+00	0.00000000e+00	0.00000000e+00	0.00000000e+00
-456	0.00000000e+00	0.00000000e+00	0.00000000e+00	0.00000000e+00
-455	0.00000000e+00	0.00000000e+00	0.00000000e+00	0.00000000e+00
-454	0.00000000e+00	0.00000000e+00	0.00000000e+00	0.00000000e+00
-453	0.00000000e+00	0.00000000e+00	0.00000000e+00	0.00000000e+00
-452	2.00000000e+00	0.00000000e+00	0.00000000e+00	0.00000000e+00
-451	2.00000000e+00	0.00000000e+00	0.00000000e+00	0.00000000e+00
-450	2.00000000e+00	0.00000000e+00	0.00000000e+00	0.00000000e+00
-449	2.00000000e+00	0.00000000e+00	0.00000000e+00	0.00000000e+00
-448	2.00000000e+00	0.00000000e+00	0.00000000e+00	0.00000000e+00
-447	2.00000000e+00	0.00000000e+00	0.00000000e+00	0.00000000e+00
-446	2.00000000e+00	0.00000000e+00	0.00000000e+00	0.00000000e+00
-445	2.00000000e+00	0.00000000e+00	0.00000000e+00	0.00000000e+00
-444	2.00000000e+00	0.00000000e+00	0.00000000e+00	0.00000000e+00
-443	2.00000000e+00	0.00000000e+00	0.00000000e+00	0.00000000e+00
-442	2.00000000e+00	0.00000000e+00	0.00000000e+00	0.00000000e+00
-441	2.00000000e+00	0.00000000e+00	0.00000000e+00	0.00000000e+00
-440	2.00000000e+00	0.00000000e+00	0.00000000e+00	0.00000000e+00
-439	2.00000000e+00	0.00000000e+00	0.00000000e+00	0.00000000e+00
-438	2.00000000e+00	0.00000000e+00	0.00000000e+00	0.00000000e+00
-437	2.00000000e+00	0.00000000e+00	0.00000000e+00	0.00000000e+00
-436	2.00000000e+00	0.00000000e+00	0.00000000e+00	0.00000000e+00
-435	2.00000000e+00	0.00000000e+00	0.00000000e+00	0.00000000e+00
-434	2.00000000e+00	0.00000000e+00	0.00000000e+00	0.00000000e+00
-433	2.00000000e+00	0.00000000e+00	0.00000000e+00	0.00000000e+00
-432	2.00000000e+00	0.00000000e+00	0.00000000e+00	0.00000000e+00
-431	2.00000000e+00	0.00000000e+00	0.00000000e+00	0.00000000e+00
-430	2.00000000e+00	0.00000000e+00	0.00000000e+00	0.00000000e+00
-429	2.00000000e+00	0.00000000e+00	0.00000000e+00	0.00000000e+00
-428	2.00000000e+00	0.00000000e+00	0.00000000e+00	0.00000000e+00
-427	2.00000000e+00	0.00000000e+00	0.00000000e+00	0.00000000e+00
-426	2.00000000e+00	0.00000000e+00	0.00000000e+00	0.00000000e+00
-425	2.00000000e+00	0.00000000e+00	0.00000000e+00	0.00000000e+00
-424	2.00000000e+00	0.00000000e+00	0.00000000e+00	0.00000000e+00
-423	2.00000000e+00	0.00000000e+00	0.00000000e+00	0.00000000e+00
-422	2.00000000e+00	0.00000000e+00	0.00000000e+00	0.00000000e+00
-421	2.00000000e+00	0.00000000e+00	0.00000000e+00	0.00000000e+00
-420	2.00000000e+00	0.00000000e+00	0.00000000e+00	0.00000000e+00
-419	2.00000000e+00	0.00000000e+00	0.00000000e+00	0.00000000e+00
-418	2.00000000e+00	0.00000000e+00	0.00000000e+00	0.00000000e+00
-417	2.00000000e+00	0.00000000e+00	0.00000000e+00	0.00000000e+00
-416	2.00000000e+00	0.00000000e+00	0.00000000e+00	0.00000000e+00
-415	2.00000000e+00	0.00000000e+00	0.00000000e+00	0.00000000e+00
-414	2.00000000e+00	0.00000000e+00	0.00000000e+00	0.00000000e+00
-413	3.00000000e+00	0.00000000e+00	0.00000000e+00	0.00000000e+00
-412	3.00000000e+00	0.00000000e+00	0.00000000e+00	0.00000000e+00
-411	3.00000000e+00	0.00000000e+00	0.00000000e+00	0.00000000e+00
-410	3.00000000e+00	0.00000000e+00	0.00000000e+00	0.00000000e+00
-409	3.00000000e+00	0.00000000e+00	0.00000000e+00	0.00000000e+00
-408	3.00000000e+00	0.00000000e+00	0.00000000e+00	0.00000000e+00
-407	3.00000000e+00	0.00000000e+00	0.00000000e+00	0.00000000e+00
-406	3.00000000e+00	0.00000000e+00	0.00000000e+00	0.00000000e+00
-405	3.00000000e+00	0.00000000e+00	0.00000000e+00	0.00000000e+00
-404	3.00000000e+00	0.00000000e+00	0.00000000e+00	0.00000000e+00
-403	3.00000000e+00	0.00000000e+00	0.00000000e+00	0.00000000e+00
-402	3.00000000e+00	0.00000000e+00	0.00000000e+00	0.00000000e+00
-401	3.00000000e+00	0.00000000e+00	0.00000000e+00	0.00000000e+00
-400	3.00000000e+00	0.00000000e+00	0.00000000e+00	0.00000000e+00
-399	3.00000000e+00	0.00000000e+00	0.00000000e+00	0.00000000e+00
-398	3.00000000e+00	0.00000000e+00	0.00000000e+00	0.00000000e+00
-397	3.00000000e+00	0.00000000e+00	0.00000000e+00	0.00000000e+00
-396	3.00000000e+00	0.00000000e+00	0.00000000e+00	0.00000000e+00
-395	3.00000000e+00	0.00000000e+00	0.00000000e+00	0.00000000e+00
-394	3.00000000e+00	0.00000000e+00	0.00000000e+00	0.00000000e+00
-393	3.00000000e+00	0.00000000e+00	0.00000000e+00	0.00000000e+00
-392	3.00000000e+00	0.00000000e+00	0.00000000e+00	0.00000000e+00
-391	3.00000000e+00	0.00000000e+00	0.00000000e+00	0.00000000e+00
-390	3.00000000e+00	0.00000000e+00	0.00000000e+00	0.00000000e+00
-389	3.00000000e+00	0.00000000e+00	0.00000000e+00	0.00000000e+00
-388	3.00000000e+00	0.00000000e+00	0.00000000e+00	0.00000000e+00
-387	3.00000000e+00	0.00000000e+00	0.00000000e+00	0.00000000e+00
-386	3.00000000e+00	0.00000000e+00	0.00000000e+00	0.00000000e+00
-385	3.00000000e+00	0.00000000e+00	0.00000000e+00	0.00000000e+00
-384	3.00000000e+00	0.00000000e+00	0.00000000e+00	0.00000000e+00
-383	4.00000000e+00	0.00000000e+00	0.00000000e+00	0.00000000e+00
-382	4.00000000e+00	0.00000000e+00	0.00000000e+00	0.00000000e+00
-381	4.00000000e+00	0.00000000e+00	0.00000000e+00	0.00000000e+00
-380	4.00000000e+00	0.00000000e+00	0.00000000e+00	0.00000000e+00
-379	4.00000000e+00	0.00000000e+00	0.00000000e+00	0.00000000e+00
-378	4.00000000e+00	0.00000000e+00	0.00000000e+00	0.00000000e+00
-377	4.00000000e+00	0.00000000e+00	0.00000000e+00	0.00000000e+00
-376	4.00000000e+00	0.00000000e+00	0.00000000e+00	0.00000000e+00
-375	4.00000000e+00	0.00000000e+00	0.00000000e+00	0.00000000e+00
-374	4.00000000e+00	0.00000000e+00	0.00000000e+00	0.00000000e+00
-373	4.00000000e+00	0.00000000e+00	0.00000000e+00	0.00000000e+00
-372	4.00000000e+00	0.00000000e+00	0.00000000e+00	0.00000000e+00
-371	4.00000000e+00	0.00000000e+00	0.00000000e+00	0.00000000e+00
-370	4.00000000e+00	0.00000000e+00	0.00000000e+00	0.00000000e+00
-369	4.00000000e+00	0.00000000e+00	0.00000000e+00	0.00000000e+00
-368	4.00000000e+00	0.00000000e+00	0.00000000e+00	0.00000000e+00
-367	4.00000000e+00	0.00000000e+00	0.00000000e+00	0.00000000e+00
-366	4.00000000e+00	0.00000000e+00	0.00000000e+00	0.00000000e+00
-365	4.00000000e+00	0.00000000e+00	0.00000000e+00	0.00000000e+00
-364	4.00000000e+00	0.00000000e+00	0.00000000e+00	0.00000000e+00
-363	4.00000000e+00	0.00000000e+00	0.00000000e+00	0.00000000e+00
-362	5.00000000e+00	0.00000000e+00	0.00000000e+00	0.00000000e+00
-361	5.00000000e+00	0.00000000e+00	0.00000000e+00	0.00000000e+00
-360	5.00000000e+00	0.00000000e+00	0.00000000e+00	0.00000000e+00
-359	5.00000000e+00	0.00000000e+00	0.00000000e+00	0.00000000e+00
-358	5.00000000e+00	0.00000000e+00	0.00000000e+00	0.00000000e+00
-357	5.00000000e+00	0.00000000e+00	0.00000000e+00	0.00000000e+00
-356	5.00000000e+00	0.00000000e+00	0.00000000e+00	0.00000000e+00
-355	9.00000000e+00	0.00000000e+00	0.00000000e+00	0.00000000e+00
-354	9.00000000e+00	0.00000000e+00	0.00000000e+00	0.00000000e+00
-353	9.00000000e+00	0.00000000e+00	0.00000000e+00	0.00000000e+00
-352	9.00000000e+00	0.00000000e+00	0.00000000e+00	0.00000000e+00
-351	9.00000000e+00	0.00000000e+00	0.00000000e+00	0.00000000e+00
-350	9.00000000e+00	0.00000000e+00	0.00000000e+00	0.00000000e+00
-349	9.00000000e+00	0.00000000e+00	0.00000000e+00	0.00000000e+00
-348	9.00000000e+00	0.00000000e+00	0.00000000e+00	0.00000000e+00
-347	9.00000000e+00	0.00000000e+00	0.00000000e+00	0.00000000e+00
-346	9.00000000e+00	0.00000000e+00	0.00000000e+00	0.00000000e+00
-345	9.00000000e+00	0.00000000e+00	0.00000000e+00	0.00000000e+00
-344	9.00000000e+00	0.00000000e+00	0.00000000e+00	0.00000000e+00
-343	9.00000000e+00	0.00000000e+00	0.00000000e+00	0.00000000e+00
-342	1.00000000e+01	0.00000000e+00	0.00000000e+00	0.00000000e+00
-341	2.05700000e+03	6.00000000e+00	1.00000000e+01	2.40000000e+01
-340	1.20200000e+04	2.40000000e+01	2.70000000e+01	5.40000000e+01
-339	2.11630000e+04	3.00000000e+01	3.90000000e+01	6.90000000e+01
-338	2.94180000e+04	3.00000000e+01	3.90000000e+01	6.90000000e+01
-337	3.76420000e+04	2.90000000e+01	4.10000000e+01	7.20000000e+01
-336	4.54340000e+04	2.90000000e+01	4.10000000e+01	7.20000000e+01
-335	5.40320000e+04	2.90000000e+01	4.10000000e+01	7.20000000e+01
-334	6.31110000e+04	3.50000000e+01	4.50000000e+01	7.70000000e+01
-333	7.22780000e+04	3.50000000e+01	4.50000000e+01	7.70000000e+01
-332	8.19730000e+04	3.50000000e+01	4.50000000e+01	7.70000000e+01
-331	9.03810000e+04	3.50000000e+01	4.50000000e+01	7.70000000e+01
-330	9.71400000e+04	3.50000000e+01	4.50000000e+01	7.70000000e+01
-329	1.02506000e+05	3.50000000e+01	4.50000000e+01	7.70000000e+01
-328	1.09465000e+05	3.50000000e+01	4.50000000e+01	7.70000000e+01
-327	1.16416000e+05	3.50000000e+01	4.50000000e+01	7.70000000e+01
-326	1.23902000e+05	3.50000000e+01	4.50000000e+01	7.70000000e+01
-325	1.32373000e+05	3.50000000e+01	4.50000000e+01	7.70000000e+01
-324	1.40836000e+05	3.50000000e+01	4.50000000e+01	7.70000000e+01
-323	1.48736000e+05	3.50000000e+01	4.50000000e+01	7.70000000e+01
-322	1.54825000e+05	3.50000000e+01	4.50000000e+01	7.70000000e+01
-321	1.63481000e+05	3.50000000e+01	4.50000000e+01	7.70000000e+01
-320	1.72720000e+05	3.50000000e+01	4.50000000e+01	7.70000000e+01
-319	1.81879000e+05	3.50000000e+01	4.50000000e+01	7.70000000e+01
-318	1.91521000e+05	3.50000000e+01	4.50000000e+01	7.70000000e+01
-317	1.98946000e+05	3.50000000e+01	4.50000000e+01	7.70000000e+01
-316	2.05881000e+05	3.50000000e+01	4.50000000e+01	7.70000000e+01
-315	2.14282000e+05	3.50000000e+01	4.50000000e+01	7.70000000e+01
-314	2.21809000e+05	3.50000000e+01	4.50000000e+01	7.70000000e+01
-313	2.31071000e+05	3.50000000e+01	4.50000000e+01	7.70000000e+01
-312	2.40333000e+05	3.20000000e+01	4.70000000e+01	7.90000000e+01
-311	2.47976000e+05	3.20000000e+01	4.70000000e+01	7.90000000e+01
-310	2.55907000e+05	3.20000000e+01	4.70000000e+01	7.90000000e+01
-309	2.62854000e+05	3.20000000e+01	4.70000000e+01	7.90000000e+01
-308	2.69731000e+05	3.20000000e+01	4.70000000e+01	7.90000000e+01
-307	2.77396000e+05	3.20000000e+01	4.70000000e+01	7.90000000e+01
-306	2.85602000e+05	3.20000000e+01	4.70000000e+01	7.90000000e+01
-305	2.94214000e+05	3.20000000e+01	4.70000000e+01	7.90000000e+01
-304	3.03190000e+05	3.20000000e+01	4.70000000e+01	7.90000000e+01
-303	3.10418000e+05	3.20000000e+01	4.70000000e+01	7.90000000e+01
-302	3.17233000e+05	3.20000000e+01	4.70000000e+01	7.90000000e+01
-301	3.24897000e+05	3.20000000e+01	4.70000000e+01	7.90000000e+01
-300	3.33033000e+05	3.20000000e+01	4.70000000e+01	7.90000000e+01
-299	3.42135000e+05	3.20000000e+01	4.70000000e+01	7.90000000e+01
-298	3.50887000e+05	3.20000000e+01	4.70000000e+01	7.90000000e+01
-297	3.59212000e+05	3.20000000e+01	4.70000000e+01	7.90000000e+01
-296	3.68119000e+05	3.20000000e+01	4.70000000e+01	7.90000000e+01
-295	3.75441000e+05	3.20000000e+01	4.70000000e+01	7.90000000e+01
-294	3.82206000e+05	3.20000000e+01	4.70000000e+01	7.90000000e+01
-293	3.88669000e+05	3.20000000e+01	4.70000000e+01	7.90000000e+01
-292	3.96363000e+05	3.20000000e+01	4.70000000e+01	7.90000000e+01
-291	4.04394000e+05	3.20000000e+01	4.80000000e+01	8.90000000e+01
-290	4.11544000e+05	3.30000000e+01	5.10000000e+01	9.30000000e+01
-289	4.17546000e+05	3.30000000e+01	5.30000000e+01	9.50000000e+01
-288	4.24678000e+05	3.30000000e+01	5.30000000e+01	9.50000000e+01
-287	4.30449000e+05	3.30000000e+01	5.30000000e+01	9.50000000e+01
-286	4.36659000e+05	3.30000000e+01	5.30000000e+01	9.50000000e+01
-285	4.44212000e+05	3.30000000e+01	5.30000000e+01	9.50000000e+01
-284	4.51974000e+05	3.30000000e+01	5.30000000e+01	9.50000000e+01
-283	4.57915000e+05	3.30000000e+01	5.30000000e+01	9.50000000e+01
-282	4.63088000e+05	3.30000000e+01	5.30000000e+01	9.50000000e+01
-281	4.68648000e+05	3.30000000e+01	5.30000000e+01	9.50000000e+01
-280	4.73784000e+05	3.30000000e+01	5.30000000e+01	9.50000000e+01
-279	4.79167000e+05	3.30000000e+01	5.30000000e+01	9.50000000e+01
-278	4.85376000e+05	3.30000000e+01	5.30000000e+01	9.50000000e+01
-277	4.92010000e+05	3.30000000e+01	5.30000000e+01	9.50000000e+01
-276	4.98414000e+05	3.30000000e+01	5.30000000e+01	9.50000000e+01
-275	5.04181000e+05	3.30000000e+01	5.30000000e+01	9.50000000e+01
-274	5.09401000e+05	3.30000000e+01	5.30000000e+01	9.50000000e+01
-273	5.14780000e+05	3.30000000e+01	5.30000000e+01	9.50000000e+01
-272	5.20623000e+05	3.30000000e+01	5.30000000e+01	9.50000000e+01
-271	5.26853000e+05	3.30000000e+01	5.30000000e+01	9.50000000e+01
-270	5.34019000e+05	3.30000000e+01	5.30000000e+01	9.50000000e+01
-269	5.41655000e+05	3.30000000e+01	5.30000000e+01	9.50000000e+01
-268	5.47804000e+05	3.30000000e+01	5.30000000e+01	9.50000000e+01
-267	5.53775000e+05	3.30000000e+01	5.30000000e+01	9.50000000e+01
-266	5.59224000e+05	3.30000000e+01	5.30000000e+01	9.50000000e+01
-265	5.63800000e+05	3.30000000e+01	5.30000000e+01	9.50000000e+01
-264	5.69502000e+05	3.30000000e+01	5.50000000e+01	9.70000000e+01
-263	5.75929000e+05	3.30000000e+01	5.50000000e+01	9.70000000e+01
-262	5.81520000e+05	3.30000000e+01	5.50000000e+01	9.70000000e+01
-261	5.85695000e+05	3.30000000e+01	5.50000000e+01	9.70000000e+01
-260	5.90189000e+05	3.30000000e+01	5.50000000e+01	9.70000000e+01
-259	5.94554000e+05	3.30000000e+01	5.50000000e+01	9.70000000e+01
-258	5.99744000e+05	3.30000000e+01	5.50000000e+01	9.70000000e+01
-257	6.06862000e+05	3.30000000e+01	5.50000000e+01	9.70000000e+01
-256	6.14973000e+05	3.30000000e+01	5.50000000e+01	9.70000000e+01
-255	6.22250000e+05	3.30000000e+01	5.50000000e+01	9.70000000e+01
-254	6.28492000e+05	3.30000000e+01	5.50000000e+01	9.70000000e+01
-253	6.34608000e+05	3.30000000e+01	5.50000000e+01	9.70000000e+01
-252	6.40281000e+05	3.30000000e+01	5.50000000e+01	9.70000000e+01
-251	6.45812000e+05	3.30000000e+01	5.50000000e+01	9.70000000e+01
-250	6.53867000e+05	3.30000000e+01	5.50000000e+01	9.70000000e+01
-249	6.63021000e+05	3.30000000e+01	5.50000000e+01	9.70000000e+01
-248	6.70484000e+05	3.30000000e+01	5.50000000e+01	9.70000000e+01
-247	6.77137000e+05	3.30000000e+01	5.50000000e+01	9.70000000e+01
-246	6.83685000e+05	3.30000000e+01	5.50000000e+01	9.70000000e+01
-245	6.90774000e+05	3.30000000e+01	5.50000000e+01	9.70000000e+01
-244	6.97271000e+05	3.30000000e+01	5.50000000e+01	9.70000000e+01
-243	7.07593000e+05	3.30000000e+01	5.50000000e+01	9.70000000e+01
-242	7.26791000e+05	4.30000000e+01	6.70000000e+01	1.15000000e+02
-241	7.53701000e+05	5.20000000e+01	8.20000000e+01	1.48000000e+02
-240	7.76187000e+05	7.30000000e+01	9.90000000e+01	1.77000000e+02
-239	7.95621000e+05	8.80000000e+01	1.21000000e+02	2.04000000e+02
-238	8.13944000e+05	9.20000000e+01	1.34000000e+02	2.22000000e+02
-237	8.32684000e+05	1.00000000e+02	1.48000000e+02	2.40000000e+02
-236	8.55035000e+05	1.27000000e+02	1.76000000e+02	2.84000000e+02
-235	8.80778000e+05	1.28000000e+02	1.83000000e+02	2.93000000e+02
-234	9.02845000e+05	1.30000000e+02	1.88000000e+02	3.07000000e+02
-233	9.21319000e+05	1.25000000e+02	1.91000000e+02	3.13000000e+02
-232	9.37793000e+05	1.31000000e+02	1.95000000e+02	3.19000000e+02
-231	9.54017000e+05	1.29000000e+02	1.98000000e+02	3.25000000e+02
-230	9.71066000e+05	1.34000000e+02	2.00000000e+02	3.27000000e+02
-229	9.90078000e+05	1.34000000e+02	2.00000000e+02	3.27000000e+02
-228	1.00976200e+06	1.34000000e+02	2.00000000e+02	3.27000000e+02
-227	1.02815500e+06	1.30000000e+02	2.05000000e+02	3.34000000e+02
-226	1.04576300e+06	1.40000000e+02	2.10000000e+02	3.44000000e+02
-225	1.06275700e+06	1.52000000e+02	2.21000000e+02	3.56000000e+02
-224	1.08048400e+06	1.52000000e+02	2.21000000e+02	3.56000000e+02
-223	1.09827000e+06	1.56000000e+02	2.25000000e+02	3.60000000e+02
-222	1.11550600e+06	1.56000000e+02	2.25000000e+02	3.60000000e+02
-221	1.13517600e+06	1.52000000e+02	2.29000000e+02	3.72000000e+02
-220	1.15679700e+06	1.52000000e+02	2.29000000e+02	3.72000000e+02
-219	1.17564800e+06	1.52000000e+02	2.29000000e+02	3.72000000e+02
-218	1.19384500e+06	1.51000000e+02	2.29000000e+02	3.74000000e+02
-217	1.21887300e+06	1.55000000e+02	2.33000000e+02	3.85000000e+02
-216	1.23749900e+06	1.52000000e+02	2.37000000e+02	3.90000000e+02
-215	1.25698800e+06	1.60000000e+02	2.39000000e+02	3.92000000e+02
-214	1.27775400e+06	1.60000000e+02	2.39000000e+02	3.92000000e+02
-213	1.29510900e+06	1.62000000e+02	2.39000000e+02	3.93000000e+02
-212	1.31109400e+06	1.62000000e+02	2.39000000e+02	3.93000000e+02
-211	1.32777500e+06	1.53000000e+02	2.41000000e+02	3.96000000e+02
-210	1.34521300e+06	1.51000000e+02	2.45000000e+02	4.03000000e+02
-209	1.36541100e+06	1.57000000e+02	2.49000000e+02	4.08000000e+02
-208	1.38530100e+06	1.64000000e+02	2.56000000e+02	4.16000000e+02
-207	1.40772000e+06	1.62000000e+02	2.57000000e+02	4.22000000e+02
-206	1.42667800e+06	1.67000000e+02	2.62000000e+02	4.29000000e+02
-205	1.44211400e+06	1.68000000e+02	2.74000000e+02	4.42000000e+02
-204	1.45726200e+06	1.72000000e+02	2.80000000e+02	4.49000000e+02
-203	1.47161900e+06	1.91000000e+02	2.93000000e+02	4.66000000e+02
-202	1.48696700e+06	2.06000000e+02	3.01000000e+02	4.76000000e+02
-201	1.50352700e+06	2.01000000e+02	3.05000000e+02	4.80000000e+02
-200	1.52211800e+06	1.90000000e+02	3.08000000e+02	4.83000000e+02
-199	1.53925200e+06	2.08000000e+02	3.10000000e+02	4.86000000e+02
-198	1.55348600e+06	2.05000000e+02	3.13000000e+02	4.90000000e+02
-197	1.56783800e+06	2.01000000e+02	3.15000000e+02	4.92000000e+02
-196	1.58128600e+06	2.19000000e+02	3.23000000e+02	5.00000000e+02
-195	1.59414500e+06	2.14000000e+02	3.26000000e+02	5.03000000e+02
-194	1.60972400e+06	2.13000000e+02	3.34000000e+02	5.14000000e+02
-193	1.62717800e+06	2.31000000e+02	3.39000000e+02	5.19000000e+02
-192	1.64151400e+06	2.38000000e+02	3.50000000e+02	5.30000000e+02
-191	1.65807400e+06	2.40000000e+02	3.62000000e+02	5.48000000e+02
-190	1.67321900e+06	2.43000000e+02	3.72000000e+02	5.63000000e+02
-189	1.68743100e+06	2.43000000e+02	3.72000000e+02	5.63000000e+02
-188	1.70165500e+06	2.48000000e+02	3.76000000e+02	5.67000000e+02
-187	1.71611400e+06	2.50000000e+02	3.79000000e+02	5.74000000e+02
-186	1.73161300e+06	2.54000000e+02	3.81000000e+02	5.76000000e+02
-185	1.74683100e+06	2.57000000e+02	3.84000000e+02	5.79000000e+02
-184	1.76409600e+06	2.65000000e+02	3.92000000e+02	5.91000000e+02
-183	1.78324600e+06	2.69000000e+02	4.00000000e+02	6.01000000e+02
-182	1.80155900e+06	2.68000000e+02	4.05000000e+02	6.10000000e+02
-181	1.81924000e+06	2.79000000e+02	4.09000000e+02	6.30000000e+02
-180	1.83723100e+06	2.86000000e+02	4.15000000e+02	6.37000000e+02
-179	1.85465000e+06	2.76000000e+02	4.21000000e+02	6.43000000e+02
-178	1.87265500e+06	2.80000000e+02	4.24000000e+02	6.46000000e+02
-177	1.89330000e+06	2.90000000e+02	4.29000000e+02	6.55000000e+02
-176	1.91151500e+06	2.89000000e+02	4.32000000e+02	6.58000000e+02
-175	1.93106200e+06	2.99000000e+02	4.47000000e+02	6.77000000e+02
-174	1.94864400e+06	3.05000000e+02	4.55000000e+02	6.89000000e+02
-173	1.96837100e+06	3.05000000e+02	4.65000000e+02	7.04000000e+02
-172	1.99039300e+06	3.34000000e+02	4.81000000e+02	7.22000000e+02
-171	2.05543600e+06	3.46000000e+02	4.98000000e+02	7.39000000e+02
-170	2.11204400e+06	3.47000000e+02	5.10000000e+02	7.51000000e+02
-169	2.15254300e+06	3.72000000e+02	5.25000000e+02	7.73000000e+02
-168	2.18606100e+06	3.76000000e+02	5.38000000e+02	7.88000000e+02
-167	2.21521600e+06	3.83000000e+02	5.49000000e+02	8.02000000e+02
-166	2.24349400e+06	4.06000000e+02	5.80000000e+02	8.36000000e+02
-165	2.27261100e+06	4.10000000e+02	5.88000000e+02	8.44000000e+02
-164	2.29978000e+06	4.35000000e+02	6.08000000e+02	8.67000000e+02
-163	2.32452100e+06	4.29000000e+02	6.11000000e+02	8.70000000e+02
-162	2.34765700e+06	4.31000000e+02	6.13000000e+02	8.72000000e+02
-161	2.36851500e+06	4.40000000e+02	6.27000000e+02	8.94000000e+02
-160	2.39047000e+06	4.39000000e+02	6.37000000e+02	9.08000000e+02
-159	2.41379000e+06	4.52000000e+02	6.44000000e+02	9.16000000e+02
-158	2.43470600e+06	4.74000000e+02	6.59000000e+02	9.36000000e+02
-157	2.45627900e+06	4.59000000e+02	6.63000000e+02	9.41000000e+02
-156	2.47549000e+06	4.82000000e+02	6.72000000e+02	9.55000000e+02
-155	2.49500800e+06	4.80000000e+02	6.81000000e+02	9.65000000e+02
-154	2.51300800e+06	4.90000000e+02	6.83000000e+02	9.67000000e+02
-153	2.53079300e+06	4.86000000e+02	6.84000000e+02	9.68000000e+02
-152	2.54802200e+06	5.05000000e+02	6.91000000e+02	9.75000000e+02
-151	2.56629400e+06	4.94000000e+02	6.94000000e+02	9.78000000e+02
-150	2.58604600e+06	5.07000000e+02	6.99000000e+02	9.84000000e+02
-149	2.60378700e+06	5.09000000e+02	7.06000000e+02	9.91000000e+02
-148	2.62184400e+06	4.65000000e+02	7.16000000e+02	1.00700000e+03
-147	2.63786000e+06	4.66000000e+02	7.18000000e+02	1.00900000e+03
-146	2.65218600e+06	4.69000000e+02	7.22000000e+02	1.01400000e+03
-145	2.66499300e+06	4.72000000e+02	7.28000000e+02	1.02100000e+03
-144	2.67969300e+06	4.74000000e+02	7.32000000e+02	1.02500000e+03
-143	2.69563800e+06	4.83000000e+02	7.43000000e+02	1.03700000e+03
-142	2.71055300e+06	4.83000000e+02	7.44000000e+02	1.03800000e+03
-141	2.72511500e+06	4.84000000e+02	7.45000000e+02	1.03900000e+03
-140	2.73886400e+06	4.88000000e+02	7.50000000e+02	1.04400000e+03
-139	2.75306500e+06	4.93000000e+02	7.56000000e+02	1.05100000e+03
-138	2.76605700e+06	4.96000000e+02	7.60000000e+02	1.05800000e+03
-137	2.77873100e+06	4.97000000e+02	7.63000000e+02	1.06100000e+03
-136	2.79511800e+06	4.99000000e+02	7.71000000e+02	1.07300000e+03
-135	2.81050500e+06	5.02000000e+02	7.77000000e+02	1.07900000e+03
-134	2.82576700e+06	5.06000000e+02	7.86000000e+02	1.08800000e+03
-133	2.84044000e+06	5.11000000e+02	7.94000000e+02	1.09600000e+03
-132	2.85444100e+06	5.14000000e+02	7.99000000e+02	1.10200000e+03
-131	2.86607300e+06	5.18000000e+02	8.03000000e+02	1.10700000e+03
-130	2.87937000e+06	5.24000000e+02	8.09000000e+02	1.11500000e+03
-129	2.89547800e+06	5.27000000e+02	8.14000000e+02	1.12200000e+03
-128	2.90981200e+06	5.27000000e+02	8.16000000e+02	1.12500000e+03
-127	2.92449900e+06	5.29000000e+02	8.18000000e+02	1.12700000e+03
-126	2.93963500e+06	5.33000000e+02	8.26000000e+02	1.13700000e+03
-125	2.95477100e+06	5.35000000e+02	8.30000000e+02	1.14200000e+03
-124	2.96910200e+06	5.42000000e+02	8.39000000e+02	1.15100000e+03
-123	2.98482500e+06	5.47000000e+02	8.45000000e+02	1.15800000e+03
-122	3.00321300e+06	5.49000000e+02	8.49000000e+02	1.16300000e+03
-121	3.02147400e+06	5.53000000e+02	8.57000000e+02	1.17100000e+03
-120	3.04213700e+06	5.60000000e+02	8.71000000e+02	1.18800000e+03
-119	3.05933800e+06	5.64000000e+02	8.77000000e+02	1.19800000e+03
-118	3.07918900e+06	5.67000000e+02	8.81000000e+02	1.20300000e+03
-117	3.09628600e+06	5.72000000e+02	8.86000000e+02	1.20800000e+03
-116	3.11285800e+06	5.76000000e+02	8.91000000e+02	1.21500000e+03
-115	3.13387100e+06	5.79000000e+02	8.94000000e+02	1.22000000e+03
-114	3.15251900e+06	5.84000000e+02	9.00000000e+02	1.23300000e+03
-113	3.17328800e+06	5.96000000e+02	9.18000000e+02	1.25300000e+03
-112	3.19543700e+06	5.97000000e+02	9.19000000e+02	1.25400000e+03
-111	3.21287800e+06	6.00000000e+02	9.23000000e+02	1.26100000e+03
-110	3.22835400e+06	6.04000000e+02	9.28000000e+02	1.26600000e+03
-109	3.24421200e+06	6.06000000e+02	9.31000000e+02	1.26900000e+03
-108	3.26199400e+06	6.10000000e+02	9.37000000e+02	1.28500000e+03
-107	3.27854400e+06	6.17000000e+02	9.47000000e+02	1.29700000e+03
-106	3.29420000e+06	6.19000000e+02	9.50000000e+02	1.30300000e+03
-105	3.30896700e+06	6.26000000e+02	9.58000000e+02	1.31200000e+03
-104	3.32370400e+06	6.27000000e+02	9.59000000e+02	1.31300000e+03
-103	3.33647800e+06	6.33000000e+02	9.67000000e+02	1.32700000e+03
-102	3.35012000e+06	6.35000000e+02	9.72000000e+02	1.33500000e+03
-101	3.36614800e+06	6.40000000e+02	9.80000000e+02	1.34400000e+03
-100	3.38455500e+06	6.46000000e+02	9.89000000e+02	1.35500000e+03
-99	3.40288200e+06	6.47000000e+02	9.93000000e+02	1.36100000e+03
-98	3.41861700e+06	6.48000000e+02	9.95000000e+02	1.36300000e+03
-97	3.43431100e+06	6.55000000e+02	1.00400000e+03	1.37400000e+03
-96	3.44893200e+06	6.57000000e+02	1.01000000e+03	1.38200000e+03
-95	3.46365800e+06	6.62000000e+02	1.02700000e+03	1.40000000e+03
-94	3.48035600e+06	6.65000000e+02	1.03500000e+03	1.41100000e+03
-93	3.49992400e+06	6.66000000e+02	1.03900000e+03	1.41500000e+03
-92	3.51690500e+06	6.68000000e+02	1.04600000e+03	1.42300000e+03
-91	3.53105000e+06	6.75000000e+02	1.05700000e+03	1.43400000e+03
-90	3.54589100e+06	6.78000000e+02	1.06200000e+03	1.44000000e+03
-89	3.55904800e+06	6.83000000e+02	1.06900000e+03	1.44700000e+03
-88	3.57311400e+06	6.87000000e+02	1.07500000e+03	1.45400000e+03
-87	3.58632400e+06	6.89000000e+02	1.07900000e+03	1.45800000e+03
-86	3.59889800e+06	6.91000000e+02	1.08200000e+03	1.46500000e+03
-85	3.61096800e+06	6.93000000e+02	1.08600000e+03	1.47000000e+03
-84	3.62407700e+06	6.94000000e+02	1.08900000e+03	1.47300000e+03
-83	3.64003500e+06	6.95000000e+02	1.09100000e+03	1.47500000e+03
-82	3.65496500e+06	6.99000000e+02	1.09700000e+03	1.48100000e+03
-81	3.66982900e+06	7.02000000e+02	1.10200000e+03	1.48700000e+03
-80	3.68414200e+06	7.02000000e+02	1.10300000e+03	1.48800000e+03
-79	3.69623500e+06	7.08000000e+02	1.11500000e+03	1.50000000e+03
-78	3.70841400e+06	7.10000000e+02	1.11800000e+03	1.50300000e+03
-77	3.72115200e+06	7.16000000e+02	1.12500000e+03	1.51000000e+03
-76	3.73220200e+06	7.23000000e+02	1.13700000e+03	1.52300000e+03
-75	3.74436800e+06	7.24000000e+02	1.13800000e+03	1.52400000e+03
-74	3.75738500e+06	7.27000000e+02	1.14200000e+03	1.52800000e+03
-73	3.76963100e+06	7.31000000e+02	1.14900000e+03	1.53600000e+03
-72	3.78040000e+06	7.31000000e+02	1.14900000e+03	1.53600000e+03
-71	3.79049600e+06	7.33000000e+02	1.15200000e+03	1.53900000e+03
-70	3.79995300e+06	7.36000000e+02	1.15600000e+03	1.55000000e+03
-69	3.81004000e+06	7.41000000e+02	1.16400000e+03	1.56100000e+03
-68	3.82337800e+06	7.44000000e+02	1.16800000e+03	1.56600000e+03
-67	3.83891500e+06	7.50000000e+02	1.17900000e+03	1.57800000e+03
-66	3.86201700e+06	7.56000000e+02	1.18800000e+03	1.58700000e+03
-65	3.88387300e+06	7.64000000e+02	1.19900000e+03	1.60000000e+03
-64	3.90147600e+06	7.66000000e+02	1.20200000e+03	1.60500000e+03
-63	3.91616300e+06	7.67000000e+02	1.20400000e+03	1.60700000e+03
-62	3.93100100e+06	7.70000000e+02	1.20900000e+03	1.61200000e+03
-61	3.94794400e+06	7.77000000e+02	1.22100000e+03	1.62600000e+03
-60	3.96356700e+06	7.78000000e+02	1.22300000e+03	1.62800000e+03
-59	3.97764800e+06	7.82000000e+02	1.22900000e+03	1.63800000e+03
-58	3.99327400e+06	7.84000000e+02	1.23200000e+03	1.64100000e+03
-57	3.99327400e+06	7.90000000e+02	1.24200000e+03	1.65100000e+03
-56	4.00514400e+06	7.92000000e+02	1.24400000e+03	1.65300000e+03
-55	4.00514400e+06	7.92000000e+02	1.24400000e+03	1.65300000e+03
-54	4.00514400e+06	7.97000000e+02	1.25000000e+03	1.66100000e+03
-53	4.00514400e+06	7.99000000e+02	1.25200000e+03	1.66400000e+03
-52	4.01685200e+06	8.02000000e+02	1.25500000e+03	1.66800000e+03
-51	4.02872900e+06	8.03000000e+02	1.25600000e+03	1.67200000e+03
-50	4.03961700e+06	8.08000000e+02	1.26500000e+03	1.68200000e+03
-49	4.04995000e+06	8.10000000e+02	1.26900000e+03	1.68700000e+03
-48	4.06182800e+06	8.12000000e+02	1.27100000e+03	1.68900000e+03
-47	4.07491500e+06	8.14000000e+02	1.27500000e+03	1.69300000e+03
-46	4.08905000e+06	8.15000000e+02	1.27700000e+03	1.69600000e+03
-45	4.10160800e+06	8.22000000e+02	1.28700000e+03	1.70800000e+03
-44	4.11231400e+06	8.27000000e+02	1.30200000e+03	1.72700000e+03
-43	4.12366600e+06	8.29000000e+02	1.30500000e+03	1.73200000e+03
-42	4.13620200e+06	8.33000000e+02	1.31100000e+03	1.73900000e+03
-41	4.14782600e+06	8.36000000e+02	1.31400000e+03	1.74200000e+03
-40	4.16034700e+06	8.41000000e+02	1.31900000e+03	1.75100000e+03
-39	4.17489800e+06	8.44000000e+02	1.32300000e+03	1.75600000e+03
-38	4.18867500e+06	8.44000000e+02	1.32400000e+03	1.75700000e+03
-37	4.20325600e+06	8.45000000e+02	1.32700000e+03	1.76000000e+03
-36	4.20325600e+06	8.49000000e+02	1.33200000e+03	1.76600000e+03
-35	4.20325600e+06	8.59000000e+02	1.34600000e+03	1.78100000e+03
-34	4.20325600e+06	8.63000000e+02	1.35100000e+03	1.78700000e+03
-33	4.21857300e+06	8.74000000e+02	1.36400000e+03	1.80300000e+03
-32	4.23328600e+06	8.76000000e+02	1.36700000e+03	1.80600000e+03
-31	4.24625500e+06	8.81000000e+02	1.37300000e+03	1.81300000e+03
-30	4.25962800e+06	8.81000000e+02	1.37400000e+03	1.81400000e+03
-29	4.27449200e+06	8.86000000e+02	1.38000000e+03	1.82200000e+03
-28	4.29048800e+06	8.90000000e+02	1.38400000e+03	1.82600000e+03
-27	4.30766800e+06	8.92000000e+02	1.38700000e+03	1.83000000e+03
-26	4.32569300e+06	9.01000000e+02	1.40000000e+03	1.84500000e+03
-25	4.34433000e+06	9.04000000e+02	1.40600000e+03	1.85200000e+03
-24	4.36103500e+06	9.05000000e+02	1.40700000e+03	1.85300000e+03
-23	4.37761700e+06	9.12000000e+02	1.41400000e+03	1.86000000e+03
-22	4.39671000e+06	9.13000000e+02	1.41500000e+03	1.86100000e+03
-21	4.41637600e+06	9.23000000e+02	1.43100000e+03	1.88100000e+03
-20	4.43357300e+06	9.28000000e+02	1.43700000e+03	1.89400000e+03
-19	4.45051200e+06	9.29000000e+02	1.43800000e+03	1.89600000e+03
-18	4.46798600e+06	9.36000000e+02	1.44600000e+03	1.90400000e+03
-17	4.48519600e+06	9.37000000e+02	1.44900000e+03	1.90700000e+03
-16	4.50692900e+06	9.42000000e+02	1.45500000e+03	1.91600000e+03
-15	4.52745700e+06	9.44000000e+02	1.45800000e+03	1.92000000e+03
-14	4.54710500e+06	9.48000000e+02	1.46300000e+03	1.92500000e+03
-13	4.56669800e+06	9.50000000e+02	1.46500000e+03	1.92700000e+03
-12	4.58686300e+06	9.53000000e+02	1.46900000e+03	1.93700000e+03
-11	4.61071700e+06	9.59000000e+02	1.47700000e+03	1.94500000e+03
-10	4.63436600e+06	9.59000000e+02	1.47700000e+03	1.94500000e+03
-9	4.65842100e+06	9.65000000e+02	1.48300000e+03	1.95300000e+03
-8	4.68403400e+06	9.78000000e+02	1.49800000e+03	1.97300000e+03
-7	4.70844900e+06	9.84000000e+02	1.50600000e+03	1.98200000e+03
-6	4.73436200e+06	9.91000000e+02	1.51500000e+03	1.99100000e+03
-5	4.76568700e+06	9.97000000e+02	1.52800000e+03	2.00800000e+03
-4	4.76568700e+06	1.01200000e+03	1.54700000e+03	2.03100000e+03
-3	4.80016500e+06	1.01200000e+03	1.54700000e+03	2.03100000e+03
-2	4.83989100e+06	1.01400000e+03	1.54900000e+03	2.03400000e+03
-1	4.88363300e+06	1.01700000e+03	1.55700000e+03	2.04600000e+03
0	4.94176400e+06	1.02500000e+03	1.57700000e+03	2.07300000e+03
1	5.07077600e+06	1.02900000e+03	1.59100000e+03	2.09200000e+03
2	5.22501600e+06	1.03300000e+03	1.60900000e+03	2.13000000e+03
3	5.22501600e+06	1.03800000e+03	1.63400000e+03	2.17200000e+03
4	5.35601500e+06	1.04300000e+03	1.64700000e+03	2.18800000e+03
5	5.44355500e+06	1.04400000e+03	1.65800000e+03	2.20700000e+03
6	5.51751600e+06	1.04600000e+03	1.66700000e+03	2.22200000e+03
7	5.58259100e+06	1.04800000e+03	1.67700000e+03	2.23500000e+03
8	5.64302800e+06	1.04900000e+03	1.68000000e+03	2.24000000e+03
9	5.70562400e+06	1.05000000e+03	1.68100000e+03	2.24100000e+03
10	5.76925600e+06	1.05000000e+03	1.68600000e+03	2.24600000e+03
11	5.82672400e+06	1.05400000e+03	1.69500000e+03	2.26100000e+03
12	5.86654200e+06	1.05700000e+03	1.70000000e+03	2.27100000e+03
13	5.90043500e+06	1.05700000e+03	1.70400000e+03	2.27600000e+03
14	5.93504200e+06	1.05900000e+03	1.70800000e+03	2.28000000e+03
15	5.97078400e+06	1.06200000e+03	1.71600000e+03	2.29000000e+03
16	6.00606800e+06	1.06400000e+03	1.72000000e+03	2.29500000e+03
17	6.04024800e+06	1.06400000e+03	1.72400000e+03	2.30000000e+03
18	6.07355500e+06	1.06600000e+03	1.73100000e+03	2.30800000e+03
19	6.09658100e+06	1.06900000e+03	1.75000000e+03	2.33300000e+03
20	6.11506900e+06	1.07100000e+03	1.75700000e+03	2.34000000e+03
21	6.12891600e+06	1.07300000e+03	1.77200000e+03	2.36300000e+03
22	6.14316200e+06	1.07600000e+03	1.78400000e+03	2.37700000e+03
23	6.15799200e+06	1.07600000e+03	1.78600000e+03	2.37900000e+03
24	6.17067000e+06	1.07900000e+03	1.79100000e+03	2.38500000e+03
25	6.18195000e+06	1.07900000e+03	1.79300000e+03	2.38700000e+03
26	6.19154400e+06	1.07900000e+03	1.79600000e+03	2.39100000e+03
27	6.20077600e+06	1.07900000e+03	1.79600000e+03	2.39300000e+03
28	6.20990300e+06	1.08000000e+03	1.79800000e+03	2.39500000e+03
29	6.21926700e+06	1.08000000e+03	1.79800000e+03	2.39500000e+03
30	6.22876100e+06	1.08100000e+03	1.80100000e+03	2.39900000e+03
31	6.23791600e+06	1.08100000e+03	1.80900000e+03	2.41100000e+03
32	6.24822100e+06	1.08200000e+03	1.81100000e+03	2.41300000e+03
33	6.25740400e+06	1.08300000e+03	1.81300000e+03	2.41600000e+03
34	6.26632600e+06	1.08400000e+03	1.81600000e+03	2.41900000e+03
35	6.27354000e+06	1.08400000e+03	1.82000000e+03	2.42300000e+03
36	6.27957800e+06	1.08400000e+03	1.82100000e+03	2.42400000e+03
37	6.28635800e+06	1.08400000e+03	1.82100000e+03	2.42400000e+03
38	6.29428600e+06	1.08500000e+03	1.82600000e+03	2.43200000e+03
39	6.30269700e+06	1.08600000e+03	1.83300000e+03	2.44000000e+03
40	6.31117600e+06	1.08600000e+03	1.83700000e+03	2.44400000e+03
41	6.31982200e+06	1.08700000e+03	1.84300000e+03	2.45100000e+03
42	6.32849600e+06	1.08700000e+03	1.84500000e+03	2.45400000e+03
43	6.33537900e+06	1.08700000e+03	1.84600000e+03	2.45500000e+03
44	6.34273000e+06	1.08700000e+03	1.84600000e+03	2.45500000e+03
45	6.34969000e+06	1.08700000e+03	1.84600000e+03	2.45500000e+03
46	6.35573000e+06	1.08700000e+03	1.84600000e+03	2.45600000e+03
47	6.36102400e+06	1.08800000e+03	1.84800000e+03	2.45800000e+03
48	6.36661600e+06	1.08800000e+03	1.84800000e+03	2.45800000e+03
49	6.37254900e+06	1.08800000e+03	1.84800000e+03	2.45800000e+03
50	6.37779100e+06	1.08800000e+03	1.84800000e+03	2.45900000e+03
51	6.38380300e+06	1.08800000e+03	1.84800000e+03	2.46000000e+03
52	6.38963500e+06	1.08900000e+03	1.85200000e+03	2.46400000e+03
53	6.39436700e+06	1.08900000e+03	1.85200000e+03	2.46400000e+03
54	6.39624700e+06	1.08900000e+03	1.85200000e+03	2.46500000e+03
55	6.39784000e+06	1.08900000e+03	1.85200000e+03	2.46500000e+03
56	6.39946900e+06	1.08900000e+03	1.85200000e+03	2.46600000e+03
57	6.40127800e+06	1.08900000e+03	1.85600000e+03	2.47200000e+03
58	6.40330500e+06	1.08900000e+03	1.85800000e+03	2.47700000e+03
59	6.40568900e+06	1.08900000e+03	1.85800000e+03	2.47700000e+03
60	6.41085500e+06	1.08900000e+03	1.85800000e+03	2.47800000e+03
61	6.41529800e+06	1.09000000e+03	1.86000000e+03	2.48100000e+03
62	6.41924200e+06	1.09100000e+03	1.86100000e+03	2.48200000e+03
63	6.42327800e+06	1.09200000e+03	1.86400000e+03	2.48500000e+03
64	6.42744100e+06	1.09300000e+03	1.86600000e+03	2.48700000e+03
65	6.42744100e+06	1.09300000e+03	1.86600000e+03	2.48700000e+03
66	6.42744100e+06	1.09400000e+03	1.86700000e+03	2.48800000e+03
67	6.43215200e+06	1.09500000e+03	1.86800000e+03	2.49000000e+03
68	6.43643400e+06	1.09500000e+03	1.86800000e+03	2.49000000e+03
69	6.44044000e+06	1.09500000e+03	1.87000000e+03	2.49200000e+03
70	6.44384700e+06	1.09500000e+03	1.87100000e+03	2.49300000e+03
71	6.44725800e+06	1.09500000e+03	1.87100000e+03	2.49300000e+03
72	6.45126700e+06	1.09500000e+03	1.87100000e+03	2.49300000e+03
73	6.45551900e+06	1.09500000e+03	1.87100000e+03	2.49300000e+03
74	6.45899100e+06	1.09600000e+03	1.87400000e+03	2.49700000e+03
75	6.46223100e+06	1.09600000e+03	1.87600000e+03	2.49900000e+03
76	6.46526200e+06	1.09600000e+03	1.87600000e+03	2.49900000e+03
77	6.46825000e+06	1.09700000e+03	1.87800000e+03	2.50100000e+03
78	6.47119500e+06	1.09700000e+03	1.87800000e+03	2.50100000e+03
79	6.47477900e+06	1.09700000e+03	1.87800000e+03	2.50100000e+03
80	6.47830000e+06	1.09800000e+03	1.88000000e+03	2.50500000e+03
81	6.47830000e+06	1.10000000e+03	1.88400000e+03	2.51000000e+03
82	6.48089000e+06	1.10000000e+03	1.88400000e+03	2.51000000e+03
83	6.48352200e+06	1.10100000e+03	1.88600000e+03	2.51300000e+03
84	6.48611400e+06	1.10100000e+03	1.88600000e+03	2.51300000e+03
85	6.48899700e+06	1.10100000e+03	1.88600000e+03	2.51300000e+03
86	6.49208500e+06	1.10100000e+03	1.88600000e+03	2.51300000e+03
87	6.49531100e+06	1.10100000e+03	1.88600000e+03	2.51300000e+03
88	6.49833400e+06	1.10300000e+03	1.89200000e+03	2.51900000e+03
89	6.50110600e+06	1.10400000e+03	1.89300000e+03	2.52000000e+03
90	6.50381200e+06	1.10400000e+03	1.89300000e+03	2.52000000e+03
91	6.50636600e+06	1.10700000e+03	1.89600000e+03	2.52300000e+03
92	6.50903800e+06	1.10800000e+03	1.89700000e+03	2.52400000e+03
93	6.51194800e+06	1.11200000e+03	1.90300000e+03	2.53000000e+03
94	6.51527500e+06	1.11500000e+03	1.90800000e+03	2.53500000e+03
95	6.51833700e+06	1.12000000e+03	1.91400000e+03	2.54300000e+03
96	6.51833700e+06	1.12200000e+03	1.91600000e+03	2.54500000e+03
97	6.52055900e+06	1.12500000e+03	1.92000000e+03	2.55000000e+03
98	6.52257100e+06	1.12900000e+03	1.92600000e+03	2.55700000e+03
99	6.52493200e+06	1.13000000e+03	1.92800000e+03	2.56100000e+03
100	6.52750200e+06	1.13100000e+03	1.93200000e+03	2.56500000e+03
