Day_(movie_time)	Views	Users	Rigor	Edits
-460	0.00000000e+00	0.00000000e+00	0.00000000e+00	0.00000000e+00
-459	6.20000000e+01	0.00000000e+00	0.00000000e+00	0.00000000e+00
-458	1.25000000e+02	0.00000000e+00	0.00000000e+00	0.00000000e+00
-457	1.25000000e+02	0.00000000e+00	0.00000000e+00	0.00000000e+00
-456	1.25000000e+02	0.00000000e+00	0.00000000e+00	0.00000000e+00
-455	1.87000000e+02	0.00000000e+00	0.00000000e+00	0.00000000e+00
-454	2.39000000e+02	0.00000000e+00	0.00000000e+00	0.00000000e+00
-453	3.30000000e+02	0.00000000e+00	0.00000000e+00	0.00000000e+00
-452	4.09000000e+02	0.00000000e+00	0.00000000e+00	0.00000000e+00
-451	4.90000000e+02	0.00000000e+00	0.00000000e+00	0.00000000e+00
-450	5.54000000e+02	0.00000000e+00	0.00000000e+00	0.00000000e+00
-449	6.08000000e+02	0.00000000e+00	0.00000000e+00	0.00000000e+00
-448	6.75000000e+02	0.00000000e+00	0.00000000e+00	0.00000000e+00
-447	7.47000000e+02	0.00000000e+00	0.00000000e+00	0.00000000e+00
-446	8.13000000e+02	0.00000000e+00	0.00000000e+00	0.00000000e+00
-445	9.01000000e+02	0.00000000e+00	0.00000000e+00	0.00000000e+00
-444	9.74000000e+02	0.00000000e+00	0.00000000e+00	0.00000000e+00
-443	1.03300000e+03	0.00000000e+00	0.00000000e+00	0.00000000e+00
-442	1.07000000e+03	0.00000000e+00	0.00000000e+00	0.00000000e+00
-441	1.12100000e+03	0.00000000e+00	0.00000000e+00	0.00000000e+00
-440	1.18300000e+03	0.00000000e+00	0.00000000e+00	0.00000000e+00
-439	1.26100000e+03	0.00000000e+00	0.00000000e+00	0.00000000e+00
-438	1.34300000e+03	0.00000000e+00	0.00000000e+00	0.00000000e+00
-437	1.40600000e+03	0.00000000e+00	0.00000000e+00	0.00000000e+00
-436	1.46400000e+03	0.00000000e+00	0.00000000e+00	0.00000000e+00
-435	1.53100000e+03	0.00000000e+00	0.00000000e+00	0.00000000e+00
-434	1.59500000e+03	0.00000000e+00	0.00000000e+00	0.00000000e+00
-433	1.64900000e+03	0.00000000e+00	0.00000000e+00	0.00000000e+00
-432	1.71400000e+03	0.00000000e+00	0.00000000e+00	0.00000000e+00
-431	1.78100000e+03	0.00000000e+00	0.00000000e+00	0.00000000e+00
-430	1.86100000e+03	0.00000000e+00	0.00000000e+00	0.00000000e+00
-429	1.91900000e+03	0.00000000e+00	0.00000000e+00	0.00000000e+00
-428	1.96900000e+03	0.00000000e+00	0.00000000e+00	0.00000000e+00
-427	2.01700000e+03	0.00000000e+00	0.00000000e+00	0.00000000e+00
-426	2.07300000e+03	0.00000000e+00	0.00000000e+00	0.00000000e+00
-425	2.15500000e+03	0.00000000e+00	0.00000000e+00	0.00000000e+00
-424	2.23100000e+03	0.00000000e+00	0.00000000e+00	0.00000000e+00
-423	2.31600000e+03	0.00000000e+00	0.00000000e+00	0.00000000e+00
-422	2.37400000e+03	0.00000000e+00	0.00000000e+00	0.00000000e+00
-421	2.44600000e+03	0.00000000e+00	0.00000000e+00	0.00000000e+00
-420	2.49200000e+03	0.00000000e+00	0.00000000e+00	0.00000000e+00
-419	2.54100000e+03	0.00000000e+00	0.00000000e+00	0.00000000e+00
-418	2.61600000e+03	0.00000000e+00	0.00000000e+00	0.00000000e+00
-417	2.69300000e+03	0.00000000e+00	0.00000000e+00	0.00000000e+00
-416	2.74800000e+03	0.00000000e+00	0.00000000e+00	0.00000000e+00
-415	2.80500000e+03	0.00000000e+00	0.00000000e+00	0.00000000e+00
-414	2.86000000e+03	0.00000000e+00	0.00000000e+00	0.00000000e+00
-413	2.92100000e+03	0.00000000e+00	0.00000000e+00	0.00000000e+00
-412	2.97000000e+03	0.00000000e+00	0.00000000e+00	0.00000000e+00
-411	3.02100000e+03	0.00000000e+00	0.00000000e+00	0.00000000e+00
-410	3.08300000e+03	0.00000000e+00	0.00000000e+00	0.00000000e+00
-409	3.14400000e+03	0.00000000e+00	0.00000000e+00	0.00000000e+00
-408	3.18900000e+03	0.00000000e+00	0.00000000e+00	0.00000000e+00
-407	3.24000000e+03	0.00000000e+00	0.00000000e+00	0.00000000e+00
-406	3.27800000e+03	0.00000000e+00	0.00000000e+00	0.00000000e+00
-405	3.33000000e+03	0.00000000e+00	0.00000000e+00	0.00000000e+00
-404	3.39100000e+03	0.00000000e+00	0.00000000e+00	0.00000000e+00
-403	3.44900000e+03	0.00000000e+00	0.00000000e+00	0.00000000e+00
-402	3.48600000e+03	0.00000000e+00	0.00000000e+00	0.00000000e+00
-401	3.53900000e+03	0.00000000e+00	0.00000000e+00	0.00000000e+00
-400	3.59300000e+03	0.00000000e+00	0.00000000e+00	0.00000000e+00
-399	3.63500000e+03	0.00000000e+00	0.00000000e+00	0.00000000e+00
-398	3.69900000e+03	0.00000000e+00	0.00000000e+00	0.00000000e+00
-397	3.75000000e+03	0.00000000e+00	0.00000000e+00	0.00000000e+00
-396	3.82400000e+03	0.00000000e+00	0.00000000e+00	0.00000000e+00
-395	3.89800000e+03	0.00000000e+00	0.00000000e+00	0.00000000e+00
-394	3.96400000e+03	0.00000000e+00	0.00000000e+00	0.00000000e+00
-393	4.01700000e+03	0.00000000e+00	0.00000000e+00	0.00000000e+00
-392	4.06000000e+03	0.00000000e+00	0.00000000e+00	0.00000000e+00
-391	4.10600000e+03	0.00000000e+00	0.00000000e+00	0.00000000e+00
-390	4.16900000e+03	0.00000000e+00	0.00000000e+00	0.00000000e+00
-389	4.30100000e+03	0.00000000e+00	0.00000000e+00	0.00000000e+00
-388	4.38400000e+03	0.00000000e+00	0.00000000e+00	0.00000000e+00
-387	4.45000000e+03	0.00000000e+00	0.00000000e+00	0.00000000e+00
-386	4.51500000e+03	0.00000000e+00	0.00000000e+00	0.00000000e+00
-385	4.57300000e+03	0.00000000e+00	0.00000000e+00	0.00000000e+00
-384	4.65300000e+03	0.00000000e+00	0.00000000e+00	0.00000000e+00
-383	4.73900000e+03	0.00000000e+00	0.00000000e+00	0.00000000e+00
-382	4.83700000e+03	0.00000000e+00	0.00000000e+00	0.00000000e+00
-381	4.92100000e+03	0.00000000e+00	0.00000000e+00	0.00000000e+00
-380	4.98400000e+03	0.00000000e+00	0.00000000e+00	0.00000000e+00
-379	5.05400000e+03	0.00000000e+00	0.00000000e+00	0.00000000e+00
-378	5.12400000e+03	0.00000000e+00	0.00000000e+00	0.00000000e+00
-377	5.20000000e+03	0.00000000e+00	0.00000000e+00	0.00000000e+00
-376	5.30300000e+03	0.00000000e+00	0.00000000e+00	0.00000000e+00
-375	5.38300000e+03	0.00000000e+00	0.00000000e+00	0.00000000e+00
-374	5.47200000e+03	0.00000000e+00	0.00000000e+00	0.00000000e+00
-373	5.55500000e+03	0.00000000e+00	0.00000000e+00	0.00000000e+00
-372	5.62600000e+03	0.00000000e+00	0.00000000e+00	0.00000000e+00
-371	5.68000000e+03	0.00000000e+00	0.00000000e+00	0.00000000e+00
-370	5.74600000e+03	0.00000000e+00	0.00000000e+00	0.00000000e+00
-369	5.83900000e+03	0.00000000e+00	0.00000000e+00	0.00000000e+00
-368	5.94000000e+03	0.00000000e+00	0.00000000e+00	0.00000000e+00
-367	6.02900000e+03	0.00000000e+00	0.00000000e+00	0.00000000e+00
-366	6.10500000e+03	0.00000000e+00	0.00000000e+00	0.00000000e+00
-365	6.18600000e+03	0.00000000e+00	0.00000000e+00	0.00000000e+00
-364	6.28800000e+03	0.00000000e+00	0.00000000e+00	0.00000000e+00
-363	6.35100000e+03	0.00000000e+00	0.00000000e+00	0.00000000e+00
-362	6.44900000e+03	0.00000000e+00	0.00000000e+00	0.00000000e+00
-361	6.53900000e+03	0.00000000e+00	0.00000000e+00	0.00000000e+00
-360	6.63500000e+03	0.00000000e+00	0.00000000e+00	0.00000000e+00
-359	6.70700000e+03	0.00000000e+00	0.00000000e+00	0.00000000e+00
-358	6.80400000e+03	0.00000000e+00	0.00000000e+00	0.00000000e+00
-357	6.86200000e+03	0.00000000e+00	0.00000000e+00	0.00000000e+00
-356	6.93800000e+03	0.00000000e+00	0.00000000e+00	0.00000000e+00
-355	7.02100000e+03	0.00000000e+00	0.00000000e+00	0.00000000e+00
-354	7.12100000e+03	0.00000000e+00	0.00000000e+00	0.00000000e+00
-353	7.22700000e+03	0.00000000e+00	0.00000000e+00	0.00000000e+00
-352	7.30200000e+03	0.00000000e+00	0.00000000e+00	0.00000000e+00
-351	7.38300000e+03	0.00000000e+00	0.00000000e+00	0.00000000e+00
-350	7.45100000e+03	0.00000000e+00	0.00000000e+00	0.00000000e+00
-349	7.55800000e+03	0.00000000e+00	0.00000000e+00	0.00000000e+00
-348	7.66700000e+03	0.00000000e+00	0.00000000e+00	0.00000000e+00
-347	7.75500000e+03	0.00000000e+00	0.00000000e+00	0.00000000e+00
-346	7.84300000e+03	0.00000000e+00	0.00000000e+00	0.00000000e+00
-345	7.92700000e+03	0.00000000e+00	0.00000000e+00	0.00000000e+00
-344	8.00200000e+03	0.00000000e+00	0.00000000e+00	0.00000000e+00
-343	8.08800000e+03	0.00000000e+00	0.00000000e+00	0.00000000e+00
-342	8.15200000e+03	0.00000000e+00	0.00000000e+00	0.00000000e+00
-341	8.22800000e+03	0.00000000e+00	0.00000000e+00	0.00000000e+00
-340	8.33300000e+03	0.00000000e+00	0.00000000e+00	0.00000000e+00
-339	8.42400000e+03	0.00000000e+00	0.00000000e+00	0.00000000e+00
-338	8.56000000e+03	0.00000000e+00	0.00000000e+00	0.00000000e+00
-337	8.67700000e+03	0.00000000e+00	0.00000000e+00	0.00000000e+00
-336	8.79100000e+03	0.00000000e+00	0.00000000e+00	0.00000000e+00
-335	8.90300000e+03	0.00000000e+00	0.00000000e+00	0.00000000e+00
-334	9.02300000e+03	0.00000000e+00	0.00000000e+00	0.00000000e+00
-333	9.14900000e+03	0.00000000e+00	0.00000000e+00	0.00000000e+00
-332	9.24200000e+03	0.00000000e+00	0.00000000e+00	0.00000000e+00
-331	9.35900000e+03	0.00000000e+00	0.00000000e+00	0.00000000e+00
-330	9.44400000e+03	0.00000000e+00	0.00000000e+00	0.00000000e+00
-329	9.52200000e+03	0.00000000e+00	0.00000000e+00	0.00000000e+00
-328	9.59400000e+03	0.00000000e+00	0.00000000e+00	0.00000000e+00
-327	9.70800000e+03	0.00000000e+00	0.00000000e+00	0.00000000e+00
-326	9.84900000e+03	0.00000000e+00	0.00000000e+00	0.00000000e+00
-325	9.93600000e+03	0.00000000e+00	0.00000000e+00	0.00000000e+00
-324	9.95400000e+03	0.00000000e+00	0.00000000e+00	0.00000000e+00
-323	9.97100000e+03	0.00000000e+00	0.00000000e+00	0.00000000e+00
-322	9.98300000e+03	0.00000000e+00	0.00000000e+00	0.00000000e+00
-321	1.00030000e+04	0.00000000e+00	0.00000000e+00	0.00000000e+00
-320	1.00230000e+04	0.00000000e+00	0.00000000e+00	0.00000000e+00
-319	1.00380000e+04	0.00000000e+00	0.00000000e+00	0.00000000e+00
-318	1.00490000e+04	0.00000000e+00	0.00000000e+00	0.00000000e+00
-317	1.00680000e+04	0.00000000e+00	0.00000000e+00	0.00000000e+00
-316	1.00840000e+04	0.00000000e+00	0.00000000e+00	0.00000000e+00
-315	1.00940000e+04	0.00000000e+00	0.00000000e+00	0.00000000e+00
-314	1.01070000e+04	0.00000000e+00	0.00000000e+00	0.00000000e+00
-313	1.01230000e+04	0.00000000e+00	0.00000000e+00	0.00000000e+00
-312	1.01500000e+04	0.00000000e+00	0.00000000e+00	0.00000000e+00
-311	1.01670000e+04	0.00000000e+00	0.00000000e+00	0.00000000e+00
-310	1.01980000e+04	0.00000000e+00	0.00000000e+00	0.00000000e+00
-309	1.02200000e+04	0.00000000e+00	0.00000000e+00	0.00000000e+00
-308	1.02350000e+04	0.00000000e+00	0.00000000e+00	0.00000000e+00
-307	1.02490000e+04	0.00000000e+00	0.00000000e+00	0.00000000e+00
-306	1.02640000e+04	0.00000000e+00	0.00000000e+00	0.00000000e+00
-305	1.02800000e+04	0.00000000e+00	0.00000000e+00	0.00000000e+00
-304	1.02920000e+04	0.00000000e+00	0.00000000e+00	0.00000000e+00
-303	1.03120000e+04	0.00000000e+00	0.00000000e+00	0.00000000e+00
-302	1.03170000e+04	0.00000000e+00	0.00000000e+00	0.00000000e+00
-301	1.03300000e+04	0.00000000e+00	0.00000000e+00	0.00000000e+00
-300	1.03460000e+04	0.00000000e+00	0.00000000e+00	0.00000000e+00
-299	1.03540000e+04	0.00000000e+00	0.00000000e+00	0.00000000e+00
-298	1.03800000e+04	0.00000000e+00	0.00000000e+00	0.00000000e+00
-297	1.04020000e+04	0.00000000e+00	0.00000000e+00	0.00000000e+00
-296	1.04200000e+04	0.00000000e+00	0.00000000e+00	0.00000000e+00
-295	1.04570000e+04	0.00000000e+00	0.00000000e+00	0.00000000e+00
-294	1.04670000e+04	0.00000000e+00	0.00000000e+00	0.00000000e+00
-293	1.04850000e+04	0.00000000e+00	0.00000000e+00	0.00000000e+00
-292	1.05060000e+04	0.00000000e+00	0.00000000e+00	0.00000000e+00
-291	1.05250000e+04	0.00000000e+00	0.00000000e+00	0.00000000e+00
-290	1.05520000e+04	0.00000000e+00	0.00000000e+00	0.00000000e+00
-289	1.05730000e+04	0.00000000e+00	0.00000000e+00	0.00000000e+00
-288	1.05950000e+04	0.00000000e+00	0.00000000e+00	0.00000000e+00
-287	1.06170000e+04	0.00000000e+00	0.00000000e+00	0.00000000e+00
-286	1.06340000e+04	0.00000000e+00	0.00000000e+00	0.00000000e+00
-285	1.06600000e+04	0.00000000e+00	0.00000000e+00	0.00000000e+00
-284	1.06810000e+04	0.00000000e+00	0.00000000e+00	0.00000000e+00
-283	1.07070000e+04	0.00000000e+00	0.00000000e+00	0.00000000e+00
-282	1.07280000e+04	0.00000000e+00	0.00000000e+00	0.00000000e+00
-281	1.07450000e+04	0.00000000e+00	0.00000000e+00	0.00000000e+00
-280	1.07630000e+04	0.00000000e+00	0.00000000e+00	0.00000000e+00
-279	1.07810000e+04	0.00000000e+00	0.00000000e+00	0.00000000e+00
-278	1.08250000e+04	0.00000000e+00	0.00000000e+00	0.00000000e+00
-277	1.08580000e+04	0.00000000e+00	0.00000000e+00	0.00000000e+00
-276	1.08790000e+04	0.00000000e+00	0.00000000e+00	0.00000000e+00
-275	1.09000000e+04	0.00000000e+00	0.00000000e+00	0.00000000e+00
-274	1.09120000e+04	0.00000000e+00	0.00000000e+00	0.00000000e+00
-273	1.11910000e+04	1.00000000e+00	1.00000000e+00	3.00000000e+00
-272	1.20030000e+04	1.00000000e+00	1.00000000e+00	3.00000000e+00
-271	1.28360000e+04	1.00000000e+00	1.00000000e+00	3.00000000e+00
-270	1.40690000e+04	1.00000000e+00	1.00000000e+00	3.00000000e+00
-269	1.51910000e+04	1.00000000e+00	1.00000000e+00	3.00000000e+00
-268	1.59710000e+04	1.00000000e+00	1.00000000e+00	4.00000000e+00
-267	1.67120000e+04	1.00000000e+00	1.00000000e+00	4.00000000e+00
-266	1.73640000e+04	1.00000000e+00	1.00000000e+00	4.00000000e+00
-265	1.81000000e+04	1.00000000e+00	1.00000000e+00	4.00000000e+00
-264	1.89580000e+04	1.00000000e+00	1.00000000e+00	4.00000000e+00
-263	2.00060000e+04	1.00000000e+00	1.00000000e+00	4.00000000e+00
-262	2.10680000e+04	1.00000000e+00	1.00000000e+00	4.00000000e+00
-261	2.19190000e+04	1.00000000e+00	1.00000000e+00	4.00000000e+00
-260	2.27060000e+04	1.00000000e+00	1.00000000e+00	4.00000000e+00
-259	2.34220000e+04	2.00000000e+00	3.00000000e+00	6.00000000e+00
-258	2.41200000e+04	2.00000000e+00	3.00000000e+00	6.00000000e+00
-257	2.49390000e+04	2.00000000e+00	3.00000000e+00	6.00000000e+00
-256	2.58640000e+04	6.00000000e+00	7.00000000e+00	1.20000000e+01
-255	2.65880000e+04	6.00000000e+00	7.00000000e+00	1.20000000e+01
-254	2.73920000e+04	6.00000000e+00	7.00000000e+00	1.20000000e+01
-253	2.81710000e+04	6.00000000e+00	7.00000000e+00	1.20000000e+01
-252	2.89560000e+04	6.00000000e+00	7.00000000e+00	1.20000000e+01
-251	2.96330000e+04	6.00000000e+00	7.00000000e+00	1.20000000e+01
-250	3.02510000e+04	6.00000000e+00	7.00000000e+00	1.20000000e+01
-249	3.11250000e+04	6.00000000e+00	7.00000000e+00	1.20000000e+01
-248	3.19720000e+04	6.00000000e+00	7.00000000e+00	1.20000000e+01
-247	3.26750000e+04	6.00000000e+00	7.00000000e+00	1.20000000e+01
-246	3.41070000e+04	6.00000000e+00	7.00000000e+00	1.20000000e+01
-245	3.48980000e+04	6.00000000e+00	7.00000000e+00	1.20000000e+01
-244	3.57760000e+04	6.00000000e+00	7.00000000e+00	1.20000000e+01
-243	3.67040000e+04	7.00000000e+00	8.00000000e+00	1.50000000e+01
-242	3.77740000e+04	7.00000000e+00	8.00000000e+00	1.50000000e+01
-241	3.86740000e+04	9.00000000e+00	9.00000000e+00	1.60000000e+01
-240	3.96510000e+04	9.00000000e+00	9.00000000e+00	1.60000000e+01
-239	4.04760000e+04	9.00000000e+00	9.00000000e+00	1.60000000e+01
-238	4.15810000e+04	9.00000000e+00	9.00000000e+00	1.60000000e+01
-237	4.26770000e+04	9.00000000e+00	9.00000000e+00	1.60000000e+01
-236	4.37340000e+04	9.00000000e+00	9.00000000e+00	1.60000000e+01
-235	4.47460000e+04	9.00000000e+00	9.00000000e+00	1.60000000e+01
-234	4.58260000e+04	9.00000000e+00	9.00000000e+00	1.60000000e+01
-233	4.68170000e+04	9.00000000e+00	9.00000000e+00	1.60000000e+01
-232	4.77770000e+04	9.00000000e+00	9.00000000e+00	1.60000000e+01
-231	4.86990000e+04	9.00000000e+00	9.00000000e+00	1.60000000e+01
-230	4.96240000e+04	9.00000000e+00	9.00000000e+00	1.60000000e+01
-229	5.06330000e+04	9.00000000e+00	9.00000000e+00	1.60000000e+01
-228	5.17890000e+04	9.00000000e+00	9.00000000e+00	1.60000000e+01
-227	5.28260000e+04	9.00000000e+00	9.00000000e+00	1.60000000e+01
-226	5.38900000e+04	9.00000000e+00	9.00000000e+00	1.60000000e+01
-225	5.51060000e+04	9.00000000e+00	9.00000000e+00	1.60000000e+01
-224	5.61480000e+04	9.00000000e+00	9.00000000e+00	1.60000000e+01
-223	5.71240000e+04	9.00000000e+00	9.00000000e+00	1.60000000e+01
-222	5.81280000e+04	9.00000000e+00	9.00000000e+00	1.60000000e+01
-221	5.94130000e+04	9.00000000e+00	9.00000000e+00	1.60000000e+01
-220	6.06020000e+04	9.00000000e+00	9.00000000e+00	1.60000000e+01
-219	6.17070000e+04	9.00000000e+00	9.00000000e+00	1.60000000e+01
-218	6.27570000e+04	9.00000000e+00	9.00000000e+00	1.60000000e+01
-217	6.38020000e+04	9.00000000e+00	9.00000000e+00	1.60000000e+01
-216	6.47470000e+04	9.00000000e+00	9.00000000e+00	1.60000000e+01
-215	6.57220000e+04	9.00000000e+00	9.00000000e+00	1.60000000e+01
-214	6.69160000e+04	9.00000000e+00	9.00000000e+00	1.60000000e+01
-213	6.80620000e+04	9.00000000e+00	9.00000000e+00	1.60000000e+01
-212	6.91570000e+04	9.00000000e+00	9.00000000e+00	1.60000000e+01
-211	7.02970000e+04	9.00000000e+00	9.00000000e+00	1.60000000e+01
-210	7.12620000e+04	9.00000000e+00	9.00000000e+00	1.60000000e+01
-209	7.21580000e+04	9.00000000e+00	9.00000000e+00	1.60000000e+01
-208	7.30550000e+04	9.00000000e+00	9.00000000e+00	1.60000000e+01
-207	7.41840000e+04	9.00000000e+00	9.00000000e+00	1.60000000e+01
-206	7.53420000e+04	9.00000000e+00	9.00000000e+00	1.60000000e+01
-205	7.64630000e+04	9.00000000e+00	9.00000000e+00	1.60000000e+01
-204	7.75020000e+04	9.00000000e+00	9.00000000e+00	1.60000000e+01
-203	7.84650000e+04	9.00000000e+00	9.00000000e+00	1.60000000e+01
-202	7.95710000e+04	9.00000000e+00	9.00000000e+00	1.60000000e+01
-201	8.05360000e+04	9.00000000e+00	9.00000000e+00	1.60000000e+01
-200	8.14550000e+04	9.00000000e+00	9.00000000e+00	1.60000000e+01
-199	8.26730000e+04	9.00000000e+00	9.00000000e+00	1.60000000e+01
-198	8.38190000e+04	9.00000000e+00	9.00000000e+00	1.60000000e+01
-197	8.48730000e+04	9.00000000e+00	9.00000000e+00	1.60000000e+01
-196	8.59230000e+04	9.00000000e+00	9.00000000e+00	1.60000000e+01
-195	8.70050000e+04	9.00000000e+00	9.00000000e+00	1.60000000e+01
-194	8.78700000e+04	9.00000000e+00	9.00000000e+00	1.60000000e+01
-193	8.89710000e+04	9.00000000e+00	9.00000000e+00	1.60000000e+01
-192	9.03570000e+04	8.00000000e+00	1.00000000e+01	1.80000000e+01
-191	9.14980000e+04	8.00000000e+00	1.00000000e+01	1.80000000e+01
-190	9.25320000e+04	8.00000000e+00	1.00000000e+01	1.80000000e+01
-189	9.36940000e+04	8.00000000e+00	1.00000000e+01	1.80000000e+01
-188	9.47900000e+04	8.00000000e+00	1.00000000e+01	1.80000000e+01
-187	9.57890000e+04	8.00000000e+00	1.00000000e+01	1.80000000e+01
-186	9.70330000e+04	8.00000000e+00	1.00000000e+01	1.80000000e+01
-185	9.83260000e+04	8.00000000e+00	1.00000000e+01	1.80000000e+01
-184	9.95870000e+04	8.00000000e+00	1.00000000e+01	1.80000000e+01
-183	1.00954000e+05	1.00000000e+01	1.20000000e+01	2.00000000e+01
-182	1.02173000e+05	1.00000000e+01	1.20000000e+01	2.00000000e+01
-181	1.03520000e+05	1.00000000e+01	1.20000000e+01	2.00000000e+01
-180	1.04781000e+05	1.00000000e+01	1.20000000e+01	2.00000000e+01
-179	1.06187000e+05	1.00000000e+01	1.20000000e+01	2.00000000e+01
-178	1.07759000e+05	1.10000000e+01	1.30000000e+01	2.10000000e+01
-177	1.09208000e+05	1.10000000e+01	1.30000000e+01	2.10000000e+01
-176	1.10628000e+05	1.10000000e+01	1.30000000e+01	2.10000000e+01
-175	1.11975000e+05	1.10000000e+01	1.30000000e+01	2.10000000e+01
-174	1.13136000e+05	1.10000000e+01	1.30000000e+01	2.10000000e+01
-173	1.14492000e+05	1.10000000e+01	1.30000000e+01	2.10000000e+01
-172	1.15928000e+05	1.10000000e+01	1.30000000e+01	2.10000000e+01
-171	1.17340000e+05	1.10000000e+01	1.30000000e+01	2.10000000e+01
-170	1.18699000e+05	1.10000000e+01	1.30000000e+01	2.10000000e+01
-169	1.20224000e+05	1.10000000e+01	1.30000000e+01	2.10000000e+01
-168	1.21452000e+05	1.10000000e+01	1.30000000e+01	2.10000000e+01
-167	1.22718000e+05	1.10000000e+01	1.30000000e+01	2.10000000e+01
-166	1.23982000e+05	1.10000000e+01	1.30000000e+01	2.10000000e+01
-165	1.25474000e+05	1.30000000e+01	1.40000000e+01	2.20000000e+01
-164	1.26863000e+05	1.30000000e+01	1.40000000e+01	2.20000000e+01
-163	1.28181000e+05	1.30000000e+01	1.40000000e+01	2.20000000e+01
-162	1.29474000e+05	1.30000000e+01	1.40000000e+01	2.20000000e+01
-161	1.30688000e+05	1.30000000e+01	1.40000000e+01	2.20000000e+01
-160	1.31974000e+05	1.30000000e+01	1.40000000e+01	2.20000000e+01
-159	1.33207000e+05	1.30000000e+01	1.40000000e+01	2.20000000e+01
-158	1.34372000e+05	1.30000000e+01	1.40000000e+01	2.20000000e+01
-157	1.35689000e+05	1.30000000e+01	1.40000000e+01	2.20000000e+01
-156	1.36911000e+05	1.30000000e+01	1.40000000e+01	2.20000000e+01
-155	1.38029000e+05	1.30000000e+01	1.40000000e+01	2.20000000e+01
-154	1.39120000e+05	1.30000000e+01	1.40000000e+01	2.20000000e+01
-153	1.40270000e+05	1.30000000e+01	1.40000000e+01	2.20000000e+01
-152	1.41620000e+05	1.50000000e+01	1.60000000e+01	2.60000000e+01
-151	1.43031000e+05	1.60000000e+01	1.80000000e+01	2.90000000e+01
-150	1.44296000e+05	2.00000000e+01	1.90000000e+01	3.00000000e+01
-149	1.45557000e+05	2.00000000e+01	2.00000000e+01	3.10000000e+01
-148	1.46596000e+05	2.00000000e+01	2.00000000e+01	3.10000000e+01
-147	1.47692000e+05	2.00000000e+01	2.00000000e+01	3.10000000e+01
-146	1.48822000e+05	2.00000000e+01	2.00000000e+01	3.10000000e+01
-145	1.50067000e+05	2.00000000e+01	2.00000000e+01	3.10000000e+01
-144	1.51285000e+05	1.90000000e+01	2.10000000e+01	3.20000000e+01
-143	1.52617000e+05	1.90000000e+01	2.10000000e+01	3.20000000e+01
-142	1.53835000e+05	2.10000000e+01	2.30000000e+01	3.40000000e+01
-141	1.54985000e+05	2.10000000e+01	2.30000000e+01	3.40000000e+01
-140	1.56267000e+05	2.30000000e+01	2.50000000e+01	3.80000000e+01
-139	1.57495000e+05	2.40000000e+01	2.70000000e+01	4.10000000e+01
-138	1.58689000e+05	2.40000000e+01	2.70000000e+01	4.10000000e+01
-137	1.60039000e+05	2.40000000e+01	2.70000000e+01	4.10000000e+01
-136	1.61317000e+05	2.40000000e+01	2.70000000e+01	4.10000000e+01
-135	1.62521000e+05	2.40000000e+01	2.70000000e+01	4.10000000e+01
-134	1.63524000e+05	2.40000000e+01	2.80000000e+01	4.60000000e+01
-133	1.64421000e+05	2.50000000e+01	2.80000000e+01	4.80000000e+01
-132	1.65391000e+05	2.60000000e+01	2.90000000e+01	4.90000000e+01
-131	1.66722000e+05	2.60000000e+01	2.90000000e+01	4.90000000e+01
-130	1.67967000e+05	2.60000000e+01	2.90000000e+01	5.10000000e+01
-129	1.68916000e+05	2.90000000e+01	3.10000000e+01	5.30000000e+01
-128	1.69960000e+05	2.90000000e+01	3.10000000e+01	5.30000000e+01
-127	1.70976000e+05	2.90000000e+01	3.10000000e+01	5.30000000e+01
-126	1.71943000e+05	2.90000000e+01	3.10000000e+01	5.30000000e+01
-125	1.72964000e+05	3.20000000e+01	3.60000000e+01	6.10000000e+01
-124	1.74158000e+05	3.40000000e+01	3.80000000e+01	6.30000000e+01
-123	1.75331000e+05	3.10000000e+01	4.00000000e+01	6.50000000e+01
-122	1.75331000e+05	3.10000000e+01	4.00000000e+01	6.50000000e+01
-121	1.76637000e+05	3.10000000e+01	4.00000000e+01	6.50000000e+01
-120	1.76637000e+05	3.10000000e+01	4.00000000e+01	6.50000000e+01
-119	1.76637000e+05	3.10000000e+01	4.00000000e+01	6.50000000e+01
-118	1.76637000e+05	3.10000000e+01	4.00000000e+01	6.50000000e+01
-117	1.76637000e+05	3.10000000e+01	4.00000000e+01	6.50000000e+01
-116	1.76637000e+05	3.10000000e+01	4.00000000e+01	6.50000000e+01
-115	1.77908000e+05	3.10000000e+01	4.00000000e+01	6.50000000e+01
-114	1.79095000e+05	3.10000000e+01	4.00000000e+01	6.50000000e+01
-113	1.80221000e+05	3.10000000e+01	4.00000000e+01	6.50000000e+01
-112	1.81359000e+05	3.10000000e+01	4.00000000e+01	6.50000000e+01
-111	1.83525000e+05	3.40000000e+01	4.10000000e+01	6.60000000e+01
-110	1.86182000e+05	3.40000000e+01	4.10000000e+01	6.60000000e+01
-109	1.88444000e+05	3.40000000e+01	4.20000000e+01	6.70000000e+01
-108	1.90379000e+05	3.40000000e+01	4.20000000e+01	6.70000000e+01
-107	1.91997000e+05	3.60000000e+01	4.40000000e+01	6.90000000e+01
-106	1.93396000e+05	3.80000000e+01	4.50000000e+01	7.00000000e+01
-105	1.94968000e+05	3.70000000e+01	4.60000000e+01	7.10000000e+01
-104	1.96201000e+05	3.70000000e+01	4.60000000e+01	7.10000000e+01
-103	1.97709000e+05	3.70000000e+01	4.60000000e+01	7.10000000e+01
-102	1.99266000e+05	3.70000000e+01	4.60000000e+01	7.10000000e+01
-101	2.00709000e+05	4.10000000e+01	5.00000000e+01	7.60000000e+01
-100	2.02151000e+05	4.10000000e+01	5.00000000e+01	7.60000000e+01
-99	2.02151000e+05	4.30000000e+01	5.20000000e+01	7.80000000e+01
-98	2.02151000e+05	4.30000000e+01	5.20000000e+01	7.80000000e+01
-97	2.02151000e+05	4.30000000e+01	5.20000000e+01	7.80000000e+01
-96	2.03341000e+05	4.30000000e+01	5.20000000e+01	7.80000000e+01
-95	2.04578000e+05	4.30000000e+01	5.20000000e+01	7.80000000e+01
-94	2.05815000e+05	4.30000000e+01	5.20000000e+01	7.80000000e+01
-93	2.06893000e+05	4.30000000e+01	5.20000000e+01	7.80000000e+01
-92	2.07871000e+05	4.30000000e+01	5.20000000e+01	7.80000000e+01
-91	2.08953000e+05	4.50000000e+01	5.30000000e+01	7.90000000e+01
-90	2.10002000e+05	4.50000000e+01	5.30000000e+01	7.90000000e+01
-89	2.11233000e+05	4.50000000e+01	5.30000000e+01	7.90000000e+01
-88	2.12656000e+05	4.50000000e+01	5.30000000e+01	7.90000000e+01
-87	2.13955000e+05	4.50000000e+01	5.30000000e+01	7.90000000e+01
-86	2.15311000e+05	4.50000000e+01	5.30000000e+01	7.90000000e+01
-85	2.16570000e+05	4.50000000e+01	5.30000000e+01	7.90000000e+01
-84	2.17724000e+05	4.50000000e+01	5.30000000e+01	7.90000000e+01
-83	2.18955000e+05	4.50000000e+01	5.30000000e+01	7.90000000e+01
-82	2.20177000e+05	4.50000000e+01	5.30000000e+01	7.90000000e+01
-81	2.21370000e+05	4.50000000e+01	5.40000000e+01	8.00000000e+01
-80	2.22520000e+05	4.80000000e+01	5.60000000e+01	8.20000000e+01
-79	2.23725000e+05	4.80000000e+01	5.80000000e+01	8.50000000e+01
-78	2.24924000e+05	4.70000000e+01	5.90000000e+01	8.70000000e+01
-77	2.26044000e+05	4.70000000e+01	5.90000000e+01	8.70000000e+01
-76	2.27140000e+05	4.90000000e+01	6.00000000e+01	8.80000000e+01
-75	2.28650000e+05	4.80000000e+01	6.10000000e+01	8.90000000e+01
-74	2.30132000e+05	4.80000000e+01	6.10000000e+01	8.90000000e+01
-73	2.31397000e+05	4.80000000e+01	6.10000000e+01	8.90000000e+01
-72	2.32625000e+05	4.90000000e+01	6.20000000e+01	9.00000000e+01
-71	2.33873000e+05	4.90000000e+01	6.20000000e+01	9.00000000e+01
-70	2.35038000e+05	4.90000000e+01	6.20000000e+01	9.00000000e+01
-69	2.36140000e+05	4.90000000e+01	6.20000000e+01	9.00000000e+01
-68	2.37546000e+05	5.20000000e+01	6.30000000e+01	9.10000000e+01
-67	2.37546000e+05	5.20000000e+01	6.30000000e+01	9.10000000e+01
-66	2.39040000e+05	5.20000000e+01	6.30000000e+01	9.10000000e+01
-65	2.40084000e+05	5.20000000e+01	6.30000000e+01	9.10000000e+01
-64	2.41194000e+05	5.20000000e+01	6.30000000e+01	9.10000000e+01
-63	2.42132000e+05	5.20000000e+01	6.30000000e+01	9.10000000e+01
-62	2.43268000e+05	5.20000000e+01	6.30000000e+01	9.10000000e+01
-61	2.44504000e+05	5.20000000e+01	6.30000000e+01	9.10000000e+01
-60	2.44504000e+05	5.20000000e+01	6.30000000e+01	9.10000000e+01
-59	2.45673000e+05	5.20000000e+01	6.30000000e+01	9.10000000e+01
-58	2.46598000e+05	5.20000000e+01	6.30000000e+01	9.10000000e+01
-57	2.47496000e+05	5.20000000e+01	6.30000000e+01	9.10000000e+01
-56	2.48491000e+05	5.20000000e+01	6.30000000e+01	9.10000000e+01
-55	2.49715000e+05	5.20000000e+01	6.30000000e+01	9.10000000e+01
-54	2.50878000e+05	5.20000000e+01	6.30000000e+01	9.10000000e+01
-53	2.52444000e+05	5.20000000e+01	6.30000000e+01	9.10000000e+01
-52	2.53657000e+05	5.20000000e+01	6.30000000e+01	9.10000000e+01
-51	2.54617000e+05	5.20000000e+01	6.30000000e+01	9.10000000e+01
-50	2.55579000e+05	5.20000000e+01	6.30000000e+01	9.10000000e+01
-49	2.56585000e+05	5.20000000e+01	6.30000000e+01	9.10000000e+01
-48	2.57671000e+05	5.20000000e+01	6.30000000e+01	9.10000000e+01
-47	2.58974000e+05	5.20000000e+01	6.30000000e+01	9.10000000e+01
-46	2.60777000e+05	5.20000000e+01	6.40000000e+01	9.30000000e+01
-45	2.62000000e+05	5.20000000e+01	6.40000000e+01	9.30000000e+01
-44	2.62899000e+05	5.60000000e+01	6.60000000e+01	9.50000000e+01
-43	2.63895000e+05	5.60000000e+01	6.60000000e+01	9.50000000e+01
-42	2.64816000e+05	5.80000000e+01	6.70000000e+01	9.60000000e+01
-41	2.65801000e+05	5.80000000e+01	6.80000000e+01	9.70000000e+01
-40	2.67003000e+05	5.80000000e+01	6.90000000e+01	9.80000000e+01
-39	2.68325000e+05	5.80000000e+01	6.90000000e+01	9.80000000e+01
-38	2.69373000e+05	5.80000000e+01	6.90000000e+01	9.80000000e+01
-37	2.70371000e+05	6.10000000e+01	7.00000000e+01	9.90000000e+01
-36	2.71251000e+05	5.80000000e+01	7.10000000e+01	1.00000000e+02
-35	2.72248000e+05	5.80000000e+01	7.10000000e+01	1.00000000e+02
-34	2.73402000e+05	6.10000000e+01	7.20000000e+01	1.01000000e+02
-33	2.75181000e+05	6.20000000e+01	7.30000000e+01	1.02000000e+02
-32	2.76593000e+05	6.30000000e+01	7.40000000e+01	1.06000000e+02
-31	2.78330000e+05	6.30000000e+01	7.40000000e+01	1.06000000e+02
-30	2.79931000e+05	6.60000000e+01	7.50000000e+01	1.08000000e+02
-29	2.81502000e+05	6.60000000e+01	7.50000000e+01	1.08000000e+02
-28	2.83116000e+05	6.60000000e+01	7.50000000e+01	1.08000000e+02
-27	2.84688000e+05	6.60000000e+01	7.50000000e+01	1.08000000e+02
-26	2.86465000e+05	6.60000000e+01	7.60000000e+01	1.09000000e+02
-25	2.88360000e+05	6.80000000e+01	7.70000000e+01	1.10000000e+02
-24	2.90721000e+05	6.80000000e+01	7.70000000e+01	1.10000000e+02
-23	2.93375000e+05	7.10000000e+01	7.80000000e+01	1.11000000e+02
-22	2.95941000e+05	6.80000000e+01	7.90000000e+01	1.12000000e+02
-21	2.98557000e+05	7.20000000e+01	8.00000000e+01	1.15000000e+02
-20	3.01500000e+05	7.20000000e+01	8.00000000e+01	1.15000000e+02
-19	3.04448000e+05	7.30000000e+01	8.20000000e+01	1.17000000e+02
-18	3.07029000e+05	7.30000000e+01	8.20000000e+01	1.17000000e+02
-17	3.09455000e+05	7.30000000e+01	8.20000000e+01	1.17000000e+02
-16	3.11573000e+05	7.30000000e+01	8.20000000e+01	1.17000000e+02
-15	3.13645000e+05	7.30000000e+01	8.20000000e+01	1.17000000e+02
-14	3.15608000e+05	7.30000000e+01	8.20000000e+01	1.17000000e+02
-13	3.18230000e+05	7.40000000e+01	8.30000000e+01	1.18000000e+02
-12	3.22040000e+05	7.70000000e+01	8.40000000e+01	1.23000000e+02
-11	3.25427000e+05	7.70000000e+01	8.40000000e+01	1.23000000e+02
-10	3.30074000e+05	8.00000000e+01	8.70000000e+01	1.26000000e+02
-9	3.33490000e+05	8.00000000e+01	8.70000000e+01	1.26000000e+02
-8	3.36865000e+05	8.30000000e+01	8.90000000e+01	1.28000000e+02
-7	3.40016000e+05	8.30000000e+01	9.20000000e+01	1.31000000e+02
-6	3.43772000e+05	8.40000000e+01	9.30000000e+01	1.32000000e+02
-5	3.47875000e+05	8.50000000e+01	9.50000000e+01	1.34000000e+02
-4	3.51957000e+05	8.50000000e+01	9.50000000e+01	1.34000000e+02
-3	3.56025000e+05	8.50000000e+01	9.50000000e+01	1.34000000e+02
-2	3.59907000e+05	8.70000000e+01	9.60000000e+01	1.35000000e+02
-1	3.63293000e+05	8.70000000e+01	9.60000000e+01	1.35000000e+02
0	3.67852000e+05	8.70000000e+01	9.60000000e+01	1.35000000e+02
1	3.76394000e+05	9.20000000e+01	1.04000000e+02	1.46000000e+02
2	3.76394000e+05	9.80000000e+01	1.13000000e+02	1.58000000e+02
3	3.76394000e+05	9.70000000e+01	1.15000000e+02	1.60000000e+02
4	3.84275000e+05	1.02000000e+02	1.19000000e+02	1.65000000e+02
5	3.89374000e+05	1.02000000e+02	1.19000000e+02	1.65000000e+02
6	3.93771000e+05	1.07000000e+02	1.22000000e+02	1.73000000e+02
7	3.97893000e+05	1.06000000e+02	1.30000000e+02	1.84000000e+02
8	4.02090000e+05	1.19000000e+02	1.36000000e+02	1.90000000e+02
9	4.07237000e+05	1.21000000e+02	1.40000000e+02	1.94000000e+02
10	4.12757000e+05	1.21000000e+02	1.40000000e+02	1.94000000e+02
11	4.16822000e+05	1.17000000e+02	1.41000000e+02	1.95000000e+02
12	4.20132000e+05	1.21000000e+02	1.46000000e+02	2.02000000e+02
13	4.22973000e+05	1.26000000e+02	1.49000000e+02	2.06000000e+02
14	4.25912000e+05	1.29000000e+02	1.54000000e+02	2.12000000e+02
15	4.28993000e+05	1.35000000e+02	1.57000000e+02	2.16000000e+02
16	4.32943000e+05	1.41000000e+02	1.62000000e+02	2.23000000e+02
17	4.36913000e+05	1.35000000e+02	1.65000000e+02	2.26000000e+02
18	4.36913000e+05	1.35000000e+02	1.65000000e+02	2.26000000e+02
19	4.39415000e+05	1.38000000e+02	1.67000000e+02	2.30000000e+02
20	4.41857000e+05	1.44000000e+02	1.68000000e+02	2.31000000e+02
21	4.44114000e+05	1.44000000e+02	1.68000000e+02	2.31000000e+02
22	4.46477000e+05	1.43000000e+02	1.68000000e+02	2.32000000e+02
23	4.49442000e+05	1.43000000e+02	1.68000000e+02	2.32000000e+02
24	4.52220000e+05	1.41000000e+02	1.70000000e+02	2.34000000e+02
25	4.55285000e+05	1.43000000e+02	1.71000000e+02	2.36000000e+02
26	4.57770000e+05	1.45000000e+02	1.72000000e+02	2.40000000e+02
27	4.59839000e+05	1.39000000e+02	1.73000000e+02	2.41000000e+02
28	4.61856000e+05	1.46000000e+02	1.75000000e+02	2.43000000e+02
29	4.63756000e+05	1.46000000e+02	1.75000000e+02	2.43000000e+02
30	4.66204000e+05	1.53000000e+02	1.76000000e+02	2.45000000e+02
31	4.70223000e+05	1.54000000e+02	1.78000000e+02	2.47000000e+02
32	4.73679000e+05	1.58000000e+02	1.84000000e+02	2.55000000e+02
33	4.73679000e+05	1.58000000e+02	1.84000000e+02	2.55000000e+02
34	4.76062000e+05	1.58000000e+02	1.84000000e+02	2.55000000e+02
35	4.78042000e+05	1.56000000e+02	1.87000000e+02	2.59000000e+02
36	4.80405000e+05	1.57000000e+02	1.88000000e+02	2.60000000e+02
37	4.83610000e+05	1.63000000e+02	1.90000000e+02	2.65000000e+02
38	4.86697000e+05	1.63000000e+02	1.90000000e+02	2.65000000e+02
39	4.89176000e+05	1.70000000e+02	1.94000000e+02	2.69000000e+02
40	4.91309000e+05	1.70000000e+02	1.94000000e+02	2.69000000e+02
41	4.93215000e+05	1.66000000e+02	1.96000000e+02	2.71000000e+02
42	4.95319000e+05	1.66000000e+02	1.96000000e+02	2.71000000e+02
43	4.97544000e+05	1.76000000e+02	2.00000000e+02	2.76000000e+02
44	5.00211000e+05	1.68000000e+02	2.01000000e+02	2.79000000e+02
45	5.02875000e+05	1.68000000e+02	2.01000000e+02	2.79000000e+02
46	5.04906000e+05	1.70000000e+02	2.03000000e+02	2.81000000e+02
47	5.06699000e+05	1.70000000e+02	2.03000000e+02	2.81000000e+02
48	5.08248000e+05	1.71000000e+02	2.03000000e+02	2.82000000e+02
49	5.09859000e+05	1.71000000e+02	2.03000000e+02	2.82000000e+02
50	5.11642000e+05	1.80000000e+02	2.05000000e+02	2.84000000e+02
51	5.14233000e+05	1.81000000e+02	2.06000000e+02	2.87000000e+02
52	5.16676000e+05	1.79000000e+02	2.07000000e+02	2.90000000e+02
53	5.18696000e+05	1.79000000e+02	2.07000000e+02	2.90000000e+02
54	5.20384000e+05	1.79000000e+02	2.07000000e+02	2.90000000e+02
55	5.22142000e+05	1.76000000e+02	2.10000000e+02	2.93000000e+02
56	5.23855000e+05	1.76000000e+02	2.10000000e+02	2.93000000e+02
57	5.25624000e+05	1.76000000e+02	2.10000000e+02	2.93000000e+02
58	5.27810000e+05	1.83000000e+02	2.11000000e+02	2.94000000e+02
59	5.30062000e+05	1.82000000e+02	2.11000000e+02	2.95000000e+02
60	5.31609000e+05	1.82000000e+02	2.11000000e+02	2.95000000e+02
61	5.33094000e+05	1.82000000e+02	2.12000000e+02	2.96000000e+02
62	5.34447000e+05	1.79000000e+02	2.13000000e+02	2.97000000e+02
63	5.35706000e+05	1.83000000e+02	2.14000000e+02	2.98000000e+02
64	5.37291000e+05	1.83000000e+02	2.14000000e+02	2.98000000e+02
65	5.39260000e+05	1.81000000e+02	2.16000000e+02	3.00000000e+02
66	5.41187000e+05	1.81000000e+02	2.16000000e+02	3.00000000e+02
67	5.42749000e+05	1.84000000e+02	2.17000000e+02	3.01000000e+02
68	5.44241000e+05	1.84000000e+02	2.17000000e+02	3.01000000e+02
69	5.45781000e+05	1.80000000e+02	2.21000000e+02	3.05000000e+02
70	5.47451000e+05	1.80000000e+02	2.21000000e+02	3.05000000e+02
71	5.49490000e+05	1.93000000e+02	2.22000000e+02	3.07000000e+02
72	5.51558000e+05	1.93000000e+02	2.23000000e+02	3.08000000e+02
73	5.54048000e+05	1.89000000e+02	2.24000000e+02	3.13000000e+02
74	5.56280000e+05	1.89000000e+02	2.24000000e+02	3.13000000e+02
75	5.58110000e+05	1.92000000e+02	2.27000000e+02	3.16000000e+02
76	5.59839000e+05	1.95000000e+02	2.31000000e+02	3.20000000e+02
77	5.61608000e+05	1.93000000e+02	2.32000000e+02	3.21000000e+02
78	5.63573000e+05	1.93000000e+02	2.32000000e+02	3.21000000e+02
79	5.65455000e+05	1.93000000e+02	2.32000000e+02	3.21000000e+02
80	5.67631000e+05	1.98000000e+02	2.33000000e+02	3.22000000e+02
81	5.69303000e+05	1.98000000e+02	2.33000000e+02	3.22000000e+02
82	5.70925000e+05	2.03000000e+02	2.35000000e+02	3.25000000e+02
83	5.72381000e+05	2.00000000e+02	2.36000000e+02	3.27000000e+02
84	5.73823000e+05	2.00000000e+02	2.36000000e+02	3.27000000e+02
85	5.75634000e+05	2.00000000e+02	2.36000000e+02	3.27000000e+02
86	5.77638000e+05	2.00000000e+02	2.37000000e+02	3.28000000e+02
87	5.79489000e+05	2.08000000e+02	2.38000000e+02	3.29000000e+02
88	5.80785000e+05	2.08000000e+02	2.38000000e+02	3.29000000e+02
89	5.81931000e+05	2.08000000e+02	2.38000000e+02	3.29000000e+02
90	5.82990000e+05	2.01000000e+02	2.39000000e+02	3.31000000e+02
91	5.84071000e+05	2.11000000e+02	2.41000000e+02	3.33000000e+02
92	5.85494000e+05	2.11000000e+02	2.41000000e+02	3.33000000e+02
93	5.87537000e+05	2.11000000e+02	2.41000000e+02	3.33000000e+02
94	5.89600000e+05	2.11000000e+02	2.41000000e+02	3.33000000e+02
95	5.91443000e+05	2.11000000e+02	2.41000000e+02	3.33000000e+02
96	5.92958000e+05	2.11000000e+02	2.41000000e+02	3.33000000e+02
97	5.94268000e+05	2.11000000e+02	2.41000000e+02	3.33000000e+02
98	5.95747000e+05	2.11000000e+02	2.41000000e+02	3.33000000e+02
99	5.97584000e+05	2.11000000e+02	2.41000000e+02	3.33000000e+02
100	5.99668000e+05	2.11000000e+02	2.41000000e+02	3.33000000e+02
