Day_(movie_time)	Views	Users	Rigor	Edits
-460	0.00000000e+00	0.00000000e+00	0.00000000e+00	0.00000000e+00
-459	0.00000000e+00	0.00000000e+00	0.00000000e+00	0.00000000e+00
-458	0.00000000e+00	0.00000000e+00	0.00000000e+00	0.00000000e+00
-457	0.00000000e+00	0.00000000e+00	0.00000000e+00	0.00000000e+00
-456	0.00000000e+00	0.00000000e+00	0.00000000e+00	0.00000000e+00
-455	0.00000000e+00	0.00000000e+00	0.00000000e+00	0.00000000e+00
-454	0.00000000e+00	0.00000000e+00	0.00000000e+00	0.00000000e+00
-453	0.00000000e+00	0.00000000e+00	0.00000000e+00	0.00000000e+00
-452	0.00000000e+00	0.00000000e+00	0.00000000e+00	0.00000000e+00
-451	0.00000000e+00	0.00000000e+00	0.00000000e+00	0.00000000e+00
-450	0.00000000e+00	0.00000000e+00	0.00000000e+00	0.00000000e+00
-449	0.00000000e+00	0.00000000e+00	0.00000000e+00	0.00000000e+00
-448	0.00000000e+00	0.00000000e+00	0.00000000e+00	0.00000000e+00
-447	0.00000000e+00	0.00000000e+00	0.00000000e+00	0.00000000e+00
-446	0.00000000e+00	0.00000000e+00	0.00000000e+00	0.00000000e+00
-445	0.00000000e+00	0.00000000e+00	0.00000000e+00	0.00000000e+00
-444	0.00000000e+00	0.00000000e+00	0.00000000e+00	0.00000000e+00
-443	0.00000000e+00	0.00000000e+00	0.00000000e+00	0.00000000e+00
-442	1.00000000e+00	0.00000000e+00	0.00000000e+00	0.00000000e+00
-441	1.00000000e+00	0.00000000e+00	0.00000000e+00	0.00000000e+00
-440	1.00000000e+00	0.00000000e+00	0.00000000e+00	0.00000000e+00
-439	1.00000000e+00	0.00000000e+00	0.00000000e+00	0.00000000e+00
-438	1.00000000e+00	0.00000000e+00	0.00000000e+00	0.00000000e+00
-437	1.00000000e+00	0.00000000e+00	0.00000000e+00	0.00000000e+00
-436	1.00000000e+00	0.00000000e+00	0.00000000e+00	0.00000000e+00
-435	1.00000000e+00	0.00000000e+00	0.00000000e+00	0.00000000e+00
-434	1.00000000e+00	0.00000000e+00	0.00000000e+00	0.00000000e+00
-433	1.00000000e+00	0.00000000e+00	0.00000000e+00	0.00000000e+00
-432	2.00000000e+00	0.00000000e+00	0.00000000e+00	0.00000000e+00
-431	2.00000000e+00	0.00000000e+00	0.00000000e+00	0.00000000e+00
-430	2.00000000e+00	0.00000000e+00	0.00000000e+00	0.00000000e+00
-429	2.00000000e+00	0.00000000e+00	0.00000000e+00	0.00000000e+00
-428	2.00000000e+00	0.00000000e+00	0.00000000e+00	0.00000000e+00
-427	2.00000000e+00	0.00000000e+00	0.00000000e+00	0.00000000e+00
-426	2.00000000e+00	0.00000000e+00	0.00000000e+00	0.00000000e+00
-425	2.00000000e+00	0.00000000e+00	0.00000000e+00	0.00000000e+00
-424	2.00000000e+00	0.00000000e+00	0.00000000e+00	0.00000000e+00
-423	2.00000000e+00	0.00000000e+00	0.00000000e+00	0.00000000e+00
-422	2.00000000e+00	0.00000000e+00	0.00000000e+00	0.00000000e+00
-421	2.00000000e+00	0.00000000e+00	0.00000000e+00	0.00000000e+00
-420	2.00000000e+00	0.00000000e+00	0.00000000e+00	0.00000000e+00
-419	2.00000000e+00	0.00000000e+00	0.00000000e+00	0.00000000e+00
-418	2.00000000e+00	0.00000000e+00	0.00000000e+00	0.00000000e+00
-417	2.00000000e+00	0.00000000e+00	0.00000000e+00	0.00000000e+00
-416	2.00000000e+00	0.00000000e+00	0.00000000e+00	0.00000000e+00
-415	2.00000000e+00	0.00000000e+00	0.00000000e+00	0.00000000e+00
-414	2.00000000e+00	0.00000000e+00	0.00000000e+00	0.00000000e+00
-413	2.00000000e+00	0.00000000e+00	0.00000000e+00	0.00000000e+00
-412	2.00000000e+00	0.00000000e+00	0.00000000e+00	0.00000000e+00
-411	2.00000000e+00	0.00000000e+00	0.00000000e+00	0.00000000e+00
-410	2.00000000e+00	0.00000000e+00	0.00000000e+00	0.00000000e+00
-409	2.00000000e+00	0.00000000e+00	0.00000000e+00	0.00000000e+00
-408	2.00000000e+00	0.00000000e+00	0.00000000e+00	0.00000000e+00
-407	2.00000000e+00	0.00000000e+00	0.00000000e+00	0.00000000e+00
-406	2.00000000e+00	0.00000000e+00	0.00000000e+00	0.00000000e+00
-405	2.00000000e+00	0.00000000e+00	0.00000000e+00	0.00000000e+00
-404	2.00000000e+00	0.00000000e+00	0.00000000e+00	0.00000000e+00
-403	2.00000000e+00	0.00000000e+00	0.00000000e+00	0.00000000e+00
-402	2.00000000e+00	0.00000000e+00	0.00000000e+00	0.00000000e+00
-401	2.00000000e+00	0.00000000e+00	0.00000000e+00	0.00000000e+00
-400	2.00000000e+00	0.00000000e+00	0.00000000e+00	0.00000000e+00
-399	3.00000000e+00	0.00000000e+00	0.00000000e+00	0.00000000e+00
-398	3.00000000e+00	0.00000000e+00	0.00000000e+00	0.00000000e+00
-397	3.00000000e+00	0.00000000e+00	0.00000000e+00	0.00000000e+00
-396	3.00000000e+00	0.00000000e+00	0.00000000e+00	0.00000000e+00
-395	4.00000000e+00	0.00000000e+00	0.00000000e+00	0.00000000e+00
-394	4.00000000e+00	0.00000000e+00	0.00000000e+00	0.00000000e+00
-393	4.00000000e+00	0.00000000e+00	0.00000000e+00	0.00000000e+00
-392	4.00000000e+00	0.00000000e+00	0.00000000e+00	0.00000000e+00
-391	4.00000000e+00	0.00000000e+00	0.00000000e+00	0.00000000e+00
-390	4.00000000e+00	0.00000000e+00	0.00000000e+00	0.00000000e+00
-389	4.00000000e+00	0.00000000e+00	0.00000000e+00	0.00000000e+00
-388	4.00000000e+00	0.00000000e+00	0.00000000e+00	0.00000000e+00
-387	4.00000000e+00	0.00000000e+00	0.00000000e+00	0.00000000e+00
-386	4.00000000e+00	0.00000000e+00	0.00000000e+00	0.00000000e+00
-385	4.00000000e+00	0.00000000e+00	0.00000000e+00	0.00000000e+00
-384	4.00000000e+00	0.00000000e+00	0.00000000e+00	0.00000000e+00
-383	4.00000000e+00	0.00000000e+00	0.00000000e+00	0.00000000e+00
-382	4.00000000e+00	0.00000000e+00	0.00000000e+00	0.00000000e+00
-381	4.00000000e+00	0.00000000e+00	0.00000000e+00	0.00000000e+00
-380	4.00000000e+00	0.00000000e+00	0.00000000e+00	0.00000000e+00
-379	4.00000000e+00	0.00000000e+00	0.00000000e+00	0.00000000e+00
-378	4.00000000e+00	0.00000000e+00	0.00000000e+00	0.00000000e+00
-377	4.00000000e+00	0.00000000e+00	0.00000000e+00	0.00000000e+00
-376	4.00000000e+00	0.00000000e+00	0.00000000e+00	0.00000000e+00
-375	5.00000000e+00	0.00000000e+00	0.00000000e+00	0.00000000e+00
-374	5.00000000e+00	0.00000000e+00	0.00000000e+00	0.00000000e+00
-373	5.00000000e+00	0.00000000e+00	0.00000000e+00	0.00000000e+00
-372	7.00000000e+00	0.00000000e+00	0.00000000e+00	0.00000000e+00
-371	7.00000000e+00	0.00000000e+00	0.00000000e+00	0.00000000e+00
-370	1.00000000e+01	0.00000000e+00	0.00000000e+00	0.00000000e+00
-369	1.50000000e+01	0.00000000e+00	0.00000000e+00	0.00000000e+00
-368	1.90000000e+01	0.00000000e+00	0.00000000e+00	0.00000000e+00
-367	2.30000000e+01	0.00000000e+00	0.00000000e+00	0.00000000e+00
-366	2.60000000e+01	0.00000000e+00	0.00000000e+00	0.00000000e+00
-365	2.80000000e+01	0.00000000e+00	0.00000000e+00	0.00000000e+00
-364	2.80000000e+01	0.00000000e+00	0.00000000e+00	0.00000000e+00
-363	3.00000000e+01	0.00000000e+00	0.00000000e+00	0.00000000e+00
-362	3.20000000e+01	0.00000000e+00	0.00000000e+00	0.00000000e+00
-361	3.30000000e+01	0.00000000e+00	0.00000000e+00	0.00000000e+00
-360	3.70000000e+01	0.00000000e+00	0.00000000e+00	0.00000000e+00
-359	4.10000000e+01	0.00000000e+00	0.00000000e+00	0.00000000e+00
-358	4.40000000e+01	0.00000000e+00	0.00000000e+00	0.00000000e+00
-357	4.60000000e+01	0.00000000e+00	0.00000000e+00	0.00000000e+00
-356	4.90000000e+01	0.00000000e+00	0.00000000e+00	0.00000000e+00
-355	5.60000000e+01	0.00000000e+00	0.00000000e+00	0.00000000e+00
-354	6.10000000e+01	0.00000000e+00	0.00000000e+00	0.00000000e+00
-353	6.70000000e+01	0.00000000e+00	0.00000000e+00	0.00000000e+00
-352	7.00000000e+01	0.00000000e+00	0.00000000e+00	0.00000000e+00
-351	7.20000000e+01	0.00000000e+00	0.00000000e+00	0.00000000e+00
-350	7.60000000e+01	0.00000000e+00	0.00000000e+00	0.00000000e+00
-349	7.80000000e+01	0.00000000e+00	0.00000000e+00	0.00000000e+00
-348	8.50000000e+01	0.00000000e+00	0.00000000e+00	0.00000000e+00
-347	8.70000000e+01	0.00000000e+00	0.00000000e+00	0.00000000e+00
-346	9.80000000e+01	0.00000000e+00	0.00000000e+00	0.00000000e+00
-345	1.03000000e+02	0.00000000e+00	0.00000000e+00	0.00000000e+00
-344	1.07000000e+02	0.00000000e+00	0.00000000e+00	0.00000000e+00
-343	1.08000000e+02	0.00000000e+00	0.00000000e+00	0.00000000e+00
-342	1.09000000e+02	0.00000000e+00	0.00000000e+00	0.00000000e+00
-341	1.13000000e+02	0.00000000e+00	0.00000000e+00	0.00000000e+00
-340	1.15000000e+02	0.00000000e+00	0.00000000e+00	0.00000000e+00
-339	1.19000000e+02	0.00000000e+00	0.00000000e+00	0.00000000e+00
-338	1.22000000e+02	0.00000000e+00	0.00000000e+00	0.00000000e+00
-337	1.26000000e+02	0.00000000e+00	0.00000000e+00	0.00000000e+00
-336	1.36000000e+02	0.00000000e+00	0.00000000e+00	0.00000000e+00
-335	1.38000000e+02	0.00000000e+00	0.00000000e+00	0.00000000e+00
-334	1.40000000e+02	0.00000000e+00	0.00000000e+00	0.00000000e+00
-333	1.45000000e+02	0.00000000e+00	0.00000000e+00	0.00000000e+00
-332	1.54000000e+02	0.00000000e+00	0.00000000e+00	0.00000000e+00
-331	1.57000000e+02	0.00000000e+00	0.00000000e+00	0.00000000e+00
-330	1.61000000e+02	0.00000000e+00	0.00000000e+00	0.00000000e+00
-329	1.62000000e+02	0.00000000e+00	0.00000000e+00	0.00000000e+00
-328	1.67000000e+02	0.00000000e+00	0.00000000e+00	0.00000000e+00
-327	1.70000000e+02	0.00000000e+00	0.00000000e+00	0.00000000e+00
-326	1.76000000e+02	0.00000000e+00	0.00000000e+00	0.00000000e+00
-325	1.81000000e+02	0.00000000e+00	0.00000000e+00	0.00000000e+00
-324	1.82000000e+02	0.00000000e+00	0.00000000e+00	0.00000000e+00
-323	1.88000000e+02	0.00000000e+00	0.00000000e+00	0.00000000e+00
-322	1.90000000e+02	0.00000000e+00	0.00000000e+00	0.00000000e+00
-321	1.98000000e+02	0.00000000e+00	0.00000000e+00	0.00000000e+00
-320	2.01000000e+02	0.00000000e+00	0.00000000e+00	0.00000000e+00
-319	2.08000000e+02	0.00000000e+00	0.00000000e+00	0.00000000e+00
-318	2.16000000e+02	0.00000000e+00	0.00000000e+00	0.00000000e+00
-317	2.21000000e+02	0.00000000e+00	0.00000000e+00	0.00000000e+00
-316	2.26000000e+02	0.00000000e+00	0.00000000e+00	0.00000000e+00
-315	2.29000000e+02	0.00000000e+00	0.00000000e+00	0.00000000e+00
-314	2.31000000e+02	0.00000000e+00	0.00000000e+00	0.00000000e+00
-313	2.35000000e+02	0.00000000e+00	0.00000000e+00	0.00000000e+00
-312	2.36000000e+02	0.00000000e+00	0.00000000e+00	0.00000000e+00
-311	2.39000000e+02	0.00000000e+00	0.00000000e+00	0.00000000e+00
-310	2.43000000e+02	0.00000000e+00	0.00000000e+00	0.00000000e+00
-309	2.46000000e+02	0.00000000e+00	0.00000000e+00	0.00000000e+00
-308	2.50000000e+02	0.00000000e+00	0.00000000e+00	0.00000000e+00
-307	2.53000000e+02	0.00000000e+00	0.00000000e+00	0.00000000e+00
-306	2.55000000e+02	0.00000000e+00	0.00000000e+00	0.00000000e+00
-305	2.56000000e+02	0.00000000e+00	0.00000000e+00	0.00000000e+00
-304	2.62000000e+02	0.00000000e+00	0.00000000e+00	0.00000000e+00
-303	2.69000000e+02	0.00000000e+00	0.00000000e+00	0.00000000e+00
-302	2.73000000e+02	0.00000000e+00	0.00000000e+00	0.00000000e+00
-301	2.75000000e+02	0.00000000e+00	0.00000000e+00	0.00000000e+00
-300	2.79000000e+02	0.00000000e+00	0.00000000e+00	0.00000000e+00
-299	2.87000000e+02	0.00000000e+00	0.00000000e+00	0.00000000e+00
-298	2.92000000e+02	0.00000000e+00	0.00000000e+00	0.00000000e+00
-297	2.93000000e+02	0.00000000e+00	0.00000000e+00	0.00000000e+00
-296	2.96000000e+02	0.00000000e+00	0.00000000e+00	0.00000000e+00
-295	2.97000000e+02	0.00000000e+00	0.00000000e+00	0.00000000e+00
-294	3.06000000e+02	0.00000000e+00	0.00000000e+00	0.00000000e+00
-293	3.11000000e+02	0.00000000e+00	0.00000000e+00	0.00000000e+00
-292	3.15000000e+02	0.00000000e+00	0.00000000e+00	0.00000000e+00
-291	3.20000000e+02	0.00000000e+00	0.00000000e+00	0.00000000e+00
-290	3.22000000e+02	0.00000000e+00	0.00000000e+00	0.00000000e+00
-289	3.25000000e+02	0.00000000e+00	0.00000000e+00	0.00000000e+00
-288	3.26000000e+02	0.00000000e+00	0.00000000e+00	0.00000000e+00
-287	3.32000000e+02	0.00000000e+00	0.00000000e+00	0.00000000e+00
-286	3.33000000e+02	0.00000000e+00	0.00000000e+00	0.00000000e+00
-285	3.41000000e+02	0.00000000e+00	0.00000000e+00	0.00000000e+00
-284	3.44000000e+02	0.00000000e+00	0.00000000e+00	0.00000000e+00
-283	3.46000000e+02	0.00000000e+00	0.00000000e+00	0.00000000e+00
-282	3.52000000e+02	0.00000000e+00	0.00000000e+00	0.00000000e+00
-281	3.55000000e+02	0.00000000e+00	0.00000000e+00	0.00000000e+00
-280	3.57000000e+02	0.00000000e+00	0.00000000e+00	0.00000000e+00
-279	3.60000000e+02	0.00000000e+00	0.00000000e+00	0.00000000e+00
-278	3.61000000e+02	0.00000000e+00	0.00000000e+00	0.00000000e+00
-277	3.68000000e+02	0.00000000e+00	0.00000000e+00	0.00000000e+00
-276	3.72000000e+02	0.00000000e+00	0.00000000e+00	0.00000000e+00
-275	3.78000000e+02	0.00000000e+00	0.00000000e+00	0.00000000e+00
-274	3.79000000e+02	0.00000000e+00	0.00000000e+00	0.00000000e+00
-273	3.83000000e+02	0.00000000e+00	0.00000000e+00	0.00000000e+00
-272	3.86000000e+02	0.00000000e+00	0.00000000e+00	0.00000000e+00
-271	3.91000000e+02	0.00000000e+00	0.00000000e+00	0.00000000e+00
-270	3.96000000e+02	0.00000000e+00	0.00000000e+00	0.00000000e+00
-269	3.99000000e+02	0.00000000e+00	0.00000000e+00	0.00000000e+00
-268	4.01000000e+02	0.00000000e+00	0.00000000e+00	0.00000000e+00
-267	4.03000000e+02	0.00000000e+00	0.00000000e+00	0.00000000e+00
-266	4.09000000e+02	0.00000000e+00	0.00000000e+00	0.00000000e+00
-265	4.10000000e+02	0.00000000e+00	0.00000000e+00	0.00000000e+00
-264	4.13000000e+02	0.00000000e+00	0.00000000e+00	0.00000000e+00
-263	4.13000000e+02	0.00000000e+00	0.00000000e+00	0.00000000e+00
-262	4.17000000e+02	0.00000000e+00	0.00000000e+00	0.00000000e+00
-261	4.20000000e+02	0.00000000e+00	0.00000000e+00	0.00000000e+00
-260	4.22000000e+02	0.00000000e+00	0.00000000e+00	0.00000000e+00
-259	4.27000000e+02	0.00000000e+00	0.00000000e+00	0.00000000e+00
-258	4.30000000e+02	0.00000000e+00	0.00000000e+00	0.00000000e+00
-257	4.30000000e+02	0.00000000e+00	0.00000000e+00	0.00000000e+00
-256	4.32000000e+02	0.00000000e+00	0.00000000e+00	0.00000000e+00
-255	4.33000000e+02	0.00000000e+00	0.00000000e+00	0.00000000e+00
-254	4.36000000e+02	0.00000000e+00	0.00000000e+00	0.00000000e+00
-253	4.39000000e+02	0.00000000e+00	0.00000000e+00	0.00000000e+00
-252	4.44000000e+02	0.00000000e+00	0.00000000e+00	0.00000000e+00
-251	4.49000000e+02	0.00000000e+00	0.00000000e+00	0.00000000e+00
-250	4.52000000e+02	0.00000000e+00	0.00000000e+00	0.00000000e+00
-249	4.58000000e+02	0.00000000e+00	0.00000000e+00	0.00000000e+00
-248	4.59000000e+02	0.00000000e+00	0.00000000e+00	0.00000000e+00
-247	4.62000000e+02	0.00000000e+00	0.00000000e+00	0.00000000e+00
-246	4.65000000e+02	0.00000000e+00	0.00000000e+00	0.00000000e+00
-245	4.68000000e+02	0.00000000e+00	0.00000000e+00	0.00000000e+00
-244	4.72000000e+02	0.00000000e+00	0.00000000e+00	0.00000000e+00
-243	4.74000000e+02	0.00000000e+00	0.00000000e+00	0.00000000e+00
-242	4.75000000e+02	0.00000000e+00	0.00000000e+00	0.00000000e+00
-241	4.76000000e+02	0.00000000e+00	0.00000000e+00	0.00000000e+00
-240	4.79000000e+02	0.00000000e+00	0.00000000e+00	0.00000000e+00
-239	4.82000000e+02	0.00000000e+00	0.00000000e+00	0.00000000e+00
-238	4.88000000e+02	0.00000000e+00	0.00000000e+00	0.00000000e+00
-237	4.90000000e+02	0.00000000e+00	0.00000000e+00	0.00000000e+00
-236	4.96000000e+02	0.00000000e+00	0.00000000e+00	0.00000000e+00
-235	4.98000000e+02	0.00000000e+00	0.00000000e+00	0.00000000e+00
-234	5.00000000e+02	0.00000000e+00	0.00000000e+00	0.00000000e+00
-233	5.03000000e+02	0.00000000e+00	0.00000000e+00	0.00000000e+00
-232	5.06000000e+02	0.00000000e+00	0.00000000e+00	0.00000000e+00
-231	5.10000000e+02	0.00000000e+00	0.00000000e+00	0.00000000e+00
-230	5.14000000e+02	0.00000000e+00	0.00000000e+00	0.00000000e+00
-229	5.18000000e+02	0.00000000e+00	0.00000000e+00	0.00000000e+00
-228	5.21000000e+02	0.00000000e+00	0.00000000e+00	0.00000000e+00
-227	5.24000000e+02	0.00000000e+00	0.00000000e+00	0.00000000e+00
-226	5.27000000e+02	0.00000000e+00	0.00000000e+00	0.00000000e+00
-225	5.29000000e+02	0.00000000e+00	0.00000000e+00	0.00000000e+00
-224	5.29000000e+02	0.00000000e+00	0.00000000e+00	0.00000000e+00
-223	5.29000000e+02	0.00000000e+00	0.00000000e+00	0.00000000e+00
-222	5.31000000e+02	0.00000000e+00	0.00000000e+00	0.00000000e+00
-221	5.33000000e+02	0.00000000e+00	0.00000000e+00	0.00000000e+00
-220	5.34000000e+02	0.00000000e+00	0.00000000e+00	0.00000000e+00
-219	5.34000000e+02	0.00000000e+00	0.00000000e+00	0.00000000e+00
-218	5.37000000e+02	0.00000000e+00	0.00000000e+00	0.00000000e+00
-217	5.40000000e+02	0.00000000e+00	0.00000000e+00	0.00000000e+00
-216	5.41000000e+02	0.00000000e+00	0.00000000e+00	0.00000000e+00
-215	5.41000000e+02	0.00000000e+00	0.00000000e+00	0.00000000e+00
-214	5.44000000e+02	0.00000000e+00	0.00000000e+00	0.00000000e+00
-213	5.47000000e+02	0.00000000e+00	0.00000000e+00	0.00000000e+00
-212	5.50000000e+02	0.00000000e+00	0.00000000e+00	0.00000000e+00
-211	5.58000000e+02	0.00000000e+00	0.00000000e+00	0.00000000e+00
-210	5.59000000e+02	0.00000000e+00	0.00000000e+00	0.00000000e+00
-209	5.62000000e+02	0.00000000e+00	0.00000000e+00	0.00000000e+00
-208	5.63000000e+02	0.00000000e+00	0.00000000e+00	0.00000000e+00
-207	5.66000000e+02	0.00000000e+00	0.00000000e+00	0.00000000e+00
-206	5.68000000e+02	0.00000000e+00	0.00000000e+00	0.00000000e+00
-205	5.70000000e+02	0.00000000e+00	0.00000000e+00	0.00000000e+00
-204	5.71000000e+02	0.00000000e+00	0.00000000e+00	0.00000000e+00
-203	5.74000000e+02	0.00000000e+00	0.00000000e+00	0.00000000e+00
-202	5.74000000e+02	0.00000000e+00	0.00000000e+00	0.00000000e+00
-201	5.75000000e+02	0.00000000e+00	0.00000000e+00	0.00000000e+00
-200	5.81000000e+02	0.00000000e+00	0.00000000e+00	0.00000000e+00
-199	5.83000000e+02	0.00000000e+00	0.00000000e+00	0.00000000e+00
-198	5.85000000e+02	0.00000000e+00	0.00000000e+00	0.00000000e+00
-197	5.85000000e+02	0.00000000e+00	0.00000000e+00	0.00000000e+00
-196	5.87000000e+02	0.00000000e+00	0.00000000e+00	0.00000000e+00
-195	5.87000000e+02	0.00000000e+00	0.00000000e+00	0.00000000e+00
-194	5.87000000e+02	0.00000000e+00	0.00000000e+00	0.00000000e+00
-193	5.88000000e+02	0.00000000e+00	0.00000000e+00	0.00000000e+00
-192	5.90000000e+02	0.00000000e+00	0.00000000e+00	0.00000000e+00
-191	5.93000000e+02	0.00000000e+00	0.00000000e+00	0.00000000e+00
-190	5.95000000e+02	0.00000000e+00	0.00000000e+00	0.00000000e+00
-189	5.97000000e+02	0.00000000e+00	0.00000000e+00	0.00000000e+00
-188	5.98000000e+02	0.00000000e+00	0.00000000e+00	0.00000000e+00
-187	6.01000000e+02	0.00000000e+00	0.00000000e+00	0.00000000e+00
-186	6.07000000e+02	0.00000000e+00	0.00000000e+00	0.00000000e+00
-185	6.08000000e+02	0.00000000e+00	0.00000000e+00	0.00000000e+00
-184	6.10000000e+02	0.00000000e+00	0.00000000e+00	0.00000000e+00
-183	6.15000000e+02	0.00000000e+00	0.00000000e+00	0.00000000e+00
-182	6.20000000e+02	0.00000000e+00	0.00000000e+00	0.00000000e+00
-181	6.21000000e+02	0.00000000e+00	0.00000000e+00	0.00000000e+00
-180	6.24000000e+02	0.00000000e+00	0.00000000e+00	0.00000000e+00
-179	6.25000000e+02	0.00000000e+00	0.00000000e+00	0.00000000e+00
-178	6.27000000e+02	0.00000000e+00	0.00000000e+00	0.00000000e+00
-177	6.30000000e+02	0.00000000e+00	0.00000000e+00	0.00000000e+00
-176	6.31000000e+02	0.00000000e+00	0.00000000e+00	0.00000000e+00
-175	6.35000000e+02	0.00000000e+00	0.00000000e+00	0.00000000e+00
-174	6.38000000e+02	0.00000000e+00	0.00000000e+00	0.00000000e+00
-173	6.39000000e+02	0.00000000e+00	0.00000000e+00	0.00000000e+00
-172	6.39000000e+02	0.00000000e+00	0.00000000e+00	0.00000000e+00
-171	6.40000000e+02	0.00000000e+00	0.00000000e+00	0.00000000e+00
-170	6.40000000e+02	0.00000000e+00	0.00000000e+00	0.00000000e+00
-169	6.43000000e+02	0.00000000e+00	0.00000000e+00	0.00000000e+00
-168	6.45000000e+02	0.00000000e+00	0.00000000e+00	0.00000000e+00
-167	6.45000000e+02	0.00000000e+00	0.00000000e+00	0.00000000e+00
-166	6.46000000e+02	0.00000000e+00	0.00000000e+00	0.00000000e+00
-165	6.53000000e+02	0.00000000e+00	0.00000000e+00	0.00000000e+00
-164	6.54000000e+02	0.00000000e+00	0.00000000e+00	0.00000000e+00
-163	6.56000000e+02	0.00000000e+00	0.00000000e+00	0.00000000e+00
-162	6.62000000e+02	0.00000000e+00	0.00000000e+00	0.00000000e+00
-161	6.63000000e+02	0.00000000e+00	0.00000000e+00	0.00000000e+00
-160	6.63000000e+02	0.00000000e+00	0.00000000e+00	0.00000000e+00
-159	6.68000000e+02	0.00000000e+00	0.00000000e+00	0.00000000e+00
-158	6.70000000e+02	0.00000000e+00	0.00000000e+00	0.00000000e+00
-157	6.71000000e+02	0.00000000e+00	0.00000000e+00	0.00000000e+00
-156	6.72000000e+02	0.00000000e+00	0.00000000e+00	0.00000000e+00
-155	6.74000000e+02	0.00000000e+00	0.00000000e+00	0.00000000e+00
-154	6.76000000e+02	0.00000000e+00	0.00000000e+00	0.00000000e+00
-153	6.78000000e+02	0.00000000e+00	0.00000000e+00	0.00000000e+00
-152	6.79000000e+02	0.00000000e+00	0.00000000e+00	0.00000000e+00
-151	6.81000000e+02	0.00000000e+00	0.00000000e+00	0.00000000e+00
-150	6.81000000e+02	0.00000000e+00	0.00000000e+00	0.00000000e+00
-149	6.83000000e+02	0.00000000e+00	0.00000000e+00	0.00000000e+00
-148	6.85000000e+02	0.00000000e+00	0.00000000e+00	0.00000000e+00
-147	6.87000000e+02	0.00000000e+00	0.00000000e+00	0.00000000e+00
-146	6.89000000e+02	0.00000000e+00	0.00000000e+00	0.00000000e+00
-145	6.90000000e+02	0.00000000e+00	0.00000000e+00	0.00000000e+00
-144	6.91000000e+02	0.00000000e+00	0.00000000e+00	0.00000000e+00
-143	6.93000000e+02	0.00000000e+00	0.00000000e+00	0.00000000e+00
-142	6.94000000e+02	0.00000000e+00	0.00000000e+00	0.00000000e+00
-141	6.97000000e+02	0.00000000e+00	0.00000000e+00	0.00000000e+00
-140	7.00000000e+02	0.00000000e+00	0.00000000e+00	0.00000000e+00
-139	7.02000000e+02	0.00000000e+00	0.00000000e+00	0.00000000e+00
-138	7.04000000e+02	0.00000000e+00	0.00000000e+00	0.00000000e+00
-137	7.05000000e+02	0.00000000e+00	0.00000000e+00	0.00000000e+00
-136	7.07000000e+02	0.00000000e+00	0.00000000e+00	0.00000000e+00
-135	7.09000000e+02	0.00000000e+00	0.00000000e+00	0.00000000e+00
-134	7.10000000e+02	0.00000000e+00	0.00000000e+00	0.00000000e+00
-133	7.11000000e+02	0.00000000e+00	0.00000000e+00	0.00000000e+00
-132	7.11000000e+02	0.00000000e+00	0.00000000e+00	0.00000000e+00
-131	7.16000000e+02	0.00000000e+00	0.00000000e+00	0.00000000e+00
-130	7.19000000e+02	0.00000000e+00	0.00000000e+00	0.00000000e+00
-129	7.22000000e+02	0.00000000e+00	0.00000000e+00	0.00000000e+00
-128	7.26000000e+02	0.00000000e+00	0.00000000e+00	0.00000000e+00
-127	7.26000000e+02	0.00000000e+00	0.00000000e+00	0.00000000e+00
-126	7.27000000e+02	0.00000000e+00	0.00000000e+00	0.00000000e+00
-125	7.28000000e+02	0.00000000e+00	0.00000000e+00	0.00000000e+00
-124	7.30000000e+02	0.00000000e+00	0.00000000e+00	0.00000000e+00
-123	7.32000000e+02	0.00000000e+00	0.00000000e+00	0.00000000e+00
-122	7.38000000e+02	0.00000000e+00	0.00000000e+00	0.00000000e+00
-121	7.41000000e+02	0.00000000e+00	0.00000000e+00	0.00000000e+00
-120	7.43000000e+02	0.00000000e+00	0.00000000e+00	0.00000000e+00
-119	7.46000000e+02	0.00000000e+00	0.00000000e+00	0.00000000e+00
-118	7.46000000e+02	0.00000000e+00	0.00000000e+00	0.00000000e+00
-117	7.48000000e+02	0.00000000e+00	0.00000000e+00	0.00000000e+00
-116	7.49000000e+02	0.00000000e+00	0.00000000e+00	0.00000000e+00
-115	7.53000000e+02	0.00000000e+00	0.00000000e+00	0.00000000e+00
-114	7.56000000e+02	0.00000000e+00	0.00000000e+00	0.00000000e+00
-113	7.59000000e+02	0.00000000e+00	0.00000000e+00	0.00000000e+00
-112	7.59000000e+02	0.00000000e+00	0.00000000e+00	0.00000000e+00
-111	7.59000000e+02	0.00000000e+00	0.00000000e+00	0.00000000e+00
-110	7.61000000e+02	0.00000000e+00	0.00000000e+00	0.00000000e+00
-109	7.64000000e+02	0.00000000e+00	0.00000000e+00	0.00000000e+00
-108	7.64000000e+02	0.00000000e+00	0.00000000e+00	0.00000000e+00
-107	7.67000000e+02	0.00000000e+00	0.00000000e+00	0.00000000e+00
-106	7.72000000e+02	0.00000000e+00	0.00000000e+00	0.00000000e+00
-105	7.74000000e+02	0.00000000e+00	0.00000000e+00	0.00000000e+00
-104	7.77000000e+02	0.00000000e+00	0.00000000e+00	0.00000000e+00
-103	7.80000000e+02	0.00000000e+00	0.00000000e+00	0.00000000e+00
-102	7.84000000e+02	1.00000000e+00	1.00000000e+00	1.00000000e+00
-101	8.26000000e+02	1.00000000e+00	1.00000000e+00	1.00000000e+00
-100	8.66000000e+02	1.00000000e+00	1.00000000e+00	1.00000000e+00
-99	9.00000000e+02	1.00000000e+00	1.00000000e+00	1.00000000e+00
-98	9.37000000e+02	1.00000000e+00	1.00000000e+00	1.00000000e+00
-97	1.09500000e+03	1.00000000e+00	1.00000000e+00	1.00000000e+00
-96	1.70600000e+03	1.00000000e+00	1.00000000e+00	1.00000000e+00
-95	2.22400000e+03	1.00000000e+00	1.00000000e+00	1.00000000e+00
-94	2.87600000e+03	1.00000000e+00	1.00000000e+00	1.00000000e+00
-93	3.22500000e+03	1.00000000e+00	1.00000000e+00	1.00000000e+00
-92	3.48500000e+03	1.00000000e+00	1.00000000e+00	1.00000000e+00
-91	3.70800000e+03	1.00000000e+00	1.00000000e+00	1.00000000e+00
-90	3.76700000e+03	1.00000000e+00	1.00000000e+00	1.00000000e+00
-89	3.82600000e+03	1.00000000e+00	1.00000000e+00	2.00000000e+00
-88	3.88000000e+03	1.00000000e+00	1.00000000e+00	2.00000000e+00
-87	3.92600000e+03	1.00000000e+00	1.00000000e+00	2.00000000e+00
-86	3.97900000e+03	1.00000000e+00	1.00000000e+00	2.00000000e+00
-85	4.19500000e+03	1.00000000e+00	1.00000000e+00	2.00000000e+00
-84	4.32000000e+03	1.00000000e+00	1.00000000e+00	2.00000000e+00
-83	4.40000000e+03	1.00000000e+00	1.00000000e+00	2.00000000e+00
-82	4.47100000e+03	1.00000000e+00	1.00000000e+00	2.00000000e+00
-81	4.55700000e+03	1.00000000e+00	1.00000000e+00	2.00000000e+00
-80	4.63900000e+03	1.00000000e+00	1.00000000e+00	2.00000000e+00
-79	4.75100000e+03	1.00000000e+00	1.00000000e+00	2.00000000e+00
-78	4.85700000e+03	1.00000000e+00	1.00000000e+00	2.00000000e+00
-77	4.93100000e+03	1.00000000e+00	1.00000000e+00	2.00000000e+00
-76	5.01600000e+03	1.00000000e+00	1.00000000e+00	2.00000000e+00
-75	5.08800000e+03	1.00000000e+00	1.00000000e+00	2.00000000e+00
-74	5.15500000e+03	1.00000000e+00	1.00000000e+00	2.00000000e+00
-73	5.15500000e+03	1.00000000e+00	1.00000000e+00	2.00000000e+00
-72	5.24700000e+03	1.00000000e+00	1.00000000e+00	2.00000000e+00
-71	5.24700000e+03	2.00000000e+00	2.00000000e+00	3.00000000e+00
-70	5.24700000e+03	2.00000000e+00	2.00000000e+00	3.00000000e+00
-69	5.24700000e+03	2.00000000e+00	2.00000000e+00	3.00000000e+00
-68	5.24700000e+03	2.00000000e+00	2.00000000e+00	3.00000000e+00
-67	5.24700000e+03	2.00000000e+00	2.00000000e+00	3.00000000e+00
-66	5.53400000e+03	2.00000000e+00	2.00000000e+00	3.00000000e+00
-65	5.81500000e+03	2.00000000e+00	2.00000000e+00	3.00000000e+00
-64	6.06200000e+03	2.00000000e+00	2.00000000e+00	3.00000000e+00
-63	6.29500000e+03	2.00000000e+00	2.00000000e+00	3.00000000e+00
-62	6.47600000e+03	2.00000000e+00	2.00000000e+00	3.00000000e+00
-61	6.64300000e+03	2.00000000e+00	2.00000000e+00	3.00000000e+00
-60	6.80400000e+03	3.00000000e+00	3.00000000e+00	4.00000000e+00
-59	6.93900000e+03	3.00000000e+00	3.00000000e+00	4.00000000e+00
-58	7.02400000e+03	3.00000000e+00	3.00000000e+00	4.00000000e+00
-57	7.21300000e+03	3.00000000e+00	3.00000000e+00	6.00000000e+00
-56	7.35300000e+03	3.00000000e+00	3.00000000e+00	6.00000000e+00
-55	7.44800000e+03	3.00000000e+00	3.00000000e+00	6.00000000e+00
-54	7.56200000e+03	3.00000000e+00	3.00000000e+00	6.00000000e+00
-53	7.65000000e+03	3.00000000e+00	3.00000000e+00	6.00000000e+00
-52	7.76400000e+03	3.00000000e+00	3.00000000e+00	6.00000000e+00
-51	7.87900000e+03	3.00000000e+00	3.00000000e+00	6.00000000e+00
-50	7.87900000e+03	3.00000000e+00	3.00000000e+00	6.00000000e+00
-49	7.87900000e+03	3.00000000e+00	3.00000000e+00	6.00000000e+00
-48	7.87900000e+03	3.00000000e+00	3.00000000e+00	6.00000000e+00
-47	7.97700000e+03	3.00000000e+00	3.00000000e+00	6.00000000e+00
-46	8.10700000e+03	3.00000000e+00	3.00000000e+00	6.00000000e+00
-45	8.18000000e+03	3.00000000e+00	3.00000000e+00	6.00000000e+00
-44	8.25000000e+03	3.00000000e+00	3.00000000e+00	6.00000000e+00
-43	8.49500000e+03	3.00000000e+00	3.00000000e+00	6.00000000e+00
-42	8.78800000e+03	3.00000000e+00	3.00000000e+00	6.00000000e+00
-41	9.06300000e+03	3.00000000e+00	3.00000000e+00	6.00000000e+00
-40	9.33000000e+03	3.00000000e+00	3.00000000e+00	6.00000000e+00
-39	9.62400000e+03	3.00000000e+00	3.00000000e+00	6.00000000e+00
-38	9.99800000e+03	3.00000000e+00	3.00000000e+00	6.00000000e+00
-37	1.02750000e+04	3.00000000e+00	3.00000000e+00	6.00000000e+00
-36	1.05180000e+04	3.00000000e+00	3.00000000e+00	6.00000000e+00
-35	1.08050000e+04	5.00000000e+00	5.00000000e+00	8.00000000e+00
-34	1.10480000e+04	5.00000000e+00	5.00000000e+00	8.00000000e+00
-33	1.13080000e+04	5.00000000e+00	6.00000000e+00	9.00000000e+00
-32	1.15990000e+04	5.00000000e+00	6.00000000e+00	9.00000000e+00
-31	1.18540000e+04	5.00000000e+00	6.00000000e+00	9.00000000e+00
-30	1.21570000e+04	5.00000000e+00	6.00000000e+00	9.00000000e+00
-29	1.25350000e+04	5.00000000e+00	6.00000000e+00	9.00000000e+00
-28	1.28300000e+04	5.00000000e+00	6.00000000e+00	9.00000000e+00
-27	1.31310000e+04	5.00000000e+00	6.00000000e+00	9.00000000e+00
-26	1.34240000e+04	5.00000000e+00	6.00000000e+00	9.00000000e+00
-25	1.37560000e+04	5.00000000e+00	6.00000000e+00	9.00000000e+00
-24	1.41330000e+04	5.00000000e+00	6.00000000e+00	9.00000000e+00
-23	1.46030000e+04	5.00000000e+00	6.00000000e+00	9.00000000e+00
-22	1.55040000e+04	5.00000000e+00	6.00000000e+00	9.00000000e+00
-21	1.66380000e+04	5.00000000e+00	6.00000000e+00	9.00000000e+00
-20	1.70720000e+04	5.00000000e+00	6.00000000e+00	9.00000000e+00
-19	1.75270000e+04	5.00000000e+00	6.00000000e+00	9.00000000e+00
-18	1.75270000e+04	8.00000000e+00	9.00000000e+00	1.20000000e+01
-17	1.83620000e+04	8.00000000e+00	9.00000000e+00	1.20000000e+01
-16	1.92860000e+04	8.00000000e+00	9.00000000e+00	1.20000000e+01
-15	2.00430000e+04	8.00000000e+00	9.00000000e+00	1.20000000e+01
-14	2.08270000e+04	8.00000000e+00	9.00000000e+00	1.20000000e+01
-13	2.20210000e+04	8.00000000e+00	9.00000000e+00	1.20000000e+01
-12	2.27460000e+04	8.00000000e+00	9.00000000e+00	1.20000000e+01
-11	2.27460000e+04	8.00000000e+00	9.00000000e+00	1.20000000e+01
-10	2.36240000e+04	8.00000000e+00	9.00000000e+00	1.20000000e+01
-9	2.46530000e+04	8.00000000e+00	9.00000000e+00	1.20000000e+01
-8	2.56530000e+04	9.00000000e+00	1.00000000e+01	1.30000000e+01
-7	2.63680000e+04	9.00000000e+00	1.00000000e+01	1.30000000e+01
-6	2.71940000e+04	9.00000000e+00	1.00000000e+01	1.30000000e+01
-5	2.81150000e+04	9.00000000e+00	1.00000000e+01	1.30000000e+01
-4	2.92110000e+04	1.00000000e+01	1.10000000e+01	1.40000000e+01
-3	3.06380000e+04	1.00000000e+01	1.10000000e+01	1.40000000e+01
-2	3.23030000e+04	1.00000000e+01	1.10000000e+01	1.40000000e+01
-1	3.37670000e+04	1.00000000e+01	1.10000000e+01	1.40000000e+01
0	3.53470000e+04	1.20000000e+01	1.30000000e+01	1.60000000e+01
1	3.78260000e+04	1.20000000e+01	1.30000000e+01	1.60000000e+01
2	3.98200000e+04	1.40000000e+01	1.60000000e+01	2.20000000e+01
3	4.15400000e+04	1.50000000e+01	1.70000000e+01	2.30000000e+01
4	4.36490000e+04	1.60000000e+01	2.00000000e+01	3.10000000e+01
5	4.47870000e+04	2.10000000e+01	2.50000000e+01	3.80000000e+01
6	4.58390000e+04	2.10000000e+01	2.60000000e+01	4.00000000e+01
7	4.67450000e+04	2.10000000e+01	2.60000000e+01	4.00000000e+01
8	4.76300000e+04	2.40000000e+01	2.80000000e+01	4.20000000e+01
9	4.84410000e+04	2.40000000e+01	2.80000000e+01	4.20000000e+01
10	4.90210000e+04	2.40000000e+01	2.90000000e+01	4.30000000e+01
11	4.95920000e+04	2.70000000e+01	3.10000000e+01	4.50000000e+01
12	5.01270000e+04	2.70000000e+01	3.10000000e+01	4.50000000e+01
13	5.05730000e+04	2.70000000e+01	3.10000000e+01	4.50000000e+01
14	5.10650000e+04	2.70000000e+01	3.10000000e+01	4.50000000e+01
15	5.15830000e+04	2.70000000e+01	3.10000000e+01	4.50000000e+01
16	5.20890000e+04	2.70000000e+01	3.10000000e+01	4.50000000e+01
17	5.26230000e+04	2.70000000e+01	3.10000000e+01	4.50000000e+01
18	5.32830000e+04	2.70000000e+01	3.30000000e+01	4.70000000e+01
19	5.37350000e+04	2.70000000e+01	3.30000000e+01	4.70000000e+01
20	5.42910000e+04	2.70000000e+01	3.30000000e+01	4.70000000e+01
21	5.46690000e+04	2.70000000e+01	3.30000000e+01	4.70000000e+01
22	5.50020000e+04	2.70000000e+01	3.30000000e+01	4.70000000e+01
23	5.54630000e+04	2.70000000e+01	3.30000000e+01	4.70000000e+01
24	5.59030000e+04	2.70000000e+01	3.30000000e+01	4.70000000e+01
25	5.63660000e+04	2.70000000e+01	3.30000000e+01	4.70000000e+01
26	5.67650000e+04	2.80000000e+01	3.40000000e+01	4.80000000e+01
27	5.71720000e+04	2.80000000e+01	3.40000000e+01	4.80000000e+01
28	5.75670000e+04	2.80000000e+01	3.40000000e+01	4.80000000e+01
29	5.79630000e+04	2.80000000e+01	3.40000000e+01	4.80000000e+01
30	5.83970000e+04	2.80000000e+01	3.40000000e+01	4.80000000e+01
31	5.88510000e+04	2.80000000e+01	3.40000000e+01	4.80000000e+01
32	5.91940000e+04	2.80000000e+01	3.40000000e+01	4.80000000e+01
33	5.94810000e+04	2.80000000e+01	3.40000000e+01	4.80000000e+01
34	5.98050000e+04	2.80000000e+01	3.40000000e+01	4.80000000e+01
35	6.01420000e+04	2.80000000e+01	3.40000000e+01	4.80000000e+01
36	6.04880000e+04	2.80000000e+01	3.40000000e+01	4.80000000e+01
37	6.08570000e+04	2.80000000e+01	3.40000000e+01	4.80000000e+01
38	6.11890000e+04	2.80000000e+01	3.40000000e+01	4.80000000e+01
39	6.14810000e+04	2.80000000e+01	3.40000000e+01	4.80000000e+01
40	6.17450000e+04	2.80000000e+01	3.40000000e+01	4.80000000e+01
41	6.20240000e+04	2.80000000e+01	3.40000000e+01	4.80000000e+01
42	6.23090000e+04	2.80000000e+01	3.40000000e+01	4.80000000e+01
43	6.26100000e+04	2.80000000e+01	3.40000000e+01	4.80000000e+01
44	6.29780000e+04	3.10000000e+01	3.50000000e+01	4.90000000e+01
45	6.33260000e+04	3.10000000e+01	3.50000000e+01	4.90000000e+01
46	6.38120000e+04	3.10000000e+01	3.50000000e+01	4.90000000e+01
47	6.42270000e+04	3.10000000e+01	3.50000000e+01	4.90000000e+01
48	6.45560000e+04	3.10000000e+01	3.50000000e+01	4.90000000e+01
49	6.48940000e+04	3.10000000e+01	3.50000000e+01	4.90000000e+01
50	6.52880000e+04	3.10000000e+01	3.70000000e+01	5.10000000e+01
51	6.52880000e+04	3.10000000e+01	3.70000000e+01	5.10000000e+01
52	6.52880000e+04	3.10000000e+01	3.70000000e+01	5.10000000e+01
53	6.56410000e+04	3.10000000e+01	3.70000000e+01	5.10000000e+01
54	6.60210000e+04	3.10000000e+01	3.70000000e+01	5.10000000e+01
55	6.63290000e+04	3.10000000e+01	3.70000000e+01	5.10000000e+01
56	6.66580000e+04	3.10000000e+01	3.70000000e+01	5.10000000e+01
57	6.70040000e+04	3.10000000e+01	3.70000000e+01	5.10000000e+01
58	6.74210000e+04	3.10000000e+01	3.70000000e+01	5.10000000e+01
59	6.78120000e+04	3.10000000e+01	3.70000000e+01	5.10000000e+01
60	6.81580000e+04	3.10000000e+01	3.70000000e+01	5.10000000e+01
61	6.84190000e+04	3.10000000e+01	3.70000000e+01	5.10000000e+01
62	6.86690000e+04	3.10000000e+01	3.70000000e+01	5.10000000e+01
63	6.88990000e+04	3.10000000e+01	3.70000000e+01	5.10000000e+01
64	6.91840000e+04	3.30000000e+01	3.80000000e+01	5.20000000e+01
65	6.94890000e+04	3.30000000e+01	3.80000000e+01	5.20000000e+01
66	6.98450000e+04	3.30000000e+01	3.80000000e+01	5.20000000e+01
67	6.98450000e+04	3.30000000e+01	3.80000000e+01	5.20000000e+01
68	7.00750000e+04	3.20000000e+01	3.90000000e+01	5.30000000e+01
69	7.03780000e+04	3.20000000e+01	3.90000000e+01	5.30000000e+01
70	7.06640000e+04	3.30000000e+01	4.00000000e+01	5.40000000e+01
71	7.09750000e+04	3.30000000e+01	4.00000000e+01	5.40000000e+01
72	7.13110000e+04	3.30000000e+01	4.00000000e+01	5.40000000e+01
73	7.15760000e+04	3.30000000e+01	4.00000000e+01	5.40000000e+01
74	7.18330000e+04	3.30000000e+01	4.00000000e+01	5.40000000e+01
75	7.20830000e+04	3.30000000e+01	4.00000000e+01	5.40000000e+01
76	7.23420000e+04	3.30000000e+01	4.00000000e+01	5.40000000e+01
77	7.26130000e+04	3.30000000e+01	4.00000000e+01	5.40000000e+01
78	7.28320000e+04	3.30000000e+01	4.00000000e+01	5.40000000e+01
79	7.31190000e+04	3.30000000e+01	4.00000000e+01	5.40000000e+01
80	7.33930000e+04	3.40000000e+01	4.10000000e+01	5.50000000e+01
81	7.36840000e+04	3.40000000e+01	4.10000000e+01	5.50000000e+01
82	7.36840000e+04	3.40000000e+01	4.10000000e+01	5.50000000e+01
83	7.38910000e+04	3.40000000e+01	4.10000000e+01	5.50000000e+01
84	7.40800000e+04	3.40000000e+01	4.10000000e+01	5.50000000e+01
85	7.43230000e+04	3.40000000e+01	4.10000000e+01	5.50000000e+01
86	7.45850000e+04	3.40000000e+01	4.10000000e+01	5.50000000e+01
87	7.48750000e+04	3.40000000e+01	4.10000000e+01	5.50000000e+01
88	7.50900000e+04	3.40000000e+01	4.10000000e+01	5.50000000e+01
89	7.52960000e+04	3.40000000e+01	4.10000000e+01	5.50000000e+01
90	7.55190000e+04	3.40000000e+01	4.10000000e+01	5.50000000e+01
91	7.57150000e+04	3.40000000e+01	4.10000000e+01	5.50000000e+01
92	7.59580000e+04	3.40000000e+01	4.10000000e+01	5.50000000e+01
93	7.62150000e+04	3.40000000e+01	4.10000000e+01	5.50000000e+01
94	7.64950000e+04	3.40000000e+01	4.10000000e+01	5.50000000e+01
95	7.67580000e+04	3.40000000e+01	4.10000000e+01	5.50000000e+01
96	7.70000000e+04	3.40000000e+01	4.10000000e+01	5.50000000e+01
97	7.72150000e+04	3.40000000e+01	4.10000000e+01	5.50000000e+01
98	7.74340000e+04	3.40000000e+01	4.10000000e+01	5.50000000e+01
99	7.76700000e+04	3.40000000e+01	4.10000000e+01	5.50000000e+01
100	7.79760000e+04	3.40000000e+01	4.10000000e+01	5.50000000e+01
