Day_(movie_time)	Views	Users	Rigor	Edits
-460	0.00000000e+00	1.40000000e+01	1.50000000e+01	2.70000000e+01
-459	6.12000000e+02	1.40000000e+01	1.50000000e+01	2.70000000e+01
-458	1.26500000e+03	1.40000000e+01	1.50000000e+01	2.70000000e+01
-457	1.81200000e+03	1.40000000e+01	1.50000000e+01	2.70000000e+01
-456	2.36800000e+03	1.40000000e+01	1.50000000e+01	2.70000000e+01
-455	2.89100000e+03	1.40000000e+01	1.50000000e+01	2.70000000e+01
-454	3.39300000e+03	1.40000000e+01	1.50000000e+01	2.70000000e+01
-453	3.92000000e+03	1.40000000e+01	1.50000000e+01	2.70000000e+01
-452	4.54100000e+03	1.40000000e+01	1.50000000e+01	2.70000000e+01
-451	5.20100000e+03	1.40000000e+01	1.50000000e+01	2.70000000e+01
-450	5.72200000e+03	1.40000000e+01	1.50000000e+01	2.70000000e+01
-449	6.13000000e+03	1.40000000e+01	1.50000000e+01	2.70000000e+01
-448	6.69100000e+03	1.40000000e+01	1.50000000e+01	2.70000000e+01
-447	7.26900000e+03	1.40000000e+01	1.60000000e+01	2.90000000e+01
-446	7.81500000e+03	1.40000000e+01	1.60000000e+01	2.90000000e+01
-445	8.55000000e+03	1.40000000e+01	1.60000000e+01	2.90000000e+01
-444	9.25400000e+03	1.40000000e+01	1.60000000e+01	2.90000000e+01
-443	9.84800000e+03	1.40000000e+01	1.60000000e+01	2.90000000e+01
-442	1.04850000e+04	1.40000000e+01	1.60000000e+01	2.90000000e+01
-441	1.11250000e+04	1.40000000e+01	1.70000000e+01	3.00000000e+01
-440	1.18050000e+04	1.40000000e+01	1.70000000e+01	3.00000000e+01
-439	1.25850000e+04	1.40000000e+01	1.70000000e+01	3.00000000e+01
-438	1.34070000e+04	1.40000000e+01	1.70000000e+01	3.00000000e+01
-437	1.41470000e+04	1.40000000e+01	1.70000000e+01	3.00000000e+01
-436	1.47180000e+04	1.40000000e+01	1.70000000e+01	3.00000000e+01
-435	1.52380000e+04	1.40000000e+01	1.70000000e+01	3.00000000e+01
-434	1.58240000e+04	1.40000000e+01	1.70000000e+01	3.00000000e+01
-433	1.63530000e+04	1.40000000e+01	1.70000000e+01	3.00000000e+01
-432	1.69980000e+04	1.40000000e+01	1.70000000e+01	3.00000000e+01
-431	1.76840000e+04	1.40000000e+01	1.70000000e+01	3.00000000e+01
-430	1.82390000e+04	1.40000000e+01	1.70000000e+01	3.00000000e+01
-429	1.87820000e+04	1.40000000e+01	1.70000000e+01	3.00000000e+01
-428	1.94440000e+04	1.40000000e+01	1.70000000e+01	3.00000000e+01
-427	2.00300000e+04	1.40000000e+01	1.70000000e+01	3.00000000e+01
-426	2.06730000e+04	1.40000000e+01	1.70000000e+01	3.00000000e+01
-425	2.12790000e+04	1.40000000e+01	1.70000000e+01	3.00000000e+01
-424	2.19240000e+04	1.40000000e+01	1.70000000e+01	3.00000000e+01
-423	2.25260000e+04	1.40000000e+01	1.70000000e+01	3.00000000e+01
-422	2.30930000e+04	1.40000000e+01	1.70000000e+01	3.00000000e+01
-421	2.36780000e+04	1.40000000e+01	1.70000000e+01	3.00000000e+01
-420	2.41860000e+04	1.40000000e+01	1.70000000e+01	3.00000000e+01
-419	2.46640000e+04	1.40000000e+01	1.70000000e+01	3.00000000e+01
-418	2.51720000e+04	1.40000000e+01	1.70000000e+01	3.00000000e+01
-417	2.57550000e+04	1.40000000e+01	1.70000000e+01	3.00000000e+01
-416	2.62680000e+04	1.40000000e+01	1.70000000e+01	3.00000000e+01
-415	2.67400000e+04	1.40000000e+01	1.70000000e+01	3.00000000e+01
-414	2.71940000e+04	1.40000000e+01	1.70000000e+01	3.00000000e+01
-413	2.76720000e+04	1.40000000e+01	1.70000000e+01	3.00000000e+01
-412	2.81550000e+04	1.40000000e+01	1.70000000e+01	3.00000000e+01
-411	2.86210000e+04	1.40000000e+01	1.70000000e+01	3.00000000e+01
-410	2.91350000e+04	1.40000000e+01	1.70000000e+01	3.00000000e+01
-409	2.96330000e+04	1.40000000e+01	1.70000000e+01	3.00000000e+01
-408	3.01840000e+04	1.40000000e+01	1.70000000e+01	3.00000000e+01
-407	3.07070000e+04	1.40000000e+01	1.70000000e+01	3.00000000e+01
-406	3.12350000e+04	1.40000000e+01	1.70000000e+01	3.00000000e+01
-405	3.17130000e+04	1.40000000e+01	1.70000000e+01	3.00000000e+01
-404	3.21520000e+04	1.40000000e+01	1.70000000e+01	3.00000000e+01
-403	3.25950000e+04	1.40000000e+01	1.70000000e+01	3.00000000e+01
-402	3.32410000e+04	1.40000000e+01	1.70000000e+01	3.00000000e+01
-401	3.37680000e+04	1.40000000e+01	1.70000000e+01	3.00000000e+01
-400	3.42880000e+04	1.40000000e+01	1.70000000e+01	3.00000000e+01
-399	3.46320000e+04	1.40000000e+01	1.70000000e+01	3.00000000e+01
-398	3.51500000e+04	1.40000000e+01	1.70000000e+01	3.00000000e+01
-397	3.56290000e+04	1.40000000e+01	1.70000000e+01	3.00000000e+01
-396	3.62180000e+04	1.40000000e+01	1.70000000e+01	3.00000000e+01
-395	3.68650000e+04	1.40000000e+01	1.70000000e+01	3.00000000e+01
-394	3.74150000e+04	1.40000000e+01	1.70000000e+01	3.00000000e+01
-393	3.79150000e+04	1.40000000e+01	1.70000000e+01	3.00000000e+01
-392	3.83770000e+04	1.40000000e+01	1.70000000e+01	3.00000000e+01
-391	3.90420000e+04	1.40000000e+01	1.70000000e+01	3.00000000e+01
-390	3.98070000e+04	1.40000000e+01	1.70000000e+01	3.00000000e+01
-389	4.05920000e+04	1.40000000e+01	1.70000000e+01	3.00000000e+01
-388	4.13840000e+04	1.40000000e+01	1.70000000e+01	3.00000000e+01
-387	4.19980000e+04	1.40000000e+01	1.70000000e+01	3.00000000e+01
-386	4.25400000e+04	1.40000000e+01	1.70000000e+01	3.00000000e+01
-385	4.30340000e+04	1.40000000e+01	1.70000000e+01	3.00000000e+01
-384	4.35960000e+04	1.50000000e+01	1.80000000e+01	3.30000000e+01
-383	4.42630000e+04	1.50000000e+01	1.80000000e+01	3.30000000e+01
-382	4.48220000e+04	1.50000000e+01	1.80000000e+01	3.30000000e+01
-381	4.54520000e+04	1.50000000e+01	1.80000000e+01	3.30000000e+01
-380	4.60990000e+04	1.50000000e+01	1.80000000e+01	3.30000000e+01
-379	4.66150000e+04	1.50000000e+01	1.80000000e+01	3.30000000e+01
-378	4.71230000e+04	1.50000000e+01	1.80000000e+01	3.30000000e+01
-377	4.76790000e+04	1.50000000e+01	1.80000000e+01	3.30000000e+01
-376	4.83930000e+04	1.50000000e+01	1.80000000e+01	3.30000000e+01
-375	4.90690000e+04	1.50000000e+01	1.80000000e+01	3.30000000e+01
-374	4.97240000e+04	1.50000000e+01	1.80000000e+01	3.30000000e+01
-373	5.02690000e+04	1.50000000e+01	1.80000000e+01	3.30000000e+01
-372	5.08100000e+04	1.50000000e+01	1.80000000e+01	3.30000000e+01
-371	5.13260000e+04	1.50000000e+01	1.80000000e+01	3.30000000e+01
-370	5.18800000e+04	1.50000000e+01	1.80000000e+01	3.30000000e+01
-369	5.25470000e+04	1.50000000e+01	1.80000000e+01	3.30000000e+01
-368	5.32760000e+04	1.50000000e+01	1.80000000e+01	3.30000000e+01
-367	5.39430000e+04	1.50000000e+01	1.80000000e+01	3.30000000e+01
-366	5.46090000e+04	1.50000000e+01	1.80000000e+01	3.30000000e+01
-365	5.52080000e+04	1.50000000e+01	1.80000000e+01	3.30000000e+01
-364	5.58010000e+04	1.50000000e+01	1.80000000e+01	3.30000000e+01
-363	5.63200000e+04	1.70000000e+01	1.90000000e+01	3.40000000e+01
-362	5.69630000e+04	1.70000000e+01	1.90000000e+01	3.40000000e+01
-361	5.76450000e+04	1.80000000e+01	2.10000000e+01	3.60000000e+01
-360	5.83180000e+04	1.80000000e+01	2.10000000e+01	3.60000000e+01
-359	5.88810000e+04	1.80000000e+01	2.10000000e+01	3.60000000e+01
-358	5.94350000e+04	1.80000000e+01	2.10000000e+01	3.60000000e+01
-357	6.02940000e+04	1.80000000e+01	2.10000000e+01	3.60000000e+01
-356	6.09560000e+04	1.80000000e+01	2.10000000e+01	3.60000000e+01
-355	6.18220000e+04	1.80000000e+01	2.10000000e+01	3.60000000e+01
-354	6.25610000e+04	1.80000000e+01	2.10000000e+01	3.60000000e+01
-353	6.32410000e+04	2.00000000e+01	2.20000000e+01	3.70000000e+01
-352	6.38260000e+04	2.00000000e+01	2.20000000e+01	3.70000000e+01
-351	6.43680000e+04	2.00000000e+01	2.20000000e+01	3.70000000e+01
-350	6.48920000e+04	2.00000000e+01	2.20000000e+01	3.70000000e+01
-349	6.55540000e+04	2.00000000e+01	2.20000000e+01	3.70000000e+01
-348	6.61370000e+04	2.00000000e+01	2.20000000e+01	3.70000000e+01
-347	6.67900000e+04	2.00000000e+01	2.20000000e+01	3.70000000e+01
-346	6.74270000e+04	2.00000000e+01	2.20000000e+01	3.70000000e+01
-345	6.81500000e+04	2.00000000e+01	2.20000000e+01	3.70000000e+01
-344	6.87380000e+04	2.00000000e+01	2.20000000e+01	3.70000000e+01
-343	6.94410000e+04	2.00000000e+01	2.20000000e+01	3.70000000e+01
-342	7.00310000e+04	2.00000000e+01	2.20000000e+01	3.70000000e+01
-341	7.06580000e+04	2.00000000e+01	2.20000000e+01	3.70000000e+01
-340	7.12820000e+04	2.00000000e+01	2.20000000e+01	3.70000000e+01
-339	7.33080000e+04	2.00000000e+01	2.20000000e+01	3.70000000e+01
-338	7.45320000e+04	2.00000000e+01	2.20000000e+01	3.70000000e+01
-337	7.54480000e+04	2.00000000e+01	2.20000000e+01	3.70000000e+01
-336	7.61620000e+04	2.00000000e+01	2.20000000e+01	3.70000000e+01
-335	7.69720000e+04	2.00000000e+01	2.20000000e+01	3.70000000e+01
-334	7.79270000e+04	2.00000000e+01	2.20000000e+01	3.70000000e+01
-333	7.87210000e+04	2.00000000e+01	2.20000000e+01	3.70000000e+01
-332	7.97770000e+04	2.00000000e+01	2.20000000e+01	3.70000000e+01
-331	8.05890000e+04	2.00000000e+01	2.20000000e+01	3.70000000e+01
-330	8.13420000e+04	2.00000000e+01	2.20000000e+01	3.70000000e+01
-329	8.19460000e+04	2.00000000e+01	2.20000000e+01	3.70000000e+01
-328	8.25260000e+04	2.00000000e+01	2.20000000e+01	3.70000000e+01
-327	8.30900000e+04	2.00000000e+01	2.20000000e+01	3.70000000e+01
-326	8.37320000e+04	2.00000000e+01	2.20000000e+01	3.70000000e+01
-325	8.44050000e+04	2.00000000e+01	2.20000000e+01	3.70000000e+01
-324	8.49360000e+04	2.00000000e+01	2.20000000e+01	3.70000000e+01
-323	8.55540000e+04	2.00000000e+01	2.20000000e+01	3.70000000e+01
-322	8.61000000e+04	2.00000000e+01	2.20000000e+01	3.70000000e+01
-321	8.66240000e+04	2.00000000e+01	2.20000000e+01	3.70000000e+01
-320	8.71840000e+04	2.00000000e+01	2.20000000e+01	3.70000000e+01
-319	8.78300000e+04	2.00000000e+01	2.20000000e+01	3.70000000e+01
-318	8.85730000e+04	2.00000000e+01	2.20000000e+01	3.70000000e+01
-317	8.91670000e+04	2.00000000e+01	2.20000000e+01	3.70000000e+01
-316	8.98350000e+04	2.00000000e+01	2.20000000e+01	3.70000000e+01
-315	9.04670000e+04	2.00000000e+01	2.20000000e+01	3.70000000e+01
-314	9.09790000e+04	2.00000000e+01	2.20000000e+01	3.70000000e+01
-313	9.15290000e+04	2.00000000e+01	2.20000000e+01	3.70000000e+01
-312	9.21920000e+04	2.00000000e+01	2.20000000e+01	3.70000000e+01
-311	9.29280000e+04	2.00000000e+01	2.20000000e+01	3.70000000e+01
-310	9.35720000e+04	2.00000000e+01	2.20000000e+01	3.70000000e+01
-309	9.41600000e+04	2.00000000e+01	2.20000000e+01	3.70000000e+01
-308	9.47590000e+04	2.00000000e+01	2.20000000e+01	3.70000000e+01
-307	9.53860000e+04	2.00000000e+01	2.20000000e+01	3.70000000e+01
-306	9.60070000e+04	2.00000000e+01	2.20000000e+01	3.70000000e+01
-305	9.67750000e+04	2.00000000e+01	2.20000000e+01	3.70000000e+01
-304	9.76090000e+04	2.00000000e+01	2.20000000e+01	3.70000000e+01
-303	9.82220000e+04	2.00000000e+01	2.20000000e+01	3.70000000e+01
-302	9.87450000e+04	2.00000000e+01	2.20000000e+01	3.70000000e+01
-301	9.93520000e+04	2.00000000e+01	2.20000000e+01	3.70000000e+01
-300	1.00008000e+05	2.00000000e+01	2.20000000e+01	3.70000000e+01
-299	1.00636000e+05	2.00000000e+01	2.20000000e+01	3.70000000e+01
-298	1.01927000e+05	2.00000000e+01	2.20000000e+01	3.70000000e+01
-297	1.02700000e+05	2.00000000e+01	2.20000000e+01	3.70000000e+01
-296	1.03365000e+05	2.00000000e+01	2.20000000e+01	3.70000000e+01
-295	1.04010000e+05	2.00000000e+01	2.20000000e+01	3.70000000e+01
-294	1.04651000e+05	2.00000000e+01	2.30000000e+01	3.80000000e+01
-293	1.05389000e+05	2.00000000e+01	2.30000000e+01	3.80000000e+01
-292	1.06124000e+05	2.00000000e+01	2.30000000e+01	3.80000000e+01
-291	1.06813000e+05	2.00000000e+01	2.30000000e+01	3.80000000e+01
-290	1.09949000e+05	2.00000000e+01	2.30000000e+01	3.80000000e+01
-289	1.13747000e+05	2.00000000e+01	2.30000000e+01	3.80000000e+01
-288	1.15652000e+05	2.00000000e+01	2.30000000e+01	3.80000000e+01
-287	1.17111000e+05	2.00000000e+01	2.30000000e+01	3.80000000e+01
-286	1.18017000e+05	2.00000000e+01	2.30000000e+01	3.80000000e+01
-285	1.18899000e+05	2.00000000e+01	2.30000000e+01	3.80000000e+01
-284	1.19779000e+05	2.00000000e+01	2.30000000e+01	3.80000000e+01
-283	1.20645000e+05	2.00000000e+01	2.30000000e+01	3.80000000e+01
-282	1.21373000e+05	2.00000000e+01	2.30000000e+01	3.80000000e+01
-281	1.22098000e+05	2.00000000e+01	2.30000000e+01	3.80000000e+01
-280	1.22758000e+05	2.00000000e+01	2.30000000e+01	3.80000000e+01
-279	1.23390000e+05	2.00000000e+01	2.30000000e+01	3.80000000e+01
-278	1.24000000e+05	2.00000000e+01	2.30000000e+01	3.80000000e+01
-277	1.24686000e+05	2.00000000e+01	2.30000000e+01	3.80000000e+01
-276	1.25344000e+05	2.00000000e+01	2.30000000e+01	3.80000000e+01
-275	1.25880000e+05	2.00000000e+01	2.30000000e+01	3.80000000e+01
-274	1.28159000e+05	2.20000000e+01	2.40000000e+01	3.90000000e+01
-273	1.30063000e+05	2.20000000e+01	2.40000000e+01	3.90000000e+01
-272	1.30826000e+05	2.20000000e+01	2.40000000e+01	3.90000000e+01
-271	1.31514000e+05	2.20000000e+01	2.40000000e+01	3.90000000e+01
-270	1.32288000e+05	2.20000000e+01	2.40000000e+01	3.90000000e+01
-269	1.33077000e+05	2.20000000e+01	2.40000000e+01	3.90000000e+01
-268	1.33636000e+05	2.20000000e+01	2.40000000e+01	3.90000000e+01
-267	1.34229000e+05	2.20000000e+01	2.40000000e+01	3.90000000e+01
-266	1.34649000e+05	2.40000000e+01	2.60000000e+01	4.20000000e+01
-265	1.34690000e+05	2.40000000e+01	2.60000000e+01	4.20000000e+01
-264	1.34717000e+05	2.40000000e+01	2.60000000e+01	4.20000000e+01
-263	1.34738000e+05	2.40000000e+01	2.60000000e+01	4.20000000e+01
-262	1.34754000e+05	2.40000000e+01	2.60000000e+01	4.20000000e+01
-261	1.34783000e+05	2.40000000e+01	2.60000000e+01	4.20000000e+01
-260	1.34805000e+05	2.40000000e+01	2.60000000e+01	4.20000000e+01
-259	1.34828000e+05	2.40000000e+01	2.60000000e+01	4.20000000e+01
-258	1.34843000e+05	2.40000000e+01	2.60000000e+01	4.20000000e+01
-257	1.34854000e+05	2.40000000e+01	2.60000000e+01	4.20000000e+01
-256	1.34871000e+05	2.40000000e+01	2.60000000e+01	4.20000000e+01
-255	1.34881000e+05	2.50000000e+01	2.70000000e+01	4.40000000e+01
-254	1.34888000e+05	2.50000000e+01	2.70000000e+01	4.40000000e+01
-253	1.34893000e+05	2.50000000e+01	2.70000000e+01	4.40000000e+01
-252	1.34904000e+05	2.50000000e+01	2.70000000e+01	4.40000000e+01
-251	1.34912000e+05	2.50000000e+01	2.70000000e+01	4.40000000e+01
-250	1.34916000e+05	2.50000000e+01	2.70000000e+01	4.40000000e+01
-249	1.34918000e+05	2.50000000e+01	2.70000000e+01	4.40000000e+01
-248	1.34927000e+05	2.50000000e+01	2.70000000e+01	4.40000000e+01
-247	1.35078000e+05	2.50000000e+01	2.70000000e+01	4.40000000e+01
-246	1.35092000e+05	2.50000000e+01	2.70000000e+01	4.40000000e+01
-245	1.35100000e+05	2.50000000e+01	2.70000000e+01	4.40000000e+01
-244	1.35103000e+05	2.50000000e+01	2.70000000e+01	4.40000000e+01
-243	1.35107000e+05	2.50000000e+01	2.70000000e+01	4.40000000e+01
-242	1.35110000e+05	2.50000000e+01	2.70000000e+01	4.40000000e+01
-241	1.35118000e+05	2.50000000e+01	2.70000000e+01	4.40000000e+01
-240	1.35122000e+05	2.50000000e+01	2.70000000e+01	4.40000000e+01
-239	1.35127000e+05	2.50000000e+01	2.70000000e+01	4.40000000e+01
-238	1.35131000e+05	2.50000000e+01	2.70000000e+01	4.40000000e+01
-237	1.35141000e+05	2.50000000e+01	2.70000000e+01	4.40000000e+01
-236	1.35147000e+05	2.50000000e+01	2.70000000e+01	4.40000000e+01
-235	1.35150000e+05	2.90000000e+01	2.90000000e+01	4.70000000e+01
-234	1.35157000e+05	2.90000000e+01	2.90000000e+01	4.70000000e+01
-233	1.35161000e+05	2.90000000e+01	2.90000000e+01	4.70000000e+01
-232	1.35171000e+05	2.90000000e+01	2.90000000e+01	4.70000000e+01
-231	1.35173000e+05	2.80000000e+01	3.00000000e+01	4.80000000e+01
-230	1.35179000e+05	2.80000000e+01	3.00000000e+01	4.80000000e+01
-229	1.35188000e+05	2.80000000e+01	3.00000000e+01	4.80000000e+01
-228	1.35193000e+05	2.80000000e+01	3.00000000e+01	4.80000000e+01
-227	1.35195000e+05	2.80000000e+01	3.00000000e+01	4.80000000e+01
-226	1.35203000e+05	2.80000000e+01	3.00000000e+01	4.80000000e+01
-225	1.35205000e+05	3.00000000e+01	3.10000000e+01	4.90000000e+01
-224	1.35212000e+05	3.00000000e+01	3.10000000e+01	4.90000000e+01
-223	1.35217000e+05	3.00000000e+01	3.10000000e+01	4.90000000e+01
-222	1.35221000e+05	3.00000000e+01	3.10000000e+01	4.90000000e+01
-221	1.35228000e+05	3.00000000e+01	3.10000000e+01	4.90000000e+01
-220	1.35232000e+05	3.00000000e+01	3.10000000e+01	4.90000000e+01
-219	1.35242000e+05	3.00000000e+01	3.10000000e+01	4.90000000e+01
-218	1.35247000e+05	3.00000000e+01	3.10000000e+01	4.90000000e+01
-217	1.35256000e+05	3.00000000e+01	3.10000000e+01	4.90000000e+01
-216	1.35258000e+05	3.00000000e+01	3.10000000e+01	4.90000000e+01
-215	1.35264000e+05	3.00000000e+01	3.10000000e+01	4.90000000e+01
-214	1.35268000e+05	3.00000000e+01	3.10000000e+01	4.90000000e+01
-213	1.35270000e+05	3.00000000e+01	3.10000000e+01	4.90000000e+01
-212	1.35274000e+05	3.00000000e+01	3.10000000e+01	4.90000000e+01
-211	1.35278000e+05	3.00000000e+01	3.10000000e+01	4.90000000e+01
-210	1.35285000e+05	3.00000000e+01	3.10000000e+01	4.90000000e+01
-209	1.35289000e+05	3.10000000e+01	3.20000000e+01	5.00000000e+01
-208	1.35294000e+05	3.10000000e+01	3.20000000e+01	5.00000000e+01
-207	1.35302000e+05	3.10000000e+01	3.20000000e+01	5.00000000e+01
-206	1.35311000e+05	3.10000000e+01	3.20000000e+01	5.00000000e+01
-205	1.35318000e+05	3.10000000e+01	3.20000000e+01	5.00000000e+01
-204	1.35318000e+05	3.10000000e+01	3.20000000e+01	5.00000000e+01
-203	1.35322000e+05	3.10000000e+01	3.20000000e+01	5.00000000e+01
-202	1.35359000e+05	3.40000000e+01	3.30000000e+01	5.40000000e+01
-201	1.35376000e+05	3.40000000e+01	3.30000000e+01	5.50000000e+01
-200	1.35388000e+05	3.20000000e+01	3.40000000e+01	5.60000000e+01
-199	1.35402000e+05	3.60000000e+01	3.60000000e+01	5.80000000e+01
-198	1.35458000e+05	3.70000000e+01	3.70000000e+01	6.00000000e+01
-197	1.35464000e+05	3.70000000e+01	3.70000000e+01	6.00000000e+01
-196	1.35469000e+05	3.70000000e+01	3.70000000e+01	6.00000000e+01
-195	1.35475000e+05	3.70000000e+01	3.70000000e+01	6.00000000e+01
-194	1.35481000e+05	3.70000000e+01	3.70000000e+01	6.00000000e+01
-193	1.35485000e+05	3.70000000e+01	3.70000000e+01	6.00000000e+01
-192	1.35491000e+05	3.70000000e+01	3.70000000e+01	6.00000000e+01
-191	1.35498000e+05	3.70000000e+01	3.70000000e+01	6.00000000e+01
-190	1.35504000e+05	3.80000000e+01	3.80000000e+01	6.10000000e+01
-189	1.35506000e+05	3.70000000e+01	4.00000000e+01	6.30000000e+01
-188	1.35509000e+05	3.70000000e+01	4.00000000e+01	6.30000000e+01
-187	1.35514000e+05	3.70000000e+01	4.00000000e+01	6.30000000e+01
-186	1.35519000e+05	3.70000000e+01	4.00000000e+01	6.30000000e+01
-185	1.35523000e+05	3.70000000e+01	4.00000000e+01	6.30000000e+01
-184	1.35526000e+05	3.70000000e+01	4.00000000e+01	6.30000000e+01
-183	1.35531000e+05	3.70000000e+01	4.00000000e+01	6.30000000e+01
-182	1.35539000e+05	3.70000000e+01	4.00000000e+01	6.30000000e+01
-181	1.35541000e+05	3.70000000e+01	4.00000000e+01	6.30000000e+01
-180	1.35548000e+05	3.70000000e+01	4.00000000e+01	6.30000000e+01
-179	1.35553000e+05	3.70000000e+01	4.00000000e+01	6.30000000e+01
-178	1.35556000e+05	3.70000000e+01	4.00000000e+01	6.30000000e+01
-177	1.35565000e+05	3.70000000e+01	4.00000000e+01	6.30000000e+01
-176	1.35568000e+05	3.90000000e+01	4.10000000e+01	6.80000000e+01
-175	1.35576000e+05	3.90000000e+01	4.10000000e+01	6.80000000e+01
-174	1.35582000e+05	3.90000000e+01	4.10000000e+01	6.80000000e+01
-173	1.35587000e+05	3.90000000e+01	4.10000000e+01	6.80000000e+01
-172	1.35591000e+05	3.90000000e+01	4.10000000e+01	6.80000000e+01
-171	1.35594000e+05	3.90000000e+01	4.10000000e+01	6.80000000e+01
-170	1.35608000e+05	3.90000000e+01	4.10000000e+01	6.80000000e+01
-169	1.35617000e+05	3.90000000e+01	4.10000000e+01	6.80000000e+01
-168	1.35626000e+05	3.90000000e+01	4.10000000e+01	6.80000000e+01
-167	1.35635000e+05	3.90000000e+01	4.10000000e+01	6.80000000e+01
-166	1.35639000e+05	3.90000000e+01	4.10000000e+01	6.80000000e+01
-165	1.35646000e+05	4.00000000e+01	4.20000000e+01	6.90000000e+01
-164	1.35650000e+05	4.00000000e+01	4.20000000e+01	6.90000000e+01
-163	1.35652000e+05	4.00000000e+01	4.20000000e+01	6.90000000e+01
-162	1.35657000e+05	4.00000000e+01	4.20000000e+01	6.90000000e+01
-161	1.35660000e+05	4.00000000e+01	4.20000000e+01	6.90000000e+01
-160	1.35663000e+05	4.00000000e+01	4.20000000e+01	6.90000000e+01
-159	1.35668000e+05	4.00000000e+01	4.20000000e+01	6.90000000e+01
-158	1.35669000e+05	4.70000000e+01	4.30000000e+01	7.10000000e+01
-157	1.35674000e+05	4.70000000e+01	4.30000000e+01	7.10000000e+01
-156	1.35685000e+05	4.70000000e+01	4.30000000e+01	7.10000000e+01
-155	1.35689000e+05	4.70000000e+01	4.30000000e+01	7.10000000e+01
-154	1.35692000e+05	4.70000000e+01	4.30000000e+01	7.10000000e+01
-153	1.35696000e+05	4.70000000e+01	4.30000000e+01	7.10000000e+01
-152	1.35704000e+05	4.70000000e+01	4.30000000e+01	7.10000000e+01
-151	1.35711000e+05	4.70000000e+01	4.30000000e+01	7.10000000e+01
-150	1.35719000e+05	4.70000000e+01	4.30000000e+01	7.10000000e+01
-149	1.35723000e+05	4.70000000e+01	4.30000000e+01	7.10000000e+01
-148	1.35734000e+05	4.70000000e+01	4.30000000e+01	7.10000000e+01
-147	1.35737000e+05	4.70000000e+01	4.30000000e+01	7.10000000e+01
-146	1.35744000e+05	4.60000000e+01	4.40000000e+01	7.20000000e+01
-145	1.35747000e+05	4.60000000e+01	4.40000000e+01	7.20000000e+01
-144	1.35750000e+05	4.60000000e+01	4.40000000e+01	7.20000000e+01
-143	1.35754000e+05	4.60000000e+01	4.40000000e+01	7.20000000e+01
-142	1.35758000e+05	4.60000000e+01	4.40000000e+01	7.20000000e+01
-141	1.35765000e+05	4.60000000e+01	4.40000000e+01	7.20000000e+01
-140	1.35769000e+05	4.60000000e+01	4.40000000e+01	7.20000000e+01
-139	1.35774000e+05	4.60000000e+01	4.40000000e+01	7.20000000e+01
-138	1.35778000e+05	4.60000000e+01	4.40000000e+01	7.20000000e+01
-137	1.35780000e+05	4.60000000e+01	4.40000000e+01	7.20000000e+01
-136	1.35794000e+05	4.60000000e+01	4.40000000e+01	7.20000000e+01
-135	1.35797000e+05	4.60000000e+01	4.40000000e+01	7.20000000e+01
-134	1.35804000e+05	4.60000000e+01	4.40000000e+01	7.20000000e+01
-133	1.35811000e+05	4.60000000e+01	4.40000000e+01	7.20000000e+01
-132	1.35820000e+05	4.60000000e+01	4.40000000e+01	7.20000000e+01
-131	1.35827000e+05	4.60000000e+01	4.40000000e+01	7.20000000e+01
-130	1.35834000e+05	4.60000000e+01	4.40000000e+01	7.20000000e+01
-129	1.35842000e+05	4.60000000e+01	4.40000000e+01	7.20000000e+01
-128	1.35848000e+05	4.60000000e+01	4.40000000e+01	7.20000000e+01
-127	1.35848000e+05	4.60000000e+01	4.40000000e+01	7.20000000e+01
-126	1.35851000e+05	4.60000000e+01	4.40000000e+01	7.20000000e+01
-125	1.35851000e+05	4.60000000e+01	4.40000000e+01	7.20000000e+01
-124	1.35851000e+05	4.60000000e+01	4.40000000e+01	7.20000000e+01
-123	1.35851000e+05	4.60000000e+01	4.40000000e+01	7.20000000e+01
-122	1.35869000e+05	4.60000000e+01	4.40000000e+01	7.20000000e+01
-121	1.35876000e+05	4.60000000e+01	4.40000000e+01	7.20000000e+01
-120	1.35885000e+05	4.60000000e+01	4.40000000e+01	7.20000000e+01
-119	1.35891000e+05	4.60000000e+01	4.40000000e+01	7.20000000e+01
-118	1.35901000e+05	4.60000000e+01	4.40000000e+01	7.20000000e+01
-117	1.35912000e+05	4.60000000e+01	4.40000000e+01	7.20000000e+01
-116	1.35919000e+05	4.60000000e+01	4.40000000e+01	7.20000000e+01
-115	1.35964000e+05	4.60000000e+01	4.40000000e+01	7.20000000e+01
-114	1.35979000e+05	4.60000000e+01	4.40000000e+01	7.20000000e+01
-113	1.35996000e+05	4.60000000e+01	4.40000000e+01	7.20000000e+01
-112	1.36008000e+05	4.60000000e+01	4.40000000e+01	7.20000000e+01
-111	1.36017000e+05	4.60000000e+01	4.40000000e+01	7.20000000e+01
-110	1.36026000e+05	4.60000000e+01	4.40000000e+01	7.20000000e+01
-109	1.36034000e+05	4.60000000e+01	4.40000000e+01	7.20000000e+01
-108	1.36041000e+05	4.60000000e+01	4.40000000e+01	7.20000000e+01
-107	1.36051000e+05	4.60000000e+01	4.40000000e+01	7.20000000e+01
-106	1.36051000e+05	4.60000000e+01	4.40000000e+01	7.20000000e+01
-105	1.36051000e+05	4.60000000e+01	4.50000000e+01	7.60000000e+01
-104	1.36051000e+05	4.60000000e+01	4.60000000e+01	7.70000000e+01
-103	1.36081000e+05	4.80000000e+01	4.80000000e+01	8.10000000e+01
-102	1.36098000e+05	4.80000000e+01	4.90000000e+01	8.20000000e+01
-101	1.36123000e+05	4.80000000e+01	4.90000000e+01	8.20000000e+01
-100	1.36148000e+05	4.80000000e+01	4.90000000e+01	8.20000000e+01
-99	1.36160000e+05	5.10000000e+01	5.00000000e+01	8.30000000e+01
-98	1.36174000e+05	5.10000000e+01	5.30000000e+01	8.60000000e+01
-97	1.36196000e+05	5.10000000e+01	5.30000000e+01	8.60000000e+01
-96	1.36215000e+05	5.10000000e+01	5.30000000e+01	8.60000000e+01
-95	1.36233000e+05	5.10000000e+01	5.30000000e+01	8.60000000e+01
-94	1.36247000e+05	5.30000000e+01	5.40000000e+01	8.80000000e+01
-93	1.36259000e+05	5.30000000e+01	5.40000000e+01	8.80000000e+01
-92	1.36282000e+05	5.30000000e+01	5.40000000e+01	8.80000000e+01
-91	1.36289000e+05	5.30000000e+01	5.40000000e+01	8.80000000e+01
-90	1.36305000e+05	5.30000000e+01	5.40000000e+01	8.80000000e+01
-89	1.36321000e+05	5.30000000e+01	5.40000000e+01	8.80000000e+01
-88	1.36329000e+05	5.30000000e+01	5.40000000e+01	8.80000000e+01
-87	1.36347000e+05	5.30000000e+01	5.40000000e+01	8.80000000e+01
-86	1.36364000e+05	5.30000000e+01	5.40000000e+01	8.80000000e+01
-85	1.36376000e+05	5.30000000e+01	5.40000000e+01	8.80000000e+01
-84	1.36391000e+05	5.30000000e+01	5.40000000e+01	8.80000000e+01
-83	1.36405000e+05	5.30000000e+01	5.40000000e+01	8.80000000e+01
-82	1.36411000e+05	5.30000000e+01	5.40000000e+01	8.80000000e+01
-81	1.36428000e+05	5.30000000e+01	5.40000000e+01	8.80000000e+01
-80	1.36447000e+05	5.20000000e+01	5.50000000e+01	8.90000000e+01
-79	1.36464000e+05	5.20000000e+01	5.50000000e+01	8.90000000e+01
-78	1.36474000e+05	5.20000000e+01	5.50000000e+01	8.90000000e+01
-77	1.36485000e+05	5.20000000e+01	5.50000000e+01	8.90000000e+01
-76	1.36493000e+05	5.20000000e+01	5.50000000e+01	8.90000000e+01
-75	1.36499000e+05	5.20000000e+01	5.50000000e+01	8.90000000e+01
-74	1.36499000e+05	5.20000000e+01	5.50000000e+01	8.90000000e+01
-73	1.36509000e+05	5.20000000e+01	5.50000000e+01	8.90000000e+01
-72	1.36519000e+05	5.20000000e+01	5.50000000e+01	8.90000000e+01
-71	1.36526000e+05	5.20000000e+01	5.50000000e+01	8.90000000e+01
-70	1.36532000e+05	5.20000000e+01	5.50000000e+01	8.90000000e+01
-69	1.36539000e+05	5.20000000e+01	5.50000000e+01	8.90000000e+01
-68	1.36548000e+05	5.20000000e+01	5.50000000e+01	8.90000000e+01
-67	1.36548000e+05	5.20000000e+01	5.50000000e+01	8.90000000e+01
-66	1.36560000e+05	5.20000000e+01	5.50000000e+01	8.90000000e+01
-65	1.36563000e+05	5.20000000e+01	5.50000000e+01	8.90000000e+01
-64	1.36575000e+05	5.20000000e+01	5.60000000e+01	9.00000000e+01
-63	1.36585000e+05	5.20000000e+01	5.60000000e+01	9.00000000e+01
-62	1.36592000e+05	5.20000000e+01	5.60000000e+01	9.00000000e+01
-61	1.36598000e+05	5.20000000e+01	5.60000000e+01	9.00000000e+01
-60	1.36608000e+05	5.20000000e+01	5.60000000e+01	9.00000000e+01
-59	1.36615000e+05	5.20000000e+01	5.60000000e+01	9.00000000e+01
-58	1.36617000e+05	5.20000000e+01	5.60000000e+01	9.00000000e+01
-57	1.36629000e+05	5.20000000e+01	5.60000000e+01	9.00000000e+01
-56	1.36633000e+05	5.20000000e+01	5.60000000e+01	9.00000000e+01
-55	1.36643000e+05	5.20000000e+01	5.60000000e+01	9.00000000e+01
-54	1.36649000e+05	5.20000000e+01	5.60000000e+01	9.00000000e+01
-53	1.36665000e+05	5.20000000e+01	5.60000000e+01	9.00000000e+01
-52	1.36669000e+05	5.20000000e+01	5.60000000e+01	9.00000000e+01
-51	1.36682000e+05	6.00000000e+01	5.70000000e+01	9.30000000e+01
-50	1.36697000e+05	6.00000000e+01	5.70000000e+01	9.30000000e+01
-49	1.36720000e+05	6.00000000e+01	5.70000000e+01	9.30000000e+01
-48	1.36730000e+05	6.00000000e+01	5.70000000e+01	9.30000000e+01
-47	1.36737000e+05	6.00000000e+01	5.70000000e+01	9.30000000e+01
-46	1.36751000e+05	6.10000000e+01	5.80000000e+01	9.50000000e+01
-45	1.36763000e+05	6.10000000e+01	5.80000000e+01	9.50000000e+01
-44	1.36792000e+05	6.10000000e+01	5.80000000e+01	9.50000000e+01
-43	1.36808000e+05	6.10000000e+01	5.80000000e+01	9.50000000e+01
-42	1.36819000e+05	6.10000000e+01	5.80000000e+01	9.50000000e+01
-41	1.36827000e+05	6.10000000e+01	5.80000000e+01	9.50000000e+01
-40	1.36849000e+05	6.10000000e+01	5.80000000e+01	9.50000000e+01
-39	1.36865000e+05	6.20000000e+01	5.90000000e+01	9.70000000e+01
-38	1.36893000e+05	6.20000000e+01	5.90000000e+01	9.70000000e+01
-37	1.36923000e+05	6.20000000e+01	5.90000000e+01	9.70000000e+01
-36	1.36990000e+05	6.20000000e+01	5.90000000e+01	9.70000000e+01
-35	1.37035000e+05	6.20000000e+01	5.90000000e+01	9.70000000e+01
-34	1.37110000e+05	6.20000000e+01	5.90000000e+01	9.70000000e+01
-33	1.37219000e+05	6.20000000e+01	5.90000000e+01	9.70000000e+01
-32	1.37285000e+05	6.20000000e+01	5.90000000e+01	9.70000000e+01
-31	1.37341000e+05	6.20000000e+01	5.90000000e+01	9.70000000e+01
-30	1.37422000e+05	6.20000000e+01	5.90000000e+01	9.70000000e+01
-29	1.37517000e+05	6.20000000e+01	5.90000000e+01	9.70000000e+01
-28	1.37592000e+05	6.30000000e+01	6.10000000e+01	9.90000000e+01
-27	1.37720000e+05	6.30000000e+01	6.20000000e+01	1.00000000e+02
-26	1.37890000e+05	6.70000000e+01	6.50000000e+01	1.03000000e+02
-25	1.38002000e+05	6.60000000e+01	6.70000000e+01	1.05000000e+02
-24	1.38167000e+05	6.60000000e+01	6.70000000e+01	1.05000000e+02
-23	1.38371000e+05	6.60000000e+01	6.70000000e+01	1.05000000e+02
-22	1.38617000e+05	6.60000000e+01	6.70000000e+01	1.05000000e+02
-21	1.38859000e+05	6.60000000e+01	6.70000000e+01	1.05000000e+02
-20	1.39112000e+05	6.60000000e+01	6.80000000e+01	1.06000000e+02
-19	1.39297000e+05	6.60000000e+01	6.80000000e+01	1.06000000e+02
-18	1.39661000e+05	6.70000000e+01	7.20000000e+01	1.10000000e+02
-17	1.39965000e+05	7.00000000e+01	7.30000000e+01	1.11000000e+02
-16	1.40142000e+05	7.00000000e+01	7.30000000e+01	1.11000000e+02
-15	1.40303000e+05	7.00000000e+01	7.30000000e+01	1.11000000e+02
-14	1.40429000e+05	7.00000000e+01	7.30000000e+01	1.11000000e+02
-13	1.40603000e+05	6.70000000e+01	7.40000000e+01	1.12000000e+02
-12	1.40742000e+05	6.70000000e+01	7.40000000e+01	1.12000000e+02
-11	1.40915000e+05	6.70000000e+01	7.40000000e+01	1.12000000e+02
-10	1.41176000e+05	7.40000000e+01	7.50000000e+01	1.13000000e+02
-9	1.41372000e+05	7.40000000e+01	7.60000000e+01	1.14000000e+02
-8	1.41549000e+05	7.40000000e+01	7.60000000e+01	1.14000000e+02
-7	1.41712000e+05	7.40000000e+01	7.60000000e+01	1.14000000e+02
-6	1.41947000e+05	7.40000000e+01	7.60000000e+01	1.14000000e+02
-5	1.41947000e+05	7.40000000e+01	7.60000000e+01	1.14000000e+02
-4	1.41947000e+05	7.40000000e+01	7.70000000e+01	1.15000000e+02
-3	1.42269000e+05	7.40000000e+01	7.70000000e+01	1.15000000e+02
-2	1.42537000e+05	7.50000000e+01	8.10000000e+01	1.21000000e+02
-1	1.42765000e+05	7.50000000e+01	8.10000000e+01	1.21000000e+02
0	1.42825000e+05	8.00000000e+01	8.40000000e+01	1.26000000e+02
1	1.43058000e+05	8.60000000e+01	9.10000000e+01	1.34000000e+02
2	1.43183000e+05	9.90000000e+01	1.04000000e+02	1.47000000e+02
3	1.43308000e+05	1.05000000e+02	1.14000000e+02	1.60000000e+02
4	1.43442000e+05	1.11000000e+02	1.21000000e+02	1.72000000e+02
5	1.43486000e+05	1.10000000e+02	1.23000000e+02	1.74000000e+02
6	1.43551000e+05	1.27000000e+02	1.31000000e+02	1.84000000e+02
7	1.43628000e+05	1.31000000e+02	1.37000000e+02	1.94000000e+02
8	1.43708000e+05	1.34000000e+02	1.41000000e+02	1.99000000e+02
9	1.43785000e+05	1.27000000e+02	1.43000000e+02	2.01000000e+02
10	1.43838000e+05	1.29000000e+02	1.46000000e+02	2.04000000e+02
11	1.43838000e+05	1.29000000e+02	1.46000000e+02	2.04000000e+02
12	1.43883000e+05	1.29000000e+02	1.46000000e+02	2.04000000e+02
13	1.43945000e+05	1.29000000e+02	1.46000000e+02	2.04000000e+02
14	1.44004000e+05	1.40000000e+02	1.47000000e+02	2.05000000e+02
15	1.44038000e+05	1.32000000e+02	1.49000000e+02	2.07000000e+02
16	1.44086000e+05	1.43000000e+02	1.50000000e+02	2.08000000e+02
17	1.44145000e+05	1.42000000e+02	1.52000000e+02	2.10000000e+02
18	1.44186000e+05	1.40000000e+02	1.53000000e+02	2.11000000e+02
19	1.44213000e+05	1.51000000e+02	1.57000000e+02	2.15000000e+02
20	1.44245000e+05	1.51000000e+02	1.57000000e+02	2.15000000e+02
21	1.44288000e+05	1.48000000e+02	1.60000000e+02	2.18000000e+02
22	1.44337000e+05	1.52000000e+02	1.61000000e+02	2.19000000e+02
23	1.44376000e+05	1.51000000e+02	1.62000000e+02	2.20000000e+02
24	1.44434000e+05	1.54000000e+02	1.63000000e+02	2.21000000e+02
25	1.44487000e+05	1.55000000e+02	1.65000000e+02	2.28000000e+02
26	1.44526000e+05	1.53000000e+02	1.67000000e+02	2.30000000e+02
27	1.44561000e+05	1.53000000e+02	1.67000000e+02	2.30000000e+02
28	1.44587000e+05	1.58000000e+02	1.68000000e+02	2.31000000e+02
29	1.44618000e+05	1.55000000e+02	1.70000000e+02	2.33000000e+02
30	1.44674000e+05	1.58000000e+02	1.73000000e+02	2.36000000e+02
31	1.44706000e+05	1.67000000e+02	1.76000000e+02	2.39000000e+02
32	1.44740000e+05	1.63000000e+02	1.77000000e+02	2.40000000e+02
33	1.44766000e+05	1.63000000e+02	1.78000000e+02	2.41000000e+02
34	1.44786000e+05	1.66000000e+02	1.81000000e+02	2.45000000e+02
35	1.44816000e+05	1.66000000e+02	1.81000000e+02	2.45000000e+02
36	1.44845000e+05	1.66000000e+02	1.81000000e+02	2.45000000e+02
37	1.44878000e+05	1.67000000e+02	1.82000000e+02	2.46000000e+02
38	1.44892000e+05	1.71000000e+02	1.83000000e+02	2.47000000e+02
39	1.44909000e+05	1.72000000e+02	1.84000000e+02	2.48000000e+02
40	1.44919000e+05	1.72000000e+02	1.84000000e+02	2.48000000e+02
41	1.44938000e+05	1.71000000e+02	1.86000000e+02	2.50000000e+02
42	1.44958000e+05	1.71000000e+02	1.86000000e+02	2.50000000e+02
43	1.44980000e+05	1.77000000e+02	1.87000000e+02	2.51000000e+02
44	1.45000000e+05	1.77000000e+02	1.87000000e+02	2.51000000e+02
45	1.45032000e+05	1.77000000e+02	1.87000000e+02	2.51000000e+02
46	1.45048000e+05	1.77000000e+02	1.87000000e+02	2.51000000e+02
47	1.45066000e+05	1.80000000e+02	1.89000000e+02	2.53000000e+02
48	1.45078000e+05	1.79000000e+02	1.90000000e+02	2.54000000e+02
49	1.45094000e+05	1.79000000e+02	1.90000000e+02	2.54000000e+02
50	1.45109000e+05	1.79000000e+02	1.90000000e+02	2.54000000e+02
51	1.45123000e+05	1.79000000e+02	1.91000000e+02	2.55000000e+02
52	1.45136000e+05	1.83000000e+02	1.92000000e+02	2.56000000e+02
53	1.45152000e+05	1.87000000e+02	1.99000000e+02	2.68000000e+02
54	1.45166000e+05	1.87000000e+02	1.99000000e+02	2.68000000e+02
55	1.45175000e+05	1.87000000e+02	1.99000000e+02	2.68000000e+02
56	1.45193000e+05	1.87000000e+02	1.99000000e+02	2.68000000e+02
57	1.45213000e+05	1.86000000e+02	2.00000000e+02	2.69000000e+02
58	1.45231000e+05	1.86000000e+02	2.00000000e+02	2.69000000e+02
59	1.45248000e+05	1.86000000e+02	2.02000000e+02	2.71000000e+02
60	1.45261000e+05	1.86000000e+02	2.02000000e+02	2.71000000e+02
61	1.45279000e+05	1.86000000e+02	2.02000000e+02	2.71000000e+02
62	1.45296000e+05	1.86000000e+02	2.02000000e+02	2.71000000e+02
63	1.45310000e+05	1.86000000e+02	2.02000000e+02	2.71000000e+02
64	1.45324000e+05	1.86000000e+02	2.02000000e+02	2.71000000e+02
65	1.45340000e+05	1.87000000e+02	2.02000000e+02	2.72000000e+02
66	1.45351000e+05	1.87000000e+02	2.02000000e+02	2.72000000e+02
67	1.45378000e+05	1.87000000e+02	2.04000000e+02	2.74000000e+02
68	1.45393000e+05	1.87000000e+02	2.04000000e+02	2.74000000e+02
69	1.45401000e+05	1.87000000e+02	2.04000000e+02	2.74000000e+02
70	1.45411000e+05	1.87000000e+02	2.04000000e+02	2.74000000e+02
71	1.45429000e+05	1.91000000e+02	2.06000000e+02	2.76000000e+02
72	1.45439000e+05	1.91000000e+02	2.06000000e+02	2.76000000e+02
73	1.45450000e+05	1.91000000e+02	2.06000000e+02	2.76000000e+02
74	1.45466000e+05	1.90000000e+02	2.07000000e+02	2.77000000e+02
75	1.45484000e+05	1.90000000e+02	2.07000000e+02	2.77000000e+02
76	1.45498000e+05	1.90000000e+02	2.07000000e+02	2.77000000e+02
77	1.45513000e+05	1.90000000e+02	2.07000000e+02	2.77000000e+02
78	1.45534000e+05	1.90000000e+02	2.07000000e+02	2.77000000e+02
79	1.45548000e+05	1.90000000e+02	2.07000000e+02	2.77000000e+02
80	1.45561000e+05	1.90000000e+02	2.07000000e+02	2.77000000e+02
81	1.45567000e+05	1.90000000e+02	2.07000000e+02	2.77000000e+02
82	1.45580000e+05	1.90000000e+02	2.07000000e+02	2.77000000e+02
83	1.45594000e+05	1.94000000e+02	2.08000000e+02	2.78000000e+02
84	1.45605000e+05	1.94000000e+02	2.08000000e+02	2.78000000e+02
85	1.45617000e+05	1.90000000e+02	2.09000000e+02	2.79000000e+02
86	1.45631000e+05	1.90000000e+02	2.09000000e+02	2.79000000e+02
87	1.45641000e+05	1.90000000e+02	2.09000000e+02	2.79000000e+02
88	1.45653000e+05	1.90000000e+02	2.09000000e+02	2.79000000e+02
89	1.45669000e+05	1.90000000e+02	2.09000000e+02	2.79000000e+02
90	1.45681000e+05	1.90000000e+02	2.09000000e+02	2.79000000e+02
91	1.45695000e+05	1.90000000e+02	2.09000000e+02	2.79000000e+02
92	1.45711000e+05	1.90000000e+02	2.09000000e+02	2.79000000e+02
93	1.45722000e+05	1.90000000e+02	2.09000000e+02	2.79000000e+02
94	1.45736000e+05	1.90000000e+02	2.09000000e+02	2.79000000e+02
95	1.45743000e+05	1.90000000e+02	2.10000000e+02	2.80000000e+02
96	1.45754000e+05	1.90000000e+02	2.10000000e+02	2.80000000e+02
97	1.45768000e+05	1.95000000e+02	2.11000000e+02	2.81000000e+02
98	1.45788000e+05	1.95000000e+02	2.11000000e+02	2.81000000e+02
99	1.45813000e+05	1.95000000e+02	2.11000000e+02	2.81000000e+02
100	1.45840000e+05	1.95000000e+02	2.11000000e+02	2.81000000e+02
